#C1_0     C2_0      C1_den    C2_den    dC1_den   dC2_den   C1_sol    C2_sol    dC1_sol   dC2_sol   
1.521e-02 3.957e-01 1.671e-02 1.016e-01 0.000e+00 0.000e+00 1.373e-02 3.881e-01 0.000e+00 0.000e+00 
3.957e-01 1.521e-02 4.122e-01 1.624e-02 5.533e-04 2.865e-04 3.847e-01 1.456e-02 2.007e-04 3.474e-05 
1.544e-02 2.861e-01 1.760e-02 1.067e-01 0.000e+00 0.000e+00 1.337e-02 2.787e-01 0.000e+00 0.000e+00 
2.861e-01 1.544e-02 3.152e-01 1.711e-02 2.440e-03 4.478e-04 1.880e-01 9.741e-03 1.923e-02 1.167e-03 
1.558e-02 1.606e-01 2.119e-02 1.040e-01 2.360e-04 4.980e-04 1.199e-02 1.507e-01 3.825e-05 7.702e-05 
1.606e-01 1.558e-02 3.582e-01 3.671e-02 8.845e-04 2.277e-04 5.412e-03 4.365e-04 1.607e-04 2.247e-05 
1.554e-02 1.062e-01 6.142e-02 1.847e-01 4.589e-04 9.323e-04 1.812e-03 7.022e-02 3.776e-05 1.575e-04 
1.062e-01 1.554e-02 3.475e-01 5.347e-02 0.000e+00 0.000e+00 1.066e-04 0.000e+00 0.000e+00 0.000e+00 
1.520e-02 7.592e-02 9.581e-02 2.223e-01 9.916e-04 1.171e-03 3.158e-04 4.063e-02 2.207e-05 8.579e-05 
7.592e-02 1.520e-02 3.491e-01 7.285e-02 1.030e-03 3.969e-04 1.123e-04 0.000e+00 3.917e-06 0.000e+00 
1.551e-02 5.976e-02 1.125e-01 2.294e-01 2.070e-04 6.626e-04 9.011e-05 2.607e-02 3.353e-06 4.195e-05 
5.976e-02 1.551e-02 3.285e-01 8.928e-02 7.180e-04 4.749e-04 9.075e-05 1.496e-07 2.256e-06 1.060e-07 
1.530e-02 4.340e-02 1.333e-01 2.352e-01 4.686e-04 8.216e-04 1.958e-05 1.359e-02 1.370e-06 3.086e-05 
4.340e-02 1.530e-02 3.109e-01 1.118e-01 9.943e-04 7.693e-04 7.900e-05 0.000e+00 4.649e-06 0.000e+00 
1.510e-02 3.156e-02 1.537e-01 2.384e-01 0.000e+00 0.000e+00 4.560e-06 5.701e-03 0.000e+00 0.000e+00 
3.156e-02 1.510e-02 2.889e-01 1.395e-01 7.571e-04 6.283e-04 4.811e-05 2.572e-06 1.481e-06 5.212e-07 
1.542e-02 2.708e-02 1.642e-01 2.340e-01 5.483e-04 5.779e-04 3.453e-06 3.057e-03 5.859e-07 1.486e-05 
2.708e-02 1.542e-02 2.724e-01 1.541e-01 4.483e-04 1.188e-03 3.517e-05 5.192e-06 2.425e-06 7.165e-07 
1.525e-02 1.931e-02 1.930e-01 2.199e-01 9.439e-04 1.019e-03 1.823e-06 5.247e-04 3.345e-07 5.754e-06 
1.931e-02 1.525e-02 2.388e-01 1.842e-01 0.000e+00 0.000e+00 1.207e-05 1.637e-05 0.000e+00 0.000e+00 
1.544e-02 1.544e-02 2.140e-01 2.038e-01 7.017e-04 4.177e-04 4.366e-06 9.715e-05 6.933e-07 2.668e-06 
1.544e-02 1.544e-02 2.140e-01 2.038e-01 7.017e-04 4.177e-04 4.366e-06 9.715e-05 6.933e-07 2.668e-06 
1.509e-02 1.191e-02 2.405e-01 1.842e-01 6.542e-04 6.541e-04 1.214e-05 1.689e-05 1.705e-06 1.287e-06 
1.191e-02 1.509e-02 1.909e-01 2.194e-01 3.522e-04 5.239e-04 1.175e-06 4.644e-04 3.209e-07 8.392e-06 
1.512e-02 8.612e-03 2.720e-01 1.537e-01 8.617e-04 7.273e-04 3.575e-05 3.628e-06 1.545e-06 6.593e-07 
8.612e-03 1.512e-02 1.690e-01 2.304e-01 7.083e-04 6.592e-04 2.458e-06 2.265e-03 5.376e-07 1.278e-05 
1.527e-02 7.307e-03 2.844e-01 1.390e-01 9.195e-04 5.227e-04 5.588e-05 6.978e-07 1.951e-06 1.878e-07 
7.307e-03 1.527e-02 1.599e-01 2.321e-01 6.921e-04 7.031e-04 2.476e-06 3.570e-03 5.284e-07 1.738e-05 
1.514e-02 5.337e-03 3.096e-01 1.137e-01 6.899e-04 5.154e-04 7.453e-05 8.800e-08 2.042e-06 5.144e-08 
5.337e-03 1.514e-02 1.532e-01 2.369e-01 6.230e-04 6.760e-04 6.145e-06 5.928e-03 7.997e-07 2.979e-05 
1.514e-02 3.929e-03 3.340e-01 9.060e-02 8.850e-04 7.167e-04 1.029e-04 5.585e-07 2.346e-06 2.165e-07 
3.929e-03 1.514e-02 1.460e-01 2.357e-01 7.289e-04 1.057e-03 6.019e-06 7.920e-03 1.088e-06 6.914e-05 
1.517e-02 3.037e-03 3.431e-01 7.277e-02 1.268e-03 3.109e-04 1.120e-04 4.338e-07 3.284e-06 2.619e-07 
3.037e-03 1.517e-02 1.445e-01 2.379e-01 0.000e+00 0.000e+00 8.673e-06 9.335e-03 0.000e+00 0.000e+00 
1.517e-02 2.219e-03 3.609e-01 5.572e-02 1.096e-03 3.795e-04 1.319e-04 0.000e+00 6.481e-06 0.000e+00 
2.219e-03 1.517e-02 1.413e-01 2.395e-01 4.536e-04 4.486e-04 1.291e-05 1.070e-02 1.070e-06 6.373e-05 
1.515e-02 1.470e-03 3.704e-01 4.010e-02 7.016e-04 4.357e-04 1.536e-04 0.000e+00 8.073e-06 0.000e+00 
1.470e-03 1.515e-02 1.406e-01 2.398e-01 0.000e+00 0.000e+00 2.598e-05 1.244e-02 0.000e+00 0.000e+00 
1.509e-02 8.142e-04 3.810e-01 2.528e-02 7.208e-04 3.696e-04 1.561e-04 0.000e+00 3.774e-06 0.000e+00 
8.142e-04 1.509e-02 1.411e-01 2.422e-01 2.193e-04 6.764e-04 2.669e-05 1.337e-02 2.884e-06 3.890e-05 
1.526e-02 2.987e-04 3.911e-01 8.659e-03 7.551e-04 2.712e-04 1.738e-04 0.000e+00 7.233e-06 0.000e+00 
2.987e-04 1.526e-02 1.289e-01 2.270e-01 6.049e-04 5.183e-04 7.384e-05 1.458e-02 3.206e-06 3.122e-05 
1.507e-02 1.522e-04 4.002e-01 4.704e-03 9.263e-04 2.039e-04 1.622e-04 0.000e+00 4.886e-06 0.000e+00 
1.522e-04 1.507e-02 1.871e-02 4.684e-02 2.147e-04 3.138e-04 1.044e-04 1.408e-02 3.454e-06 3.756e-05 
8.896e-03 2.315e-01 1.176e-02 6.628e-02 0.000e+00 0.000e+00 7.333e-03 2.241e-01 0.000e+00 0.000e+00 
2.315e-01 8.896e-03 3.635e-01 1.504e-02 5.435e-04 4.384e-04 1.831e-02 5.974e-04 1.494e-04 1.323e-05 
9.023e-03 1.672e-01 1.114e-02 6.349e-02 1.289e-04 3.345e-04 6.912e-03 1.591e-01 3.015e-05 9.147e-05 
1.672e-01 9.023e-03 3.676e-01 2.284e-02 6.956e-04 5.815e-04 1.481e-03 5.517e-05 4.794e-05 2.280e-06 
9.090e-03 9.373e-02 5.916e-02 1.819e-01 3.532e-04 6.641e-04 2.629e-03 7.583e-02 1.271e-05 5.258e-05 
9.373e-02 9.090e-03 3.747e-01 3.836e-02 0.000e+00 0.000e+00 1.229e-04 0.000e+00 0.000e+00 0.000e+00 
8.926e-03 6.103e-02 9.874e-02 2.251e-01 4.264e-04 5.201e-04 3.326e-04 4.018e-02 7.808e-06 5.744e-05 
6.103e-02 8.926e-03 3.599e-01 5.519e-02 1.076e-03 2.506e-04 1.273e-04 0.000e+00 4.160e-06 0.000e+00 
8.568e-03 4.280e-02 1.161e-01 2.322e-01 5.824e-04 7.383e-04 8.032e-05 2.403e-02 4.768e-06 5.812e-05 
4.280e-02 8.568e-03 3.439e-01 7.396e-02 8.933e-04 4.694e-04 1.295e-04 0.000e+00 3.916e-06 0.000e+00 
8.755e-03 3.374e-02 1.286e-01 2.352e-01 5.297e-04 8.392e-04 2.531e-05 1.590e-02 2.219e-06 4.097e-05 
3.374e-02 8.755e-03 3.279e-01 8.837e-02 0.000e+00 0.000e+00 1.171e-04 1.452e-06 0.000e+00 0.000e+00 
8.752e-03 2.483e-02 1.431e-01 2.357e-01 5.266e-04 6.164e-04 1.183e-05 8.783e-03 1.285e-06 3.818e-05 
2.483e-02 8.752e-03 3.095e-01 1.113e-01 0.000e+00 0.000e+00 7.888e-05 0.000e+00 0.000e+00 0.000e+00 
8.511e-03 1.779e-02 1.591e-01 2.342e-01 5.017e-04 7.026e-04 4.007e-06 3.923e-03 4.405e-07 1.364e-05 
1.779e-02 8.511e-03 2.862e-01 1.372e-01 0.000e+00 0.000e+00 4.991e-05 8.258e-07 0.000e+00 0.000e+00 
8.832e-03 1.551e-02 1.680e-01 2.284e-01 0.000e+00 0.000e+00 7.353e-08 2.316e-03 0.000e+00 0.000e+00 
1.551e-02 8.832e-03 2.704e-01 1.533e-01 0.000e+00 0.000e+00 3.541e-05 2.046e-06 0.000e+00 0.000e+00 
8.616e-03 1.091e-02 1.908e-01 2.170e-01 4.828e-04 5.636e-04 2.476e-06 4.241e-04 4.248e-07 6.140e-06 
1.091e-02 8.616e-03 2.348e-01 1.817e-01 7.799e-04 1.058e-03 1.048e-05 1.908e-05 1.111e-06 1.269e-06 
8.696e-03 8.696e-03 2.120e-01 2.015e-01 6.399e-04 6.383e-04 7.736e-06 9.421e-05 4.207e-06 2.483e-06 
8.696e-03 8.696e-03 2.120e-01 2.015e-01 6.399e-04 6.383e-04 7.736e-06 9.421e-05 4.207e-06 2.483e-06 
8.505e-03 6.715e-03 2.403e-01 1.846e-01 6.571e-04 4.717e-04 6.918e-06 1.236e-05 9.038e-07 1.253e-06 
6.715e-03 8.505e-03 1.937e-01 2.190e-01 6.088e-04 4.048e-04 2.737e-06 4.428e-04 4.523e-07 5.251e-06 
8.536e-03 4.860e-03 2.687e-01 1.533e-01 8.886e-04 1.150e-03 3.097e-05 3.238e-06 1.772e-06 5.553e-07 
4.860e-03 8.536e-03 1.742e-01 2.295e-01 5.350e-04 6.684e-04 1.746e-06 1.619e-03 5.393e-07 2.433e-05 
8.694e-03 4.159e-03 2.835e-01 1.366e-01 7.379e-04 4.699e-04 5.231e-05 1.019e-06 1.489e-06 2.707e-07 
4.159e-03 8.694e-03 1.667e-01 2.302e-01 9.661e-04 1.141e-03 3.260e-06 2.385e-03 7.613e-07 1.753e-05 
8.590e-03 3.028e-03 3.092e-01 1.100e-01 0.000e+00 0.000e+00 6.489e-05 1.678e-07 0.000e+00 0.000e+00 
3.028e-03 8.590e-03 1.614e-01 2.333e-01 7.234e-04 6.903e-04 2.697e-06 3.685e-03 6.152e-07 1.732e-05 
8.529e-03 2.213e-03 3.280e-01 9.134e-02 5.505e-04 4.760e-04 9.121e-05 1.562e-07 2.407e-06 8.198e-08 
2.213e-03 8.529e-03 1.568e-01 2.338e-01 6.344e-04 6.944e-04 2.985e-06 4.782e-03 1.104e-06 1.906e-05 
8.612e-03 1.724e-03 3.442e-01 7.269e-02 0.000e+00 0.000e+00 1.092e-04 2.383e-07 0.000e+00 0.000e+00 
1.724e-03 8.612e-03 1.559e-01 2.378e-01 0.000e+00 0.000e+00 5.638e-06 5.669e-03 0.000e+00 0.000e+00 
8.681e-03 1.270e-03 3.534e-01 5.519e-02 1.071e-03 7.144e-04 1.460e-04 0.000e+00 4.170e-06 0.000e+00 
1.270e-03 8.681e-03 1.541e-01 2.395e-01 6.590e-04 7.355e-04 5.514e-06 6.384e-03 7.098e-07 3.385e-05 
8.577e-03 8.317e-04 3.683e-01 4.010e-02 8.076e-04 4.559e-04 1.386e-04 2.794e-07 5.534e-06 1.433e-07 
8.317e-04 8.577e-03 1.517e-01 2.382e-01 1.065e-03 8.615e-04 8.229e-06 7.035e-03 9.888e-07 2.533e-05 
8.604e-03 4.643e-04 3.880e-01 2.359e-02 0.000e+00 0.000e+00 1.481e-04 0.000e+00 0.000e+00 0.000e+00 
4.643e-04 8.604e-03 1.534e-01 2.412e-01 0.000e+00 0.000e+00 6.983e-06 7.734e-03 0.000e+00 0.000e+00 
8.734e-03 1.710e-04 3.914e-01 1.100e-02 9.769e-04 4.058e-04 1.520e-04 0.000e+00 2.743e-06 0.000e+00 
1.710e-04 8.734e-03 8.712e-02 1.448e-01 1.710e-02 2.492e-02 6.919e-05 8.183e-03 1.084e-05 3.232e-05 
8.502e-03 8.588e-05 3.946e-01 4.394e-03 5.626e-04 1.724e-04 1.577e-04 0.000e+00 3.774e-06 0.000e+00 
8.588e-05 8.502e-03 2.130e-02 4.531e-02 0.000e+00 0.000e+00 6.943e-05 8.008e-03 0.000e+00 0.000e+00 
4.921e-03 1.281e-01 1.142e-02 5.596e-02 1.152e-04 2.605e-04 3.594e-03 1.214e-01 1.299e-05 1.190e-04 
1.281e-01 4.921e-03 3.803e-01 1.743e-02 6.669e-04 3.440e-04 3.357e-04 5.114e-06 1.021e-04 2.786e-06 
5.054e-03 9.366e-02 1.141e-02 5.417e-02 1.482e-04 2.637e-04 3.207e-03 8.633e-02 2.315e-05 1.453e-04 
9.366e-02 5.054e-03 3.792e-01 2.532e-02 8.763e-04 2.192e-04 1.486e-04 0.000e+00 4.954e-06 0.000e+00 
5.016e-03 5.172e-02 9.627e-02 2.224e-01 0.000e+00 0.000e+00 3.134e-04 3.998e-02 0.000e+00 0.000e+00 
5.172e-02 5.016e-03 3.758e-01 3.965e-02 5.975e-04 5.486e-04 1.483e-04 0.000e+00 5.415e-06 0.000e+00 
4.954e-03 3.387e-02 1.163e-01 2.312e-01 0.000e+00 0.000e+00 6.385e-05 2.284e-02 0.000e+00 0.000e+00 
3.387e-02 4.954e-03 3.598e-01 5.603e-02 9.570e-04 2.361e-04 1.452e-04 0.000e+00 3.589e-06 0.000e+00 
4.879e-03 2.437e-02 1.320e-01 2.362e-01 4.390e-04 7.814e-04 2.369e-05 1.438e-02 1.568e-06 3.012e-05 
2.437e-02 4.879e-03 3.447e-01 7.292e-02 1.065e-03 6.482e-04 1.177e-04 3.588e-07 2.810e-06 1.939e-07 
5.015e-03 1.933e-02 1.421e-01 2.382e-01 4.998e-04 8.487e-04 9.758e-06 9.849e-03 6.746e-07 4.023e-05 
1.933e-02 5.015e-03 3.310e-01 8.951e-02 1.057e-03 6.835e-04 1.041e-04 8.420e-07 3.723e-06 5.417e-07 
4.856e-03 1.378e-02 1.539e-01 2.343e-01 0.000e+00 0.000e+00 4.512e-06 5.467e-03 0.000e+00 0.000e+00 
1.378e-02 4.856e-03 3.084e-01 1.120e-01 5.937e-04 4.795e-04 8.539e-05 1.748e-07 3.114e-06 9.444e-08 
4.820e-03 1.007e-02 1.661e-01 2.305e-01 0.000e+00 0.000e+00 4.251e-07 2.725e-03 0.000e+00 0.000e+00 
1.007e-02 4.820e-03 2.887e-01 1.390e-01 6.954e-04 6.164e-04 5.013e-05 7.269e-07 1.950e-06 2.594e-07 
4.963e-03 8.716e-03 1.725e-01 2.267e-01 7.984e-04 6.798e-04 2.775e-06 1.617e-03 3.815e-07 1.368e-05 
8.716e-03 4.963e-03 2.685e-01 1.512e-01 8.371e-04 7.241e-04 3.380e-05 2.053e-06 1.766e-06 3.532e-07 
4.832e-03 6.120e-03 1.942e-01 2.153e-01 5.818e-04 8.499e-04 3.255e-06 4.009e-04 4.650e-07 9.208e-06 
6.120e-03 4.832e-03 2.392e-01 1.834e-01 1.217e-03 1.109e-03 1.018e-05 1.532e-05 8.633e-07 1.141e-06 
4.976e-03 4.976e-03 2.165e-01 2.045e-01 9.322e-04 6.324e-04 3.701e-06 9.140e-05 1.098e-06 2.128e-06 
4.976e-03 4.976e-03 2.165e-01 2.045e-01 9.322e-04 6.324e-04 3.701e-06 9.140e-05 1.098e-06 2.128e-06 
4.799e-03 3.789e-03 2.383e-01 1.817e-01 8.656e-04 8.656e-04 8.112e-06 1.478e-05 5.738e-07 8.406e-07 
3.789e-03 4.799e-03 1.972e-01 2.162e-01 5.200e-04 7.538e-04 1.734e-06 3.412e-04 4.608e-07 3.918e-06 
4.838e-03 2.755e-03 2.686e-01 1.518e-01 8.040e-04 6.382e-04 2.937e-05 2.816e-06 3.410e-06 4.521e-07 
2.755e-03 4.838e-03 1.799e-01 2.253e-01 7.184e-04 4.680e-04 1.400e-06 1.100e-03 4.847e-07 1.279e-05 
4.879e-03 2.334e-03 2.856e-01 1.389e-01 7.425e-04 4.334e-04 5.146e-05 1.237e-06 1.601e-06 2.334e-07 
2.334e-03 4.879e-03 1.722e-01 2.245e-01 6.769e-04 5.254e-04 4.067e-06 1.496e-03 5.445e-07 8.040e-06 
4.826e-03 1.701e-03 3.085e-01 1.123e-01 5.527e-04 5.237e-04 7.774e-05 0.000e+00 2.513e-06 0.000e+00 
1.701e-03 4.826e-03 1.678e-01 2.289e-01 4.593e-04 5.694e-04 2.594e-06 2.278e-03 6.723e-07 1.759e-05 
4.857e-03 1.260e-03 3.324e-01 8.987e-02 0.000e+00 0.000e+00 9.942e-05 0.000e+00 0.000e+00 0.000e+00 
1.260e-03 4.857e-03 1.634e-01 2.301e-01 7.678e-04 7.503e-04 3.132e-06 2.879e-03 7.675e-07 1.580e-05 
4.859e-03 9.727e-04 3.431e-01 7.458e-02 6.297e-04 6.220e-04 1.040e-04 0.000e+00 4.050e-06 0.000e+00 
9.727e-04 4.859e-03 1.657e-01 2.335e-01 1.087e-03 6.657e-04 3.951e-06 3.323e-03 1.702e-06 1.672e-05 
4.854e-03 7.100e-04 3.568e-01 5.681e-02 9.079e-04 4.216e-04 1.393e-04 0.000e+00 7.486e-06 0.000e+00 
7.100e-04 4.854e-03 1.652e-01 2.363e-01 6.091e-04 2.983e-04 6.042e-06 3.661e-03 7.940e-07 1.507e-05 
4.843e-03 4.696e-04 3.680e-01 4.223e-02 9.989e-04 4.249e-04 1.372e-04 0.000e+00 5.513e-06 0.000e+00 
4.696e-04 4.843e-03 1.635e-01 2.361e-01 6.514e-04 6.932e-04 5.980e-06 4.027e-03 7.741e-07 2.292e-05 
4.816e-03 2.599e-04 3.819e-01 2.599e-02 1.370e-03 9.017e-04 1.499e-04 0.000e+00 7.123e-06 0.000e+00 
2.599e-04 4.816e-03 1.657e-01 2.402e-01 5.484e-04 8.927e-04 3.248e-06 4.297e-03 6.398e-07 2.238e-05 
4.831e-03 9.457e-05 3.950e-01 9.326e-03 1.091e-03 3.061e-04 1.543e-04 0.000e+00 6.826e-06 0.000e+00 
9.457e-05 4.831e-03 1.254e-01 1.816e-01 1.028e-02 1.383e-02 3.069e-05 4.555e-03 5.019e-06 3.200e-05 
4.804e-03 4.853e-05 3.981e-01 5.870e-03 1.825e-03 3.875e-04 1.548e-04 0.000e+00 8.961e-06 0.000e+00 
4.853e-05 4.804e-03 2.103e-02 4.163e-02 2.143e-04 3.068e-04 3.338e-05 4.449e-03 4.633e-06 9.702e-05 
2.785e-03 7.248e-02 1.762e-02 6.735e-02 0.000e+00 0.000e+00 1.641e-03 6.665e-02 0.000e+00 0.000e+00 
7.248e-02 2.785e-03 3.920e-01 1.857e-02 9.533e-04 3.941e-04 1.549e-04 0.000e+00 3.472e-06 0.000e+00 
2.809e-03 5.206e-02 8.712e-02 2.104e-01 3.820e-04 4.706e-04 5.564e-04 4.568e-02 6.209e-06 4.243e-05 
5.206e-02 2.809e-03 3.824e-01 2.565e-02 4.652e-04 2.787e-04 1.720e-04 0.000e+00 4.841e-06 0.000e+00 
2.807e-03 2.895e-02 1.200e-01 2.338e-01 5.379e-04 6.845e-04 8.744e-05 2.265e-02 3.479e-06 8.306e-05 
2.895e-02 2.807e-03 3.703e-01 4.066e-02 8.079e-04 3.129e-04 1.550e-04 0.000e+00 6.358e-06 0.000e+00 
2.811e-03 1.922e-02 1.350e-01 2.379e-01 7.623e-04 8.520e-04 1.821e-05 1.343e-02 1.144e-06 3.705e-05 
1.922e-02 2.811e-03 3.579e-01 5.715e-02 8.246e-04 4.140e-04 1.390e-04 0.000e+00 2.665e-06 0.000e+00 
2.712e-03 1.355e-02 1.465e-01 2.364e-01 7.625e-04 8.169e-04 8.842e-06 8.449e-03 7.415e-07 3.798e-05 
1.355e-02 2.712e-03 3.423e-01 7.295e-02 1.072e-03 6.127e-04 1.166e-04 1.955e-07 3.545e-06 1.027e-07 
2.760e-03 1.064e-02 1.508e-01 2.343e-01 5.234e-04 5.687e-04 3.272e-06 5.818e-03 9.911e-07 2.128e-05 
1.064e-02 2.760e-03 3.297e-01 9.126e-02 0.000e+00 0.000e+00 9.094e-05 0.000e+00 0.000e+00 0.000e+00 
2.746e-03 7.791e-03 1.616e-01 2.327e-01 0.000e+00 0.000e+00 3.722e-06 3.440e-03 0.000e+00 0.000e+00 
7.791e-03 2.746e-03 3.118e-01 1.123e-01 7.087e-04 4.058e-04 7.349e-05 4.673e-07 6.528e-06 1.232e-07 
2.730e-03 5.706e-03 1.722e-01 2.268e-01 7.133e-04 7.653e-04 2.118e-06 1.722e-03 3.334e-07 1.204e-05 
5.706e-03 2.730e-03 2.837e-01 1.379e-01 4.473e-04 4.233e-04 4.598e-05 2.461e-07 2.192e-06 1.135e-07 
2.755e-03 4.838e-03 1.799e-01 2.253e-01 7.184e-04 4.680e-04 1.400e-06 1.100e-03 4.847e-07 1.279e-05 
4.838e-03 2.755e-03 2.686e-01 1.518e-01 8.040e-04 6.382e-04 2.937e-05 2.816e-06 3.410e-06 4.521e-07 
2.743e-03 3.474e-03 1.950e-01 2.118e-01 8.663e-04 7.869e-04 1.874e-06 2.967e-04 5.146e-07 7.041e-06 
3.474e-03 2.743e-03 2.403e-01 1.838e-01 4.436e-04 7.667e-04 1.035e-05 1.759e-05 8.564e-07 1.379e-06 
2.782e-03 2.782e-03 2.159e-01 2.019e-01 7.236e-04 5.895e-04 2.642e-06 8.279e-05 5.276e-07 3.045e-06 
2.782e-03 2.782e-03 2.159e-01 2.019e-01 7.236e-04 5.895e-04 2.642e-06 8.279e-05 5.276e-07 3.045e-06 
2.712e-03 2.141e-03 2.388e-01 1.819e-01 1.137e-03 8.112e-04 8.369e-06 1.608e-05 6.608e-07 9.152e-07 
2.141e-03 2.712e-03 1.993e-01 2.113e-01 4.807e-04 5.288e-04 1.819e-06 2.849e-04 4.083e-07 9.920e-06 
2.713e-03 1.545e-03 2.726e-01 1.543e-01 9.081e-04 9.316e-04 3.554e-05 2.711e-06 1.832e-06 2.970e-07 
1.545e-03 2.713e-03 1.860e-01 2.218e-01 4.572e-04 4.069e-04 1.791e-06 7.191e-04 3.914e-07 4.898e-06 
2.722e-03 1.302e-03 2.797e-01 1.378e-01 6.776e-04 6.462e-04 5.064e-05 9.170e-07 1.443e-06 1.886e-07 
1.302e-03 2.722e-03 1.819e-01 2.239e-01 0.000e+00 0.000e+00 4.196e-06 9.585e-04 0.000e+00 0.000e+00 
2.703e-03 9.527e-04 3.081e-01 1.121e-01 1.046e-03 6.462e-04 9.089e-05 1.158e-07 5.448e-06 6.748e-08 
9.527e-04 2.703e-03 1.761e-01 2.259e-01 6.283e-04 7.683e-04 1.843e-06 1.379e-03 7.837e-07 2.623e-05 
2.715e-03 7.044e-04 3.264e-01 8.958e-02 5.774e-04 6.189e-04 9.109e-05 0.000e+00 2.445e-06 0.000e+00 
7.044e-04 2.715e-03 1.741e-01 2.277e-01 8.530e-04 4.668e-04 2.881e-06 1.665e-03 6.032e-07 1.130e-05 
2.704e-03 5.413e-04 3.387e-01 7.349e-02 1.582e-03 4.203e-04 1.214e-04 2.556e-07 2.703e-06 1.089e-07 
5.413e-04 2.704e-03 1.748e-01 2.304e-01 7.803e-04 9.084e-04 3.324e-06 1.891e-03 5.084e-07 1.833e-05 
2.724e-03 3.983e-04 3.554e-01 5.990e-02 7.017e-04 4.955e-04 1.284e-04 0.000e+00 5.660e-06 0.000e+00 
3.983e-04 2.724e-03 1.751e-01 2.331e-01 8.023e-04 9.852e-04 5.856e-06 2.179e-03 1.244e-06 1.482e-05 
2.705e-03 2.623e-04 3.671e-01 4.059e-02 1.250e-03 2.979e-04 1.411e-04 0.000e+00 8.886e-06 0.000e+00 
2.623e-04 2.705e-03 1.758e-01 2.354e-01 0.000e+00 0.000e+00 2.319e-06 2.262e-03 0.000e+00 0.000e+00 
2.711e-03 1.463e-04 3.822e-01 2.689e-02 1.031e-03 2.010e-04 1.650e-04 0.000e+00 4.228e-06 0.000e+00 
1.463e-04 2.711e-03 1.791e-01 2.391e-01 5.970e-04 6.248e-04 4.654e-06 2.485e-03 1.229e-06 1.932e-05 
2.734e-03 5.352e-05 3.929e-01 9.136e-03 6.238e-04 2.655e-04 1.742e-04 0.000e+00 3.030e-06 0.000e+00 
5.352e-05 2.734e-03 2.804e-02 4.646e-02 2.755e-04 3.469e-04 4.248e-05 2.502e-03 3.346e-06 1.894e-05 
2.693e-03 2.720e-05 3.935e-01 5.929e-03 1.247e-03 2.966e-04 1.673e-04 0.000e+00 7.081e-06 0.000e+00 
2.720e-05 2.693e-03 2.122e-02 3.751e-02 4.487e-04 5.207e-04 2.273e-05 2.493e-03 1.702e-06 1.865e-05 
1.525e-03 3.970e-02 9.695e-02 2.180e-01 6.433e-04 7.837e-04 3.277e-04 3.646e-02 5.159e-06 5.483e-05 
3.970e-02 1.525e-03 3.839e-01 1.894e-02 1.225e-03 6.062e-04 1.565e-04 0.000e+00 4.298e-06 0.000e+00 
1.581e-03 2.931e-02 1.167e-01 2.342e-01 0.000e+00 0.000e+00 1.276e-04 2.548e-02 0.000e+00 0.000e+00 
2.931e-02 1.581e-03 3.831e-01 2.597e-02 9.341e-04 3.082e-04 1.478e-04 0.000e+00 4.089e-06 0.000e+00 
1.573e-03 1.622e-02 1.387e-01 2.394e-01 8.524e-04 1.125e-03 2.594e-05 1.301e-02 1.470e-06 3.109e-05 
1.622e-02 1.573e-03 3.704e-01 4.036e-02 1.160e-03 5.251e-04 1.351e-04 0.000e+00 3.260e-06 0.000e+00 
1.574e-03 1.076e-02 1.480e-01 2.374e-01 5.451e-04 4.825e-04 1.399e-05 7.882e-03 2.305e-06 3.825e-05 
1.076e-02 1.574e-03 3.601e-01 5.670e-02 0.000e+00 0.000e+00 1.415e-04 0.000e+00 0.000e+00 0.000e+00 
1.541e-03 7.696e-03 1.582e-01 2.367e-01 2.569e-04 5.802e-04 7.245e-06 5.018e-03 8.529e-07 1.426e-05 
7.696e-03 1.541e-03 3.413e-01 7.312e-02 8.952e-04 2.628e-04 1.066e-04 4.252e-07 2.709e-06 1.695e-07 
1.564e-03 6.029e-03 1.635e-01 2.345e-01 3.998e-04 4.779e-04 3.605e-06 3.507e-03 9.468e-07 2.593e-05 
6.029e-03 1.564e-03 3.249e-01 8.971e-02 9.634e-04 5.994e-04 9.347e-05 3.117e-07 4.428e-06 1.906e-07 
1.544e-03 4.381e-03 1.729e-01 2.326e-01 6.510e-04 4.362e-04 2.821e-06 2.081e-03 5.405e-07 1.296e-05 
4.381e-03 1.544e-03 3.097e-01 1.123e-01 7.219e-04 6.001e-04 6.257e-05 3.224e-07 2.330e-06 1.696e-07 
1.525e-03 3.187e-03 1.781e-01 2.229e-01 5.314e-04 5.219e-04 1.008e-06 1.012e-03 4.716e-07 1.093e-05 
3.187e-03 1.525e-03 2.858e-01 1.404e-01 8.930e-04 6.881e-04 3.919e-05 6.445e-07 4.662e-06 2.397e-07 
1.545e-03 2.713e-03 1.860e-01 2.218e-01 4.572e-04 4.069e-04 1.791e-06 7.191e-04 3.914e-07 4.898e-06 
2.713e-03 1.545e-03 2.726e-01 1.543e-01 9.081e-04 9.316e-04 3.554e-05 2.711e-06 1.832e-06 2.970e-07 
1.529e-03 1.936e-03 2.024e-01 2.114e-01 8.615e-04 9.868e-04 1.455e-06 2.136e-04 4.426e-07 6.920e-06 
1.936e-03 1.529e-03 2.393e-01 1.847e-01 7.138e-04 6.279e-04 7.468e-06 1.910e-05 6.165e-07 4.439e-06 
1.561e-03 1.561e-03 2.179e-01 1.984e-01 9.176e-04 6.552e-04 4.351e-06 7.578e-05 5.639e-07 2.915e-06 
1.561e-03 1.561e-03 2.179e-01 1.984e-01 9.176e-04 6.552e-04 4.351e-06 7.578e-05 5.639e-07 2.915e-06 
1.520e-03 1.200e-03 2.362e-01 1.800e-01 0.000e+00 0.000e+00 9.740e-06 1.831e-05 0.000e+00 0.000e+00 
1.200e-03 1.520e-03 2.066e-01 2.115e-01 6.006e-04 1.075e-03 2.013e-06 1.968e-04 3.634e-07 3.404e-06 
1.519e-03 8.650e-04 2.701e-01 1.549e-01 1.039e-03 7.118e-04 2.674e-05 2.655e-06 1.119e-06 4.591e-07 
8.650e-04 1.519e-03 1.937e-01 2.198e-01 8.380e-04 6.072e-04 9.535e-07 4.637e-04 2.215e-07 6.571e-06 
1.539e-03 7.365e-04 2.835e-01 1.390e-01 9.835e-04 4.525e-04 5.309e-05 9.879e-07 4.700e-06 4.193e-07 
7.365e-04 1.539e-03 1.912e-01 2.231e-01 6.380e-04 1.029e-03 2.239e-06 5.953e-04 4.203e-07 1.028e-05 
1.519e-03 5.355e-04 3.059e-01 1.139e-01 9.855e-04 6.047e-04 7.534e-05 1.736e-07 2.232e-06 1.736e-07 
5.355e-04 1.519e-03 1.849e-01 2.215e-01 4.716e-04 5.404e-04 3.209e-06 7.885e-04 1.080e-06 1.470e-05 
1.527e-03 3.962e-04 3.235e-01 9.206e-02 7.457e-04 8.863e-04 8.757e-05 4.790e-08 3.383e-06 3.387e-08 
3.962e-04 1.527e-03 1.834e-01 2.259e-01 7.905e-04 8.344e-04 2.964e-06 1.007e-03 6.234e-07 1.371e-05 
1.518e-03 3.039e-04 3.379e-01 7.517e-02 1.397e-03 5.019e-04 1.119e-04 0.000e+00 6.313e-06 0.000e+00 
3.039e-04 1.518e-03 1.851e-01 2.296e-01 5.817e-04 3.947e-04 1.986e-06 1.127e-03 4.144e-07 3.384e-05 
1.523e-03 2.228e-04 3.485e-01 6.191e-02 0.000e+00 0.000e+00 1.341e-04 3.204e-07 0.000e+00 0.000e+00 
2.228e-04 1.523e-03 1.820e-01 2.275e-01 6.367e-04 6.334e-04 1.251e-06 1.230e-03 3.580e-07 1.507e-05 
1.526e-03 1.480e-04 3.705e-01 4.132e-02 6.836e-04 2.301e-04 1.495e-04 0.000e+00 5.512e-06 0.000e+00 
1.480e-04 1.526e-03 1.862e-01 2.314e-01 6.274e-04 7.670e-04 1.488e-06 1.322e-03 2.881e-07 2.613e-05 
1.509e-03 8.142e-05 3.793e-01 2.598e-02 6.525e-04 3.939e-04 1.573e-04 0.000e+00 4.059e-06 0.000e+00 
8.142e-05 1.509e-03 1.880e-01 2.331e-01 4.195e-04 7.054e-04 1.598e-06 1.361e-03 3.264e-07 1.699e-05 
1.528e-03 2.992e-05 3.829e-01 9.621e-03 0.000e+00 0.000e+00 1.568e-04 0.000e+00 0.000e+00 0.000e+00 
2.992e-05 1.528e-03 2.438e-02 3.768e-02 1.577e-04 2.431e-04 2.339e-05 1.393e-03 1.808e-06 1.866e-05 
1.512e-03 1.527e-05 3.968e-01 5.296e-03 6.330e-04 7.149e-04 1.623e-04 0.000e+00 6.342e-06 0.000e+00 
1.527e-05 1.512e-03 1.972e-02 3.421e-02 3.342e-04 2.300e-04 1.260e-05 1.399e-03 1.223e-06 9.795e-06 
