# Filename: CLN3-561nm_416_ctrl_007.tif
# Puncta radius (pixels): (1.3888888888888888, 1.3888888888888888)
# Puncta radius (nm): (150, 150)
# Cluster radius (nm): 300
# Min puncta per cluster: 2
# Voxel size (nm): (108, 108, 200)
Y     X     CLUSTER_ID
0     1185  -1
7     907   -1
11    1261  -1
19    1172  -1
19    1242  -1
20    1293  -1
21    1253  -1
21    1271  -1
25    1308  -1
31    872   -1
31    1438  -1
43    1048  -1
55    1014  -1
55    1442  -1
56    966   -1
62    1022  -1
71    983   -1
73    1621  -1
79    1051  -1
87    723   -1
89    1942  -1
93    1316  -1
95    1435  -1
99    1817  -1
102   1031  -1
103   998   -1
104   1725  -1
104   1949  -1
114   1015  -1
118   551   -1
118   1319  -1
120   1027  -1
120   1205  -1
123   1020  -1
127   1206  -1
134   1008  -1
136   1029  -1
136   1069  -1
136   1175  -1
138   738   -1
144   1059  -1
146   1052  -1
147   579   -1
149   985   -1
154   1186  -1
154   1953  -1
158   919   -1
160   977   -1
162   589   -1
162   1078  -1
167   920   -1
168   745   -1
175   1319  -1
176   1312  -1
180   1018  -1
183   1315  -1
185   1114  -1
192   964   -1
194   1026  -1
194   1150  -1
195   1071  -1
197   1313  -1
197   1316  -1
210   952   -1
210   1083  -1
211   1468  -1
213   1099  -1
215   936   -1
219   753   -1
219   1096  -1
221   1055  -1
228   1029  -1
228   1040  -1
230   1174  -1
232   1167  -1
238   1160  -1
239   1136  -1
246   1196  -1
255   747   -1
260   1200  -1
265   989   -1
267   993   -1
269   1123  -1
271   1014  -1
274   997   -1
275   729   -1
277   724   -1
277   973   -1
277   1025  -1
285   811   -1
286   977   -1
289   972   -1
290   820   -1
298   808   -1
300   825   -1
300   1118  -1
301   1082  -1
302   843   -1
306   897   -1
306   1028  -1
308   1223  -1
310   1027  -1
313   1085  -1
315   820   -1
323   810   -1
324   908   -1
326   912   -1
327   1084  -1
327   1168  -1
327   1217  -1
328   1033  -1
329   1129  -1
329   1136  -1
339   885   -1
341   988   -1
348   1128  -1
349   1173  -1
353   900   -1
353   1042  -1
354   1200  -1
356   1163  -1
357   1065  -1
359   674   -1
359   997   -1
363   911   -1
364   1074  -1
365   644   -1
365   1223  -1
372   622   -1
372   1046  -1
372   1092  -1
373   782   -1
375   982   -1
377   1014  -1
378   752   -1
380   1044  -1
381   729   -1
383   952   -1
385   1130  -1
387   1224  -1
388   952   -1
388   968   -1
393   1057  -1
395   1003  -1
403   979   -1
404   582   -1
404   1257  -1
407   999   -1
408   907   -1
412   765   -1
420   913   -1
422   755   -1
427   1190  -1
428   927   -1
434   570   -1
434   1036  -1
434   1191  -1
438   904   -1
438   1103  -1
439   1186  -1
455   1539  -1
459   1248  -1
472   945   -1
476   1008  -1
478   844   -1
483   1061  -1
484   1131  -1
490   959   -1
496   1046  -1
500   942   -1
507   1000  -1
509   890   -1
514   1038  -1
518   976   -1
524   897   -1
524   978   -1
524   1012  -1
531   712   -1
535   1041  -1
544   539   -1
547   887   -1
555   934   -1
557   531   -1
559   185   -1
560   1049  -1
564   944   -1
570   179   -1
571   519   -1
571   1333  -1
573   188   -1
573   1030  -1
581   943   -1
584   1324  -1
585   182   -1
586   1255  -1
586   1338  -1
587   783   -1
587   959   -1
596   167   -1
599   928   -1
599   1063  -1
599   1301  -1
599   1868  -1
602   158   -1
604   168   -1
606   1239  -1
607   893   -1
614   171   -1
614   900   -1
614   1191  -1
615   1212  -1
620   1815  -1
623   534   -1
624   990   -1
627   733   -1
629   1511  -1
631   1247  -1
634   908   -1
635   716   -1
635   1295  -1
635   1428  -1
636   1946  -1
637   1417  -1
638   1511  -1
639   1244  -1
639   1404  -1
640   986   -1
640   1294  -1
641   678   -1
641   1232  -1
642   1066  -1
645   1220  -1
645   1413  -1
646   1199  -1
647   904   -1
652   951   -1
653   683   -1
653   1262  -1
654   888   -1
654   1132  -1
657   1140  -1
658   1453  -1
659   1205  -1
659   1362  -1
660   1136  -1
660   1288  -1
661   884   -1
661   948   -1
662   1127  -1
663   1439  -1
664   1312  -1
665   1332  -1
666   960   -1
666   1367  -1
666   1458  -1
667   1902  -1
669   1216  -1
673   1223  -1
673   1292  -1
675   1330  -1
676   1455  -1
677   979   -1
678   1141  -1
678   1214  -1
678   1299  -1
678   1353  -1
679   673   -1
679   1236  -1
679   1541  -1
680   1161  -1
680   1358  -1
682   1295  -1
682   1880  -1
683   926   -1
684   1457  -1
685   1226  -1
685   1294  -1
685   1462  -1
686   906   -1
688   1132  -1
688   1329  -1
689   1315  -1
693   531   -1
693   904   -1
693   1528  -1
693   1944  -1
694   1284  -1
695   1233  -1
697   1369  -1
697   1471  -1
697   1904  -1
699   1154  -1
699   1290  -1
699   1465  -1
701   119   -1
701   675   -1
702   666   -1
702   1951  -1
704   1232  -1
706   1363  -1
707   676   -1
707   1204  -1
708   1269  -1
709   1246  -1
709   1947  -1
711   1232  -1
711   1924  -1
712   1290  -1
713   1247  -1
713   1256  -1
714   1517  -1
716   1097  -1
717   765   -1
719   695   -1
719   1450  -1
721   925   -1
721   1291  -1
721   1468  -1
722   1342  -1
723   1190  -1
723   1308  -1
723   1544  -1
724   1958  -1
725   1025  -1
725   1541  -1
726   1253  -1
727   1113  -1
728   1290  -1
730   1095  -1
733   1105  -1
734   158   -1
734   1283  -1
735   866   -1
735   1181  -1
736   1247  -1
737   153   -1
737   175   -1
738   1335  -1
740   1542  -1
741   1264  -1
743   1986  -1
745   1451  -1
746   623   -1
747   869   -1
747   1054  -1
747   1264  -1
747   1278  -1
748   1167  -1
748   1307  -1
749   126   -1
750   1028  -1
751   893   -1
751   1084  -1
751   1117  -1
752   868   -1
753   1054  -1
754   141   -1
755   1988  -1
757   1282  -1
758   1067  -1
758   1276  -1
759   890   -1
761   1013  -1
761   1088  -1
761   1536  -1
762   977   -1
763   992   -1
766   870   -1
767   1050  -1
767   1093  -1
769   467   -1
769   2000  -1
770   865   -1
770   1016  -1
771   110   -1
771   114   -1
771   1042  -1
772   819   -1
773   852   -1
774   990   -1
775   586   -1
776   995   -1
776   1329  -1
778   328   -1
779   971   -1
780   1109  -1
780   1304  -1
784   2027  -1
786   936   -1
786   1031  -1
786   1335  -1
787   883   -1
787   1043  -1
787   1060  -1
788   988   -1
788   2022  -1
790   455   -1
790   1067  -1
791   1027  -1
791   1098  -1
792   1080  -1
794   841   -1
795   946   -1
795   1173  -1
795   1180  -1
796   833   -1
797   795   -1
798   1519  -1
799   107   -1
799   1444  -1
800   645   -1
800   890   -1
801   1177  -1
802   795   -1
802   1004  -1
802   1331  -1
803   670   -1
804   828   -1
804   868   -1
805   895   -1
805   1076  -1
807   811   -1
808   1466  -1
810   1331  -1
811   1545  -1
812   825   -1
812   903   -1
812   969   -1
812   1345  -1
813   914   -1
815   661   -1
817   587   -1
817   1555  -1
818   931   -1
818   1539  -1
819   777   -1
820   989   -1
820   992   -1
820   1233  -1
825   1240  -1
827   698   -1
827   1106  -1
828   1305  -1
829   845   -1
829   922   -1
830   869   -1
830   884   -1
830   1021  -1
831   896   -1
832   1240  -1
834   853   -1
835   795   -1
838   1274  -1
839   594   -1
840   781   -1
840   834   -1
844   1449  -1
844   1552  -1
846   1250  -1
848   1170  -1
853   1278  -1
854   870   -1
854   943   -1
854   1210  -1
856   890   -1
856   1155  -1
858   1232  -1
859   482   -1
859   946   -1
860   1043  -1
861   1487  -1
862   1196  -1
863   954   -1
863   1129  -1
863   1307  -1
863   1449  -1
863   1455  -1
864   988   -1
865   1481  -1
869   1124  -1
869   1175  -1
870   1161  -1
873   276   -1
874   693   -1
875   909   -1
875   1157  -1
875   1437  -1
877   1453  -1
880   1146  -1
881   1254  -1
882   1100  -1
882   1361  -1
885   1386  -1
886   1556  -1
887   70    -1
887   1208  -1
888   92    -1
888   901   -1
889   919   -1
890   793   -1
890   1104  -1
891   907   -1
893   1120  -1
899   1150  -1
902   347   -1
902   868   -1
904   64    -1
905   1182  -1
907   73    -1
908   590   -1
909   1018  -1
911   1201  -1
911   1239  -1
912   1188  -1
912   1545  -1
915   1212  -1
919   952   -1
919   1214  -1
921   1221  -1
924   887   -1
926   1085  -1
928   64    -1
928   309   -1
931   1193  -1
931   1353  -1
935   1041  -1
935   1466  -1
938   1146  -1
940   1158  -1
941   1151  -1
941   1176  -1
944   346   -1
945   817   -1
946   1153  -1
947   647   -1
950   1178  -1
953   71    -1
953   827   -1
953   1132  -1
953   1294  -1
954   909   -1
956   1314  -1
958   65    -1
961   1185  -1
963   1233  -1
964   698   -1
967   1128  -1
969   1087  -1
971   82    -1
970   904   -1
970   914   -1
970   1073  -1
973   1356  -1
976   1168  -1
980   897   -1
981   1055  -1
983   80    -1
986   721   -1
989   880   -1
991   1419  -1
993   75    -1
994   738   -1
995   1515  -1
997   55    -1
997   1475  -1
1001  1103  -1
1003  78    -1
1004  1409  -1
1005  893   -1
1007  905   -1
1012  61    -1
1012  280   -1
1012  1095  -1
1017  1134  -1
1018  790   -1
1020  1108  -1
1021  57    -1
1022  1129  -1
1023  1055  -1
1023  1288  -1
1023  1348  -1
1024  1060  -1
1028  994   -1
1029  1039  -1
1031  1021  -1
1038  58    -1
1038  1240  -1
1039  360   -1
1043  1075  -1
1046  1088  -1
1048  1272  -1
1051  1369  -1
1055  982   -1
1059  53    -1
1064  957   -1
1064  1767  -1
1067  920   -1
1068  965   -1
1068  1036  -1
1069  70    -1
1069  905   -1
1070  368   -1
1070  1068  -1
1070  1081  -1
1073  1105  -1
1074  911   -1
1074  1013  -1
1075  997   -1
1077  1071  -1
1079  955   -1
1082  1100  -1
1089  1343  -1
1092  1572  -1
1094  371   -1
1096  890   -1
1118  44    -1
1118  1195  -1
1131  1186  -1
1132  68    -1
1136  60    -1
1143  47    -1
1144  2     -1
1144  1191  -1
1146  56    -1
1156  1083  -1
1165  37    -1
1173  3     -1
1184  14    -1
1187  1018  -1
1207  1218  -1
1218  1281  -1
1232  1234  -1
1250  201   -1
1255  1241  -1
1256  1284  -1
1257  425   -1
1257  894   -1
1273  182   -1
1281  1344  -1
1286  1323  -1
1293  847   -1
1294  185   -1
1295  1319  -1
1300  198   -1
1306  191   -1
1307  202   -1
1311  193   -1
1312  889   -1
1324  1009  -1
1327  190   -1
1332  992   -1
1332  1080  -1
1334  1007  -1
1336  1085  -1
1337  1040  -1
1341  932   -1
1341  1035  -1
1341  1100  -1
1344  1078  -1
1345  981   -1
1346  1119  -1
1348  907   -1
1348  1059  -1
1349  210   -1
1352  944   -1
1355  217   -1
1358  952   -1
1359  1046  -1
1364  463   -1
1369  940   -1
1373  904   -1
1375  1457  -1
1379  1158  -1
1380  220   -1
1380  920   -1
1384  892   -1
1390  222   -1
1396  1445  -1
1400  1088  -1
1403  894   -1
1403  1602  -1
1411  840   -1
1412  213   -1
1414  850   -1
1417  898   -1
1429  794   -1
1430  698   -1
1430  833   -1
1438  1065  -1
1450  739   -1
1454  1451  -1
1455  1104  -1
1456  865   -1
1456  911   -1
1457  716   -1
1458  1133  -1
1459  722   -1
1459  754   -1
1460  747   -1
1460  832   -1
1463  1246  -1
1467  844   -1
1469  766   -1
1469  1554  -1
1470  1109  -1
1471  741   -1
1472  1234  -1
1473  861   -1
1474  1217  -1
1476  257   -1
1476  778   -1
1477  326   -1
1477  1150  -1
1478  299   -1
1478  735   -1
1478  756   -1
1478  1547  -1
1479  320   -1
1480  291   -1
1480  1544  -1
1483  788   -1
1484  292   -1
1484  853   -1
1485  1116  -1
1487  1120  -1
1488  323   -1
1489  736   -1
1493  1113  -1
1493  1399  -1
1496  727   -1
1497  1110  -1
1497  1498  -1
1500  1406  -1
1501  1198  -1
1502  332   -1
1502  848   -1
1506  1484  -1
1507  1014  -1
1507  1466  -1
1509  1114  -1
1510  729   -1
1510  841   -1
1514  1072  -1
1514  1109  -1
1515  840   -1
1517  1057  -1
1518  830   -1
1519  372   -1
1520  845   -1
1521  838   -1
1525  949   -1
1526  831   -1
1526  939   -1
1528  1109  -1
1530  1019  -1
1531  1129  -1
1534  864   -1
1538  916   -1
1540  835   -1
1540  1147  -1
1542  1020  -1
1544  941   -1
1545  1619  -1
1547  843   -1
1548  959   -1
1548  1306  -1
1550  1020  -1
1554  1137  -1
1555  843   -1
1561  882   -1
1561  1116  -1
1571  1486  -1
1572  1006  -1
1573  858   -1
1574  1033  -1
1576  948   -1
1578  1355  -1
1579  1485  -1
1582  872   -1
1582  1112  -1
1583  1297  -1
1585  1116  -1
1586  947   -1
1587  974   -1
1587  1159  -1
1589  960   -1
1589  990   -1
1589  1124  -1
1590  947   -1
1590  1145  -1
1592  869   -1
1592  879   -1
1594  890   -1
1594  2036  -1
1598  1137  -1
1600  968   -1
1600  1194  -1
1601  1127  -1
1603  1006  -1
1604  1039  -1
1609  1140  -1
1612  1055  -1
1614  1006  -1
1621  1158  -1
1621  1313  -1
1622  1129  -1
1624  1023  -1
1626  1132  -1
1629  1159  -1
1630  1100  -1
1632  1180  -1
1638  180   -1
1638  1185  -1
1639  1163  -1
1639  1173  -1
1643  1072  -1
1643  1147  -1
1649  867   -1
1649  950   -1
1650  1187  -1
1654  859   -1
1654  1092  -1
1654  1163  -1
1654  1178  -1
1656  962   -1
1656  1185  -1
1660  1126  -1
1664  1073  -1
1665  811   -1
1668  1119  -1
1672  954   -1
1680  1127  -1
1683  973   -1
1684  173   -1
1694  1323  -1
1709  1046  -1
1710  1255  -1
1710  1708  -1
1711  1069  -1
1712  804   -1
1717  924   -1
1727  1199  -1
1728  1175  -1
1728  1312  -1
1743  795   -1
1751  2007  -1
1754  1276  -1
1758  1209  -1
1762  1228  -1
1770  1247  -1
1771  1281  -1
1772  1687  -1
1785  1993  -1
1786  982   -1
1789  968   -1
1802  795   -1
1803  1285  -1
1805  1525  -1
1806  1316  -1
1809  786   -1
1814  1279  -1
1814  1331  -1
1817  963   -1
1821  1306  -1
1831  1328  -1
1839  1120  -1
1848  1384  -1
1854  1115  -1
1855  1392  -1
1859  1357  -1
1864  301   -1
1866  1386  -1
1868  1302  -1
1871  1296  -1
1877  1353  -1
1879  1256  -1
1879  1343  -1
1887  795   -1
1888  1529  -1
1892  1325  -1
1901  1320  -1
1911  1268  -1
1911  1334  -1
1913  803   -1
1917  1368  -1
1926  1356  -1
1929  800   -1
1931  816   -1
1940  401   -1
1948  1542  -1
1952  1425  -1
1955  1166  -1
1959  1163  -1
1962  1500  -1
1967  420   -1
1986  1087  -1
1987  1335  -1
1992  1288  -1
1996  1519  -1
1998  1534  -1
2000  1432  -1
2001  1495  -1
2002  1688  -1
2013  1320  -1
2016  811   -1
2020  1503  -1
2021  821   -1
2022  812   -1
2024  825   -1
2028  993   -1
2031  706   -1
2032  1311  -1
2035  991   -1
2047  1499  -1
224   1052  -1
231   1157  -1
249   1046  -1
252   1122  -1
312   1074  -1
334   1091  -1
335   1141  -1
340   1192  -1
342   1060  -1
345   1186  -1
354   1158  -1
354   1212  -1
381   1246  -1
384   1229  -1
390   1285  -1
401   967   -1
402   911   -1
405   1238  -1
405   1272  -1
414   893   -1
448   1170  -1
452   871   -1
452   966   -1
492   946   -1
501   1061  -1
522   776   -1
522   1049  -1
537   879   -1
542   642   -1
546   732   -1
553   660   -1
554   764   -1
554   719   -1
586   1294  -1
588   1310  -1
589   1328  -1
597   1241  -1
598   1043  -1
598   1755  -1
601   1231  -1
608   1074  -1
608   948   -1
614   1218  -1
616   1379  -1
619   1274  -1
618   1296  -1
627   1430  -1
628   1046  -1
634   1056  -1
637   1236  -1
639   1047  -1
640   1097  -1
647   701   -1
643   1050  -1
647   1231  -1
650   1013  -1
649   1259  -1
650   1299  -1
651   1313  -1
651   1103  -1
663   1217  -1
663   1261  -1
666   892   -1
665   1117  -1
666   1075  -1
671   1228  -1
673   1007  -1
674   947   -1
680   1095  -1
680   1477  -1
683   1521  -1
685   1217  -1
687   969   -1
687   1468  -1
689   1543  -1
694   1290  -1
698   1337  -1
698   1452  -1
701   1251  -1
704   1277  -1
707   1049  -1
710   1276  -1
709   1308  -1
714   665   -1
719   171   -1
718   1324  -1
720   942   -1
721   1232  -1
722   1252  -1
724   1008  -1
725   705   -1
729   167   -1
728   1034  -1
731   1077  -1
732   653   -1
731   1415  -1
736   1273  -1
737   1010  -1
737   675   -1
741   133   -1
740   678   -1
742   942   -1
742   1338  -1
742   1455  -1
746   671   -1
749   1324  -1
750   1268  -1
751   1333  -1
757   1359  -1
757   878   -1
762   1331  -1
764   338   -1
764   1280  -1
764   1287  -1
769   672   -1
769   924   -1
771   927   -1
771   1207  -1
772   1010  -1
775   1107  -1
777   673   -1
782   471   -1
787   1100  -1
788   972   -1
789   465   -1
789   701   -1
791   705   -1
792   665   -1
793   702   -1
795   649   -1
797   668   -1
797   489   -1
798   907   -1
801   563   -1
803   675   -1
804   637   -1
803   703   -1
804   997   -1
805   605   -1
806   850   -1
807   1365  -1
807   1443  -1
807   1049  -1
809   773   -1
811   829   -1
812   558   -1
814   1519  -1
815   1368  -1
818   1443  -1
819   673   -1
819   764   -1
819   1345  -1
822   498   -1
822   1353  -1
822   526   -1
823   486   -1
825   719   -1
827   469   -1
831   954   -1
834   691   -1
836   848   -1
837   1298  -1
837   813   -1
839   848   -1
840   800   -1
842   912   -1
850   693   -1
853   482   -1
858   502   -1
859   1127  -1
860   950   -1
861   841   -1
866   1089  -1
873   1377  -1
874   1396  -1
876   1366  -1
876   283   -1
878   488   -1
879   1084  -1
879   345   -1
881   1351  -1
883   530   -1
882   538   -1
884   1469  -1
885   910   -1
887   822   -1
889   808   -1
890   861   -1
893   672   -1
900   652   -1
902   666   -1
905   666   -1
902   615   -1
903   1161  -1
902   1311  -1
908   351   -1
907   851   -1
912   618   -1
912   889   -1
914   847   -1
915   636   -1
918   885   -1
919   578   -1
919   1553  -1
931   1163  -1
933   564   -1
932   640   -1
933   1103  -1
941   640   -1
941   351   -1
947   859   -1
951   899   -1
953   1349  -1
966   82    -1
990   872   -1
993   877   -1
994   340   -1
997   355   -1
1000  939   -1
1003  922   -1
1003  765   -1
1003  980   -1
1004  1488  -1
1009  345   -1
1010  933   -1
1014  908   -1
1015  991   -1
1017  773   -1
1026  1105  -1
1029  1091  -1
1029  1575  -1
1032  1025  -1
1036  1321  -1
1045  1368  -1
1048  969   -1
1051  986   -1
1052  1271  -1
1061  984   -1
1062  923   -1
1061  963   -1
1064  1318  -1
1066  931   -1
1067  912   -1
1066  1029  -1
1068  380   -1
1073  992   -1
1077  1123  -1
1079  1076  -1
1086  1018  -1
1089  1044  -1
1091  662   -1
1094  1352  -1
1101  1042  -1
1102  889   -1
1105  389   -1
1106  885   -1
1112  1380  -1
1120  378   -1
1121  1154  -1
1122  1377  -1
1126  1125  -1
1126  383   -1
1135  858   -1
1137  1186  -1
1146  1398  -1
1148  388   -1
1168  1080  -1
1179  1078  -1
1197  1012  -1
1198  1206  -1
1208  1000  -1
1213  938   -1
1220  1268  -1
1219  1288  -1
1242  1157  -1
1247  423   -1
1251  1045  -1
1253  969   -1
1256  970   -1
1275  1034  -1
1279  992   -1
1283  999   -1
1286  430   -1
1290  1365  -1
1297  881   -1
1316  893   -1
1320  941   -1
1324  1114  -1
1328  1010  -1
1332  1162  -1
1336  1027  -1
1339  991   -1
1345  1001  -1
1349  1110  -1
1351  459   -1
1353  963   -1
1357  971   -1
1361  1029  -1
1364  1443  -1
1367  775   -1
1368  865   -1
1375  949   -1
1391  925   -1
1393  888   -1
1404  870   -1
1408  864   -1
1413  676   -1
1423  695   -1
1424  701   -1
1426  774   -1
1427  688   -1
1431  756   -1
1431  847   -1
1433  713   -1
1440  718   -1
1447  710   -1
1452  1127  -1
1456  1600  -1
1457  1157  -1
1460  886   -1
1461  733   -1
1460  1082  -1
1465  1261  -1
1469  1142  -1
1469  1145  -1
1469  1099  -1
1471  1092  -1
1471  1249  -1
1477  1563  -1
1484  812   -1
1485  779   -1
1486  802   -1
1487  819   -1
1486  915   -1
1487  1077  -1
1489  788   -1
1488  814   -1
1490  796   -1
1490  1202  -1
1491  903   -1
1491  1153  -1
1493  1128  -1
1494  1391  -1
1497  1071  -1
1496  1493  -1
1497  781   -1
1499  1103  -1
1499  1099  -1
1500  920   -1
1503  1079  -1
1503  1539  -1
1505  1152  -1
1508  1020  -1
1510  1092  -1
1513  1058  -1
1514  362   -1
1515  1063  -1
1520  1027  -1
1522  1179  -1
1523  1508  -1
1532  839   -1
1532  957   -1
1539  1480  -1
1540  1120  -1
1542  872   -1
1541  1023  -1
1543  858   -1
1542  1205  -1
1546  1189  -1
1548  1030  -1
1554  947   -1
1556  1101  -1
1560  1181  -1
1564  847   -1
1571  1086  -1
1572  1499  -1
1578  880   -1
1585  989   -1
1586  1154  -1
1599  889   -1
1598  1143  -1
1600  872   -1
1601  954   -1
1603  960   -1
1606  889   -1
1607  1453  -1
1615  932   -1
1617  1154  -1
1617  1458  -1
1618  1059  -1
1619  1025  -1
1624  976   -1
1627  915   -1
1631  1312  -1
1634  1070  -1
1639  1084  -1
1639  1060  -1
1652  1047  -1
1665  1193  -1
1668  1129  -1
1669  1134  -1
1679  1102  -1
1684  1207  -1
1708  1061  -1
1737  957   -1
1739  1018  -1
1748  1249  -1
1822  1103  -1
1967  1405  -1
1073  939   0
1074  938   0
1346  977   1
1346  978   1
1536  871   2
1537  871   2
1576  1168  3
1575  1167  3
1597  883   4
1597  884   4
203   1312  5
202   1310  5
315   1075  6
317   1076  6
313   840   7
315   841   7
332   813   8
334   814   8
372   994   9
372   994   9
377   765   10
379   766   10
376   764   10
432   853   11
432   854   11
530   734   12
531   735   12
541   1046  13
541   1048  13
548   632   14
550   631   14
547   631   14
550   709   15
552   709   15
577   764   16
577   763   16
578   1288  17
578   1288  17
593   1292  18
592   1290  18
613   920   19
614   920   19
617   1064  20
618   1065  20
623   710   21
623   710   21
644   700   22
644   702   22
643   699   22
650   1155  23
649   1156  23
653   1083  24
654   1083  24
662   674   25
664   675   25
667   686   26
668   687   26
668   1269  27
667   1270  27
675   1303  28
675   1304  28
675   1521  29
677   1521  29
679   1522  29
683   1325  30
684   1326  30
682   1325  30
688   1154  31
688   1154  31
689   665   32
690   666   32
699   1321  33
701   1321  33
699   1226  34
700   1225  34
712   1390  35
713   1390  35
717   709   36
717   710   36
718   1225  37
719   1225  37
719   1306  38
718   1305  38
727   1006  39
727   1006  39
727   1006  39
728   1007  39
727   1006  39
728   1007  39
727   1006  39
728   1006  39
728   1007  39
730   1006  39
728   855   40
727   855   40
729   1044  41
728   1044  41
729   1045  41
730   980   42
729   979   42
734   470   43
733   469   43
735   986   44
734   985   44
733   1234  45
734   1234  45
742   537   46
741   536   46
742   945   47
743   946   47
743   1019  48
742   1019  48
746   661   49
745   660   49
748   701   50
747   701   50
756   1222  51
755   1223  51
759   640   52
759   640   52
758   640   52
760   642   52
760   659   53
761   660   53
764   1988  54
764   1990  54
765   676   55
765   676   55
764   1066  56
765   1066  56
768   826   57
768   826   57
771   922   58
771   922   58
771   711   59
770   710   59
772   1219  60
771   1219  60
773   1346  61
773   1347  61
777   782   62
776   784   62
777   916   63
775   915   63
775   1088  64
776   1088  64
779   985   65
779   985   65
785   1081  66
783   1080  66
785   1093  67
784   1093  67
785   1092  67
785   606   68
786   605   68
786   1203  69
785   1204  69
793   478   70
794   477   70
796   901   71
796   901   71
798   901   71
796   1097  72
797   1097  72
798   713   73
797   715   73
807   859   74
806   859   74
809   467   75
809   467   75
809   1034  76
809   1034  76
814   836   77
814   836   77
820   720   78
820   720   78
826   685   79
826   685   79
827   686   79
825   685   79
827   687   79
827   833   80
827   833   80
831   1513  81
830   1512  81
836   718   82
835   718   82
846   837   83
846   837   83
853   704   84
853   703   84
857   1476  85
857   1476  85
858   1476  85
858   1475  85
857   1476  85
861   1037  86
860   1036  86
866   700   87
865   701   87
866   707   88
866   707   88
870   1116  89
869   1116  89
874   503   90
874   505   90
873   633   91
875   633   91
877   1382  92
877   1382  92
879   829   93
879   829   93
881   497   94
879   497   94
883   527   95
883   527   95
883   526   95
883   527   95
884   527   95
883   526   95
884   1418  96
885   1417  96
893   518   97
892   518   97
897   664   98
898   664   98
900   686   99
900   686   99
900   685   99
900   686   99
898   685   99
904   687   100
903   686   100
897   704   101
897   703   101
907   617   102
905   616   102
907   618   102
909   704   103
908   705   103
914   610   104
914   610   104
928   580   105
928   582   105
941   570   106
939   570   106
948   681   107
949   681   107
953   314   108
954   315   108
962   1253  109
962   1252  109
971   708   110
970   707   110
977   1342  111
978   1343  111
981   1202  112
982   1201  112
988   896   113
987   896   113
990   357   114
990   355   114
991   358   114
992   732   115
990   731   115
1010  928   116
1011  929   116
1020  852   117
1022  852   117
1022  993   118
1023  992   118
1028  1284  119
1028  1284  119
1030  1014  120
1028  1014  120
1030  1131  121
1028  1132  121
1031  349   122
1032  351   122
1044  374   123
1043  375   123
1055  1078  124
1055  1078  124
1060  1148  125
1060  1148  125
1065  1095  126
1065  1093  126
1064  1094  126
1068  1086  127
1068  1086  127
1068  1086  127
1069  1084  127
1078  928   128
1079  928   128
1078  928   128
1079  926   128
1078  928   128
1081  926   128
1077  927   128
1078  1180  129
1077  1181  129
1078  1152  130
1077  1151  130
1083  1162  131
1084  1161  131
1086  914   132
1085  914   132
1086  979   133
1086  979   133
1087  1122  134
1087  1121  134
1090  991   135
1090  992   135
1100  1013  136
1099  1012  136
1100  1013  136
1099  1012  136
1096  1012  137
1096  1012  137
1102  1034  138
1103  1036  138
1126  892   139
1126  892   139
1124  892   139
1128  1009  140
1129  1010  140
1135  1131  141
1134  1132  141
1135  1130  141
1136  836   142
1138  836   142
1137  390   143
1138  390   143
1140  1179  144
1138  1179  144
1140  828   145
1140  827   145
1153  387   146
1153  387   146
1153  386   146
1153  387   146
1161  826   147
1161  826   147
1199  415   148
1198  414   148
1235  409   149
1236  408   149
1262  1015  150
1261  1014  150
1265  985   151
1263  986   151
1273  1028  152
1272  1029  152
1303  950   153
1302  949   153
1320  1105  154
1320  1106  154
1321  1004  155
1322  1004  155
1321  1118  156
1321  1117  156
1324  922   157
1325  923   157
1335  981   158
1335  982   158
1357  868   159
1357  866   159
1366  1104  160
1365  1104  160
1371  947   161
1370  947   161
1375  913   162
1374  912   162
1379  1104  163
1377  1103  163
1385  759   164
1385  758   164
1405  860   165
1407  860   165
1417  693   166
1417  693   166
1434  701   167
1434  700   167
1435  723   168
1435  723   168
1434  904   169
1434  905   169
1437  829   170
1436  829   170
1437  867   171
1438  866   171
1440  898   172
1439  899   172
1449  728   173
1450  728   173
1450  940   174
1450  941   174
1464  732   175
1464  732   175
1467  1238  176
1466  1238  176
1465  738   177
1466  737   177
1468  746   178
1466  746   178
1470  920   179
1468  920   179
1472  869   180
1472  868   180
1494  1183  181
1493  1183  181
1494  1183  181
1493  1183  181
1494  1183  181
1491  1183  181
1504  1034  182
1505  1033  182
1513  1011  183
1512  1013  183
1515  1084  184
1516  1084  184
1517  859   185
1517  857   185
1522  853   186
1522  851   186
1528  841   187
1528  841   187
1528  841   187
1526  841   187
1528  841   187
1527  1052  188
1529  1052  188
1540  1322  189
1538  1322  189
1539  1110  190
1541  1109  190
1542  1134  191
1541  1134  191
1551  939   192
1551  939   192
1558  951   193
1560  950   193
1560  1196  194
1560  1196  194
1558  1197  194
1579  866   195
1579  866   195
1579  865   195
1577  866   195
1583  984   196
1581  983   196
1614  916   197
1614  916   197
1626  1102  198
1625  1101  198
1631  1142  199
1630  1143  199
1670  928   200
1672  927   200
1710  1271  201
1711  1272  201
1717  1184  202
1719  1184  202
1720  929   203
1724  930   203
1722  930   203
1862  1341  204
1861  1341  204
1862  1342  204
1903  1425  205
1905  1425  205
1970  1277  206
1968  1277  206