# Filename: CLN3-561nm_416_ctrl_005.tif
# Puncta radius (pixels): 1.3888888888888888
# Puncta radius (nm): (150, 150)
# Cluster radius (nm): 300
# Min puncta per cluster: 2
# Voxel size (nm): (108, 108, 200)
Y     X
68    731
72    484
79    490
82    1220
90    421
92    480
99    447
100   410
101   488
104   1217
121   1098
124   516
124   1081
126   339
126   493
133   1096
134   1156
137   1134
142   766
142   1101
143   1009
144   1470
149   983
150   1040
152   997
169   1481
170   997
170   1002
175   1383
189   168
194   1480
196   1365
196   1399
198   1417
199   1067
201   967
204   547
210   1279
213   478
214   1140
216   490
219   199
220   1071
222   1122
223   1506
225   156
227   190
231   976
231   1531
232   274
234   214
235   489
236   1386
237   506
237   1419
238   1551
240   150
240   1523
241   176
241   205
242   142
243   1720
243   1742
245   991
245   1368
246   282
246   519
246   1397
246   1680
247   99
247   1508
249   178
251   1355
252   189
252   1581
253   1510
254   1377
256   278
258   229
258   1575
260   1607
262   1582
264   565
264   1613
264   1644
265   1350
266   523
266   580
266   1390
267   267
268   1585
269   1285
269   1304
270   1543
270   1646
271   173
271   1350
271   1635
272   1578
275   225
276   1272
278   183
279   261
279   1553
279   1658
280   253
280   575
280   1704
280   1746
281   569
282   1342
284   595
284   1632
284   1658
285   1255
285   1763
287   551
288   1300
288   1672
289   1257
290   697
290   1682
291   372
292   581
296   795
297   1398
298   1386
298   1726
303   1365
305   1259
305   1528
306   1391
309   238
311   568
311   592
313   144
313   564
315   1729
316   1666
318   184
318   1342
319   1319
321   174
322   1412
323   1388
324   1637
325   182
325   1622
326   1244
327   702
327   1524
327   1602
328   996
329   1736
333   1663
334   375
334   1265
334   1364
335   217
336   1683
337   1257
338   1252
340   358
341   583
344   170
346   713
347   1391
351   78
354   1236
356   601
356   612
356   1607
358   620
360   629
361   182
363   481
365   1212
366   1605
368   1246
370   380
376   605
377   464
377   627
378   1517
380   1222
380   1367
382   709
382   1646
383   459
384   445
386   612
387   174
390   1683
391   456
392   604
395   657
395   1440
396   1356
397   640
399   292
399   653
399   1338
403   1152
406   677
408   630
408   1172
410   1320
412   654
412   1184
413   631
413   639
414   268
414   328
415   256
415   1419
417   663
419   1352
421   154
421   1096
422   653
423   638
423   1360
425   1140
428   1633
429   141
429   1068
431   643
435   504
439   467
440   1071
440   1115
443   1135
444   1184
445   1191
448   1152
450   1032
455   538
455   1075
459   511
459   1305
460   1122
468   46
471   1064
472   1090
472   1117
473   502
476   1333
480   1350
484   555
486   677
486   1092
488   1333
492   1105
492   1111
492   1321
494   622
496   1122
499   565
499   1105
501   536
502   1116
504   1098
510   574
513   1102
514   295
516   1166
517   554
520   619
523   1303
525   579
525   1143
525   1179
526   1292
527   534
528   593
528   951
528   1134
528   1303
533   616
533   1301
534   1156
534   1169
535   922
536   903
536   1123
540   1302
543   1296
547   1107
548   1274
549   1044
549   1111
553   1078
554   1029
557   311
561   1045
561   1054
565   968
565   1109
565   1268
567   977
567   1159
573   1105
575   1214
576   1038
581   1195
582   1011
583   1018
583   1046
583   1079
584   950
589   1009
589   1099
590   1023
591   1171
595   1181
596   1140
596   1197
597   955
597   1075
600   1226
602   1148
608   996
617   1179
617   1243
618   989
621   1205
623   1038
638   1107
647   1150
650   1062
650   1193
651   1246
652   1013
654   1048
659   999
662   1155
663   1019
663   1230
666   1012
667   1164
667   1218
670   898
670   937
670   1024
673   1183
673   1238
673   1244
677   1079
677   1155
677   1166
677   2035
679   960
679   1005
680   379
681   1156
682   905
682   937
682   1237
683   257
685   1001
685   1132
686   261
686   1048
686   1165
689   315
690   1058
690   1189
691   1268
692   1155
693   1234
694   1069
696   257
696   1047
696   1167
698   978
699   1187
700   1077
706   1050
708   1046
708   1257
709   1034
714   1979
715   1023
715   1075
717   1060
717   1769
719   1972
720   1024
722   1233
723   287
724   1210
725   1053
726   1185
727   994
728   392
728   1204
729   997
729   1889
730   1051
730   1968
731   358
731   1060
731   1080
732   1016
734   1611
735   317
735   1003
736   1241
737   275
737   1620
739   309
739   356
739   985
740   1027
740   1226
740   1255
741   1033
741   1208
741   1573
741   1594
742   1202
742   1245
743   1225
744   1860
745   405
745   1000
745   1110
745   1262
745   1607
746   299
746   1254
746   1590
746   1798
747   387
748   1194
749   1012
749   1034
751   1624
751   1812
751   1892
752   983
753   1599
754   1700
755   1084
755   1204
756   1103
756   1657
757   1092
757   1815
758   987
758   1012
758   1181
761   1005
761   1709
762   994
762   1040
763   1000
763   1213
763   1574
764   1063
765   1718
766   1191
768   1518
769   510
770   210
771   1216
771   1736
772   1223
773   354
773   1713
774   1201
774   1236
777   934
778   1159
778   1204
778   1234
779   710
780   908
780   1190
781   333
782   1514
783   1204
784   912
785   738
786   1249
786   1503
788   1155
790   1256
793   480
793   1035
793   1252
796   1045
797   991
797   1135
798   1490
799   1237
800   841
801   1257
802   1041
802   1118
803   896
804   1239
804   1283
809   940
812   1022
816   799
816   918
817   298
817   310
818   1088
819   1557
820   302
820   913
821   851
822   295
824   305
824   858
824   961
824   1194
825   300
825   898
825   1036
826   1854
827   301
827   1004
827   1866
828   1618
829   997
830   1207
831   312
831   838
833   193
833   987
833   1628
834   1464
835   325
835   1123
835   1192
836   1097
836   1927
837   911
837   974
837   1222
841   1055
842   1190
843   972
844   1597
844   1671
845   901
848   1011
848   1207
848   1864
849   842
849   1228
850   960
851   1534
851   1584
851   1743
851   1873
853   1002
854   1795
854   1959
855   998
855   1080
855   1084
856   941
857   972
857   1153
858   1171
858   1562
858   1886
860   807
860   825
861   1753
861   1966
862   1224
862   1618
863   1700
864   1675
864   1972
865   985
866   1093
867   912
867   1232
867   1239
867   1554
867   1692
868   1212
868   1535
869   1541
869   1681
869   1974
870   1243
872   1091
872   1237
872   1567
873   1100
873   1697
874   1135
874   1229
874   1564
874   1720
877   1200
877   1204
879   969
879   1749
880   475
880   1093
880   1575
880   1964
881   1778
882   1673
883   848
883   865
883   1748
884   1740
884   1953
885   1128
885   1531
885   1796
886   928
886   933
886   947
886   1713
886   1743
888   869
888   920
888   1147
888   1691
888   1765
888   1933
889   848
889   1187
890   1202
891   840
891   1927
892   1718
892   1992
893   971
893   1218
894   57
895   1507
895   1595
896   860
896   1230
898   1077
900   981
901   1083
903   1234
903   1933
904   476
904   1103
904   1219
906   932
906   1045
906   1048
907   838
907   1696
908   975
908   1186
908   1201
909   471
911   1222
912   847
914   887
915   783
915   945
915   1062
915   1167
915   1205
916   956
917   2004
918   55
918   594
920   938
920   1334
921   1671
921   2036
922   1148
922   1181
922   1212
923   1028
924   1052
926   598
926   744
927   728
927   982
930   965
930   970
930   1044
930   1051
930   1160
930   1505
931   49
932   790
933   945
933   1030
935   1144
936   776
937   1645
937   2027
938   1136
938   1845
938   1860
939   1903
939   1908
940   117
940   1041
940   1067
940   1605
941   1838
942   1148
943   1754
944   936
944   984
944   1008
944   1063
944   1160
945   1025
947   1840
947   1976
948   2014
949   916
949   1757
950   2037
952   940
952   1662
953   1053
953   1111
953   1153
954   711
954   977
954   1716
954   1765
955   679
957   1030
959   972
959   1734
960   885
960   947
961   1713
961   2013
962   889
963   11
965   655
965   885
965   1058
966   780
966   1035
967   141
967   1734
967   1792
968   1682
970   908
971   1130
971   1807
971   1993
972   730
974   1033
974   1755
974   1794
975   1124
976   638
976   749
977   1066
978   696
978   951
978   1040
979   138
979   887
979   1848
980   742
980   934
980   1149
981   897
981   1877
982   131
982   524
982   548
982   666
982   676
982   717
982   1167
983   2002
984   505
985   166
986   1136
988   968
988   1075
988   1809
989   680
989   897
989   1040
989   1064
989   1910
991   1470
992   954
993   881
994   1342
994   1521
994   1579
995   654
995   1073
996   828
996   1026
996   1175
997   698
997   873
997   980
1000  1101
1001  687
1001  996
1001  1084
1001  1151
1003  1159
1004  1025
1005  1895
1006  617
1006  623
1007  11
1008  580
1008  769
1008  1077
1008  1640
1010  610
1010  735
1010  836
1012  649
1013  168
1013  1110
1013  1179
1013  1916
1014  608
1014  1054
1015  1159
1016  925
1017  763
1018  915
1019  1025
1020  1795
1021  920
1021  1152
1022  1167
1023  480
1023  704
1023  1936
1024  1085
1024  1099
1024  1933
1025  737
1025  1159
1025  1823
1026  994
1027  500
1028  946
1029  1612
1030  1116
1031  882
1031  1051
1033  155
1033  653
1034  6
1034  690
1035  1004
1035  1177
1036  677
1036  1136
1037  139
1038  937
1038  1094
1040  1143
1040  1685
1042  1068
1043  479
1043  1609
1043  1725
1043  1749
1044  913
1044  1627
1045  983
1046  165
1046  177
1046  668
1048  520
1048  763
1048  895
1048  1159
1048  1206
1048  1958
1049  1040
1050  1107
1050  1370
1051  978
1051  1119
1051  1646
1051  1794
1052  968
1052  1945
1053  1060
1053  1139
1053  1979
1054  746
1054  1198
1054  1354
1054  1638
1055  1026
1055  1092
1055  1129
1055  1628
1057  818
1058  853
1058  992
1060  914
1060  1121
1060  1940
1060  1959
1060  1968
1061  622
1061  1028
1061  1077
1061  1215
1061  1223
1062  1835
1063  1090
1063  1941
1064  975
1065  810
1065  897
1065  905
1065  1134
1066  1114
1066  1729
1067  1104
1068  1051
1068  1073
1068  1218
1068  1983
1069  1026
1069  1032
1071  1171
1071  1650
1072  492
1072  853
1072  1089
1073  1113
1074  829
1074  1135
1074  1773
1074  1791
1075  1220
1075  1906
1076  1949
1076  1981
1077  982
1078  961
1078  1158
1079  786
1080  516
1080  1056
1080  1939
1082  895
1082  1967
1083  948
1085  1114
1086  1103
1086  1143
1086  1393
1087  823
1087  875
1088  908
1088  1146
1089  1100
1089  2005
1090  1006
1091  1944
1092  623
1092  755
1094  506
1095  637
1095  646
1096  723
1096  969
1096  1103
1097  484
1097  1889
1098  1745
1098  1977
1099  1116
1099  1788
1100  513
1102  902
1102  1041
1102  1150
1103  477
1104  647
1104  1178
1106  902
1106  1972
1108  528
1108  1166
1109  653
1109  1109
1111  781
1111  934
1111  1015
1111  1158
1112  519
1112  1124
1113  547
1116  493
1118  565
1118  840
1118  1150
1118  1828
1119  741
1119  1439
1121  872
1122  542
1122  886
1124  1430
1125  465
1125  633
1125  881
1126  1412
1127  1149
1127  1903
1128  494
1128  868
1128  894
1129  487
1129  1128
1129  1853
1129  1939
1130  1132
1131  1800
1132  1138
1132  2003
1135  1434
1136  811
1136  1017
1138  1951
1139  708
1139  1796
1140  1118
1140  1785
1142  644
1143  1041
1144  1126
1144  1868
1145  839
1145  1163
1146  879
1147  708
1147  1802
1150  7
1150  874
1150  1083
1150  1465
1151  777
1152  529
1152  845
1152  859
1152  979
1152  1832
1153  1109
1153  1991
1154  625
1154  949
1155  545
1155  760
1155  849
1155  863
1155  957
1155  1461
1155  1826
1155  2016
1156  1139
1157  1103
1157  1987
1158  719
1158  1013
1159  747
1160  1934
1161  1171
1161  2029
1162  742
1162  973
1162  1860
1162  1930
1163  1132
1164  6
1166  629
1166  678
1166  1124
1167  883
1167  1054
1167  1115
1168  666
1169  640
1169  768
1169  1021
1170  740
1171  1113
1172  1463
1173  772
1175  1016
1176  802
1176  885
1178  641
1178  1138
1179  684
1179  1084
1181  646
1181  1921
1182  619
1182  891
1183  1006
1186  885
1186  1121
1187  838
1187  1048
1188  929
1188  960
1188  1084
1189  632
1189  1508
1190  507
1190  1969
1191  594
1193  607
1193  759
1193  883
1194  541
1194  935
1194  1043
1194  1162
1194  1516
1195  1930
1196  536
1196  835
1196  886
1196  927
1196  1107
1197  571
1200  871
1201  880
1201  988
1204  1047
1206  629
1206  1052
1206  1525
1208  974
1208  1967
1209  1919
1211  573
1211  974
1211  1041
1212  898
1214  808
1217  1543
1218  810
1218  816
1218  836
1219  379
1219  972
1221  766
1221  787
1222  834
1222  1077
1223  508
1224  602
1225  871
1225  1156
1226  640
1226  863
1226  887
1227  1929
1229  2025
1230  520
1230  800
1231  872
1231  1991
1231  2001
1232  856
1232  1076
1233  949
1234  804
1234  982
1235  819
1236  527
1236  1061
1236  1088
1236  1266
1237  670
1238  846
1238  999
1241  966
1242  569
1242  767
1242  1635
1243  511
1243  536
1243  1152
1243  2030
1244  540
1246  817
1247  554
1247  610
1248  865
1251  753
1251  803
1252  600
1252  695
1252  2026
1252  2047
1253  1014
1253  1554
1254  1002
1255  1053
1255  1524
1256  1638
1257  767
1258  732
1258  790
1258  1002
1258  1652
1259  849
1259  1551
1260  1120
1260  1135
1264  1511
1266  829
1266  1120
1267  597
1267  1613
1267  1626
1268  613
1268  779
1270  727
1270  910
1272  677
1273  713
1273  777
1275  666
1275  799
1275  1062
1277  817
1277  1546
1278  725
1279  1509
1280  740
1280  1692
1281  24
1281  840
1281  879
1282  696
1282  1601
1282  1611
1283  672
1283  1075
1284  1653
1285  763
1287  25
1288  772
1289  1065
1290  605
1291  644
1291  1647
1296  605
1298  1488
1298  1505
1299  611
1299  1721
1300  651
1301  765
1301  1074
1302  632
1302  886
1302  1498
1304  671
1304  827
1305  651
1305  1655
1306  1593
1307  1495
1308  574
1308  703
1308  717
1308  1475
1309  929
1312  898
1313  1434
1314  860
1314  1536
1315  750
1315  756
1316  125
1316  656
1317  833
1318  734
1318  1082
1319  8
1319  1405
1320  955
1320  1463
1322  910
1322  1434
1322  1565
1324  939
1324  1670
1329  1520
1329  1528
1329  1579
1330  835
1330  1534
1330  1691
1333  684
1334  978
1336  1682
1337  1033
1339  981
1341  143
1341  838
1342  1713
1343  858
1343  1654
1345  950
1346  945
1347  675
1347  965
1347  1585
1350  960
1351  981
1352  1649
1353  693
1353  836
1355  679
1357  711
1359  12
1360  1012
1361  826
1361  934
1362  712
1362  996
1362  1006
1362  1644
1364  50
1366  837
1368  193
1368  946
1369  926
1372  1062
1374  1748
1375  987
1376  991
1377  974
1379  1690
1380  1562
1382  37
1383  1678
1386  1709
1387  44
1387  1752
1388  949
1389  1446
1399  981
1403  953
1403  978
1410  1642
1412  1769
1414  33
1414  1677
1417  16
1425  969
1425  977
1426  1765
1431  1020
1431  1641
1434  999
1434  1795
1442  1637
1442  1655
1443  1721
1446  1675
1448  1730
1456  1758
1461  965
1461  1753
1463  1554
1466  962
1473  1740
1475  974
1477  953
1478  1578
1479  942
1481  955
1481  1749
1486  1565
1486  1642
1487  939
1487  1720
1490  1728
1494  1692
1494  1746
1498  1629
1502  1004
1502  1595
1504  956
1508  1619
1508  1731
1510  998
1511  910
1511  1741
1513  1655
1516  1691
1523  994
1708  1858
1715  512
1716  463
1718  491
1723  522
1753  1831
1771  491
1776  538
1783  539
1786  516
1836  1931
1858  1939
1866  1925
1879  1828
1879  1843
1881  1945
1888  1779
1889  382
1893  1788
1900  1819
1902  1835
1903  391
1904  1809
1906  1759
1933  1939
1948  1772
1951  1808
1958  1792
1963  1819