# Filename: BNI1-640nm_416_ctrl_60x_014.tif
# Puncta radius (pixels): (1.3888888888888888, 1.3888888888888888)
# Puncta radius (nm): (150, 150)
# Cluster threshold (nm): 300
# Min puncta per cluster: 2
# Voxel size (nm): (108, 108, 200)
Y     X     CLUSTER_ID
55    731   -1
73    644   -1
109   802   -1
120   784   -1
131   834   -1
143   759   -1
151   813   -1
152   828   -1
156   850   -1
165   876   -1
170   1106  -1
175   532   -1
177   1332  -1
183   553   -1
185   336   -1
198   1150  -1
201   1131  -1
207   1162  -1
210   1162  -1
217   754   -1
232   463   -1
240   144   -1
246   585   -1
254   414   -1
271   581   -1
274   553   -1
297   592   -1
306   595   -1
311   494   -1
321   410   -1
323   489   -1
332   487   -1
336   442   -1
395   59    -1
406   251   -1
409   219   -1
413   240   -1
413   943   -1
414   948   -1
423   134   -1
438   165   -1
443   650   -1
448   949   -1
457   651   -1
460   225   -1
464   640   -1
475   297   -1
476   199   -1
476   651   -1
488   949   -1
491   952   -1
494   946   -1
500   659   -1
503   1049  -1
506   1060  -1
517   1000  -1
523   1083  -1
525   43    -1
525   929   -1
525   1018  -1
526   1054  -1
527   1244  -1
538   666   -1
544   1002  -1
548   292   -1
548   671   -1
549   1022  -1
553   346   -1
556   1010  -1
561   880   -1
561   1232  -1
563   1015  -1
564   954   -1
564   1199  -1
566   1183  -1
567   776   -1
569   696   -1
571   1190  -1
572   1123  -1
574   1173  -1
576   1076  -1
577   924   -1
578   1201  -1
579   911   -1
582   940   -1
583   927   -1
584   776   -1
585   873   -1
586   1140  -1
588   349   -1
588   932   -1
588   1205  -1
589   1021  -1
589   1173  -1
590   1007  -1
591   693   -1
593   1097  -1
595   309   -1
597   704   -1
597   907   -1
598   946   -1
598   959   -1
599   1013  -1
601   1117  -1
604   932   -1
611   889   -1
611   928   -1
611   991   -1
613   933   -1
614   302   -1
614   711   -1
618   1108  -1
619   1012  -1
620   685   -1
621   985   -1
622   315   -1
625   818   -1
625   962   -1
625   970   -1
626   170   -1
626   851   -1
626   984   -1
626   1048  -1
627   1109  -1
628   1079  -1
629   332   -1
631   341   -1
632   945   -1
634   894   -1
637   417   -1
639   754   -1
640   350   -1
640   1096  -1
642   730   -1
642   935   -1
645   879   -1
646   1216  -1
648   1002  -1
650   1042  -1
651   476   -1
652   674   -1
652   775   -1
652   1186  -1
653   695   -1
653   899   -1
654   365   -1
655   903   -1
655   1002  -1
656   1015  -1
657   537   -1
657   831   -1
658   1178  -1
659   859   -1
659   1143  -1
660   651   -1
660   1173  -1
660   1259  -1
661   843   -1
662   1159  -1
665   18    -1
665   849   -1
665   1105  -1
666   311   -1
666   1149  -1
667   524   -1
669   1130  -1
670   1091  -1
671   575   -1
671   887   -1
671   1123  -1
673   966   -1
674   1073  -1
675   852   -1
676   1110  -1
677   346   -1
679   495   -1
679   856   -1
680   567   -1
682   356   -1
682   875   -1
684   1206  -1
685   771   -1
686   1133  -1
689   738   -1
689   1291  -1
690   1236  -1
690   1313  -1
692   584   -1
692   1110  -1
693   622   -1
694   779   -1
694   925   -1
694   1002  -1
695   1123  -1
695   1149  -1
699   318   -1
700   1098  -1
700   1338  -1
701   612   -1
702   1143  -1
702   1314  -1
703   956   -1
704   999   -1
704   1027  -1
705   363   -1
705   967   -1
707   678   -1
707   1093  -1
708   748   -1
709   507   -1
709   972   -1
709   1330  -1
710   609   -1
711   553   -1
711   627   -1
711   706   -1
711   1178  -1
712   369   -1
712   982   -1
713   1345  -1
715   693   -1
715   1004  -1
718   924   -1
719   1191  -1
720   317   -1
720   515   -1
720   1099  -1
720   1341  -1
721   914   -1
721   1046  -1
725   886   -1
725   1036  -1
726   503   -1
726   1310  -1
727   760   -1
727   1347  -1
728   1123  -1
729   964   -1
730   762   -1
730   922   -1
731   514   -1
731   556   -1
732   1159  -1
733   687   -1
734   328   -1
734   631   -1
734   944   -1
734   958   -1
734   1106  -1
734   1144  -1
735   742   -1
735   926   -1
735   984   -1
736   761   -1
739   737   -1
739   1353  -1
740   661   -1
740   815   -1
740   1204  -1
740   1280  -1
741   1114  -1
742   1077  -1
744   796   -1
745   330   -1
745   1156  -1
745   1189  -1
746   751   -1
746   761   -1
747   741   -1
748   930   -1
748   1098  -1
750   1029  -1
750   1253  -1
750   1320  -1
752   633   -1
752   639   -1
753   331   -1
753   804   -1
753   1017  -1
753   1345  -1
755   817   -1
755   1199  -1
755   1302  -1
755   1377  -1
755   1553  -1
757   1566  -1
758   1065  -1
758   1588  -1
758   1615  -1
759   1269  -1
760   43    -1
760   1340  -1
760   1609  -1
761   719   -1
761   1316  -1
762   914   -1
763   1418  -1
764   352   -1
764   1060  -1
764   1536  -1
765   1378  -1
765   1434  -1
765   1441  -1
766   872   -1
767   1023  -1
767   1371  -1
768   13    -1
768   1144  -1
768   1158  -1
768   1455  -1
768   1501  -1
769   865   -1
769   900   -1
770   938   -1
770   981   -1
771   24    -1
772   713   -1
772   1141  -1
772   1251  -1
773   336   -1
773   1037  -1
773   1217  -1
775   1321  -1
775   1393  -1
775   1444  -1
776   1353  -1
778   1097  -1
778   1147  -1
778   1542  -1
779   573   -1
780   956   -1
780   1208  -1
781   1055  -1
782   1224  -1
784   1276  -1
785   1190  -1
786   707   -1
786   739   -1
786   1199  -1
787   1063  -1
788   875   -1
788   998   -1
788   1102  -1
789   1282  -1
791   688   -1
791   833   -1
792   888   -1
792   940   -1
792   1334  -1
794   619   -1
794   1691  -1
795   1169  -1
796   930   -1
796   1346  -1
796   1667  -1
797   1155  -1
798   870   -1
799   720   -1
799   805   -1
799   949   -1
799   1006  -1
799   1310  -1
800   697   -1
800   735   -1
800   980   -1
800   1695  -1
801   1015  -1
802   1124  -1
802   1293  -1
804   1248  -1
806   730   -1
807   916   -1
807   1004  -1
807   1424  -1
808   460   -1
810   624   -1
810   1353  -1
810   1588  -1
811   426   -1
811   1143  -1
811   1371  -1
811   1423  -1
811   1671  -1
812   1233  -1
812   1644  -1
813   503   -1
813   1344  -1
813   1514  -1
814   614   -1
815   883   -1
815   1072  -1
815   1563  -1
816   1307  -1
817   777   -1
818   565   -1
818   902   -1
818   1157  -1
818   1320  -1
818   1523  -1
818   1633  -1
819   651   -1
819   1453  -1
820   1533  -1
821   1339  -1
822   1324  -1
823   785   -1
823   977   -1
824   1378  -1
824   1382  -1
825   528   -1
825   1148  -1
825   1623  -1
826   1091  -1
827   512   -1
827   879   -1
827   888   -1
827   1568  -1
828   643   -1
829   1578  -1
831   1485  -1
832   918   -1
832   929   -1
833   622   -1
833   1353  -1
834   713   -1
834   1394  -1
836   356   -1
836   533   -1
836   1450  -1
837   807   -1
838   573   -1
838   746   -1
838   801   -1
839   616   -1
839   1101  -1
840   687   -1
840   728   -1
840   1367  -1
841   1175  -1
842   674   -1
844   1333  -1
846   419   -1
846   532   -1
846   725   -1
846   801   -1
848   665   -1
850   81    -1
850   178   -1
850   1027  -1
851   1082  -1
853   655   -1
853   1401  -1
854   971   -1
855   629   -1
855   724   -1
856   421   -1
857   167   -1
857   775   -1
857   1081  -1
858   618   -1
858   669   -1
859   1126  -1
860   192   -1
860   850   -1
860   881   -1
860   1846  -1
861   765   -1
862   821   -1
862   1001  -1
862   1022  -1
863   921   -1
864   1378  -1
865   948   -1
866   566   -1
866   851   -1
866   981   -1
867   77    -1
868   828   -1
868   893   -1
868   901   -1
869   406   -1
869   415   -1
869   928   -1
869   1380  -1
870   181   -1
870   465   -1
871   675   -1
871   878   -1
872   549   -1
872   667   -1
872   915   -1
873   617   -1
873   854   -1
873   890   -1
873   1382  -1
875   169   -1
875   675   -1
876   124   -1
876   528   -1
876   538   -1
877   869   -1
879   1212  -1
880   537   -1
880   611   -1
880   746   -1
880   1108  -1
880   1150  -1
881   696   -1
882   120   -1
884   1179  -1
885   858   -1
885   1120  -1
885   1213  -1
886   769   -1
887   449   -1
887   637   -1
887   664   -1
887   1082  -1
888   680   -1
888   1131  -1
889   7     -1
889   527   -1
890   906   -1
890   1198  -1
890   1209  -1
892   545   -1
892   727   -1
893   730   -1
893   760   -1
893   990   -1
894   827   -1
894   941   -1
895   1072  -1
895   1345  -1
896   784   -1
897   444   -1
897   770   -1
898   499   -1
899   641   -1
899   730   -1
900   629   -1
900   659   -1
900   1335  -1
901   490   -1
901   724   -1
902   432   -1
902   686   -1
902   710   -1
902   885   -1
902   904   -1
902   941   -1
902   996   -1
902   1797  -1
903   1400  -1
904   631   -1
907   636   -1
908   1405  -1
909   429   -1
909   620   -1
910   763   -1
910   1330  -1
911   103   -1
911   408   -1
911   901   -1
911   936   -1
912   248   -1
912   558   -1
912   629   -1
912   635   -1
912   1348  -1
913   564   -1
913   643   -1
913   819   -1
913   1072  -1
914   665   -1
914   897   -1
914   1129  -1
914   1166  -1
915   1080  -1
915   1090  -1
916   240   -1
916   524   -1
917   959   -1
918   782   -1
919   562   -1
919   972   -1
919   1342  -1
921   905   -1
921   921   -1
923   1112  -1
923   1157  -1
924   517   -1
924   812   -1
924   1202  -1
926   529   -1
926   598   -1
926   1210  -1
928   613   -1
928   642   -1
928   737   -1
928   1231  -1
929   860   -1
929   1653  -1
930   1396  -1
931   504   -1
931   835   -1
931   1169  -1
932   1175  -1
933   612   -1
934   110   -1
934   507   -1
934   664   -1
934   827   -1
934   886   -1
935   123   -1
935   590   -1
935   963   -1
935   1260  -1
936   471   -1
937   88    -1
937   148   -1
937   432   -1
937   734   -1
937   1632  -1
938   421   -1
938   1404  -1
939   1114  -1
939   1182  -1
939   1309  -1
940   381   -1
940   706   -1
940   760   -1
941   497   -1
942   492   -1
942   874   -1
942   1284  -1
943   552   -1
943   623   -1
944   789   -1
944   1174  -1
945   886   -1
945   905   -1
945   1199  -1
945   1748  -1
946   518   -1
946   819   -1
946   1083  -1
947   740   -1
947   1077  -1
947   1187  -1
947   1214  -1
947   1548  -1
947   1564  -1
948   641   -1
948   790   -1
948   1162  -1
949   633   -1
950   326   -1
950   825   -1
951   467   -1
951   671   -1
951   718   -1
951   1174  -1
951   1476  -1
952   572   -1
952   927   -1
952   1008  -1
952   1035  -1
953   1244  -1
954   592   -1
954   1613  -1
955   758   -1
955   910   -1
955   993   -1
956   838   -1
956   1126  -1
956   1264  -1
956   1392  -1
957   171   -1
957   517   -1
957   685   -1
957   1689  -1
958   635   -1
958   751   -1
958   1189  -1
959   597   -1
959   926   -1
960   190   -1
960   223   -1
960   814   -1
960   909   -1
961   138   -1
961   1252  -1
962   1071  -1
963   851   -1
963   931   -1
963   1215  -1
964   482   -1
964   943   -1
964   1615  -1
965   329   -1
965   834   -1
965   1074  -1
965   1282  -1
966   848   -1
966   1000  -1
967   1377  -1
968   206   -1
968   489   -1
968   544   -1
968   1467  -1
969   635   -1
969   900   -1
970   738   -1
971   208   -1
971   941   -1
971   1390  -1
972   752   -1
972   1507  -1
973   381   -1
974   243   -1
974   278   -1
974   804   -1
974   895   -1
975   921   -1
975   931   -1
975   1130  -1
975   1524  -1
976   826   -1
976   1380  -1
977   472   -1
977   536   -1
977   987   -1
977   1192  -1
978   478   -1
978   510   -1
978   1041  -1
978   1080  -1
978   1400  -1
979   1019  -1
979   1105  -1
979   1204  -1
980   202   -1
980   594   -1
980   744   -1
980   793   -1
982   720   -1
982   956   -1
983   466   -1
983   528   -1
983   536   -1
983   571   -1
983   704   -1
983   988   -1
983   1025  -1
984   304   -1
984   850   -1
984   929   -1
984   963   -1
985   817   -1
985   1259  -1
985   1439  -1
986   451   -1
986   1368  -1
986   1411  -1
987   403   -1
988   471   -1
988   673   -1
988   799   -1
988   927   -1
988   1234  -1
989   1056  -1
989   1093  -1
990   243   -1
990   955   -1
990   1223  -1
992   805   -1
992   861   -1
992   1573  -1
993   1061  -1
993   1075  -1
993   1197  -1
994   322   -1
994   782   -1
994   1003  -1
994   1142  -1
995   1517  -1
996   337   -1
996   505   -1
996   645   -1
996   671   -1
997   523   -1
997   624   -1
997   690   -1
997   697   -1
997   799   -1
998   870   -1
998   1429  -1
999   903   -1
999   929   -1
1000  1186  -1
1001  784   -1
1001  1178  -1
1002  335   -1
1002  577   -1
1002  659   -1
1002  1374  -1
1003  682   -1
1003  712   -1
1003  777   -1
1003  1385  -1
1004  748   -1
1004  1201  -1
1005  98    -1
1005  297   -1
1005  487   -1
1005  533   -1
1005  926   -1
1005  942   -1
1005  1217  -1
1005  1407  -1
1006  902   -1
1006  1302  -1
1007  344   -1
1007  611   -1
1007  874   -1
1007  934   -1
1008  169   -1
1008  507   -1
1009  776   -1
1011  453   -1
1011  601   -1
1011  676   -1
1011  1034  -1
1012  756   -1
1012  897   -1
1012  913   -1
1012  1019  -1
1012  1580  -1
1013  373   -1
1013  624   -1
1014  671   -1
1014  1290  -1
1016  403   -1
1016  1340  -1
1017  547   -1
1017  795   -1
1018  344   -1
1018  625   -1
1018  739   -1
1018  920   -1
1019  1132  -1
1020  317   -1
1020  496   -1
1020  585   -1
1020  649   -1
1020  814   -1
1021  152   -1
1021  572   -1
1021  931   -1
1021  1123  -1
1022  473   -1
1022  1000  -1
1022  1084  -1
1022  1214  -1
1022  1331  -1
1023  602   -1
1024  877   -1
1026  534   -1
1026  557   -1
1026  931   -1
1027  1036  -1
1028  542   -1
1028  809   -1
1028  1161  -1
1028  1406  -1
1029  147   -1
1029  524   -1
1029  818   -1
1030  772   -1
1030  943   -1
1030  1010  -1
1030  1127  -1
1030  1848  -1
1031  157   -1
1031  704   -1
1031  840   -1
1031  939   -1
1031  1116  -1
1032  187   -1
1032  799   -1
1032  954   -1
1032  1056  -1
1033  612   -1
1033  917   -1
1033  932   -1
1033  1829  -1
1034  117   -1
1034  1096  -1
1034  1990  -1
1035  911   -1
1036  56    -1
1036  1003  -1
1036  1077  -1
1037  581   -1
1037  817   -1
1037  927   -1
1037  1286  -1
1038  358   -1
1038  653   -1
1038  971   -1
1040  289   -1
1040  1173  -1
1040  1226  -1
1041  682   -1
1041  1059  -1
1041  1099  -1
1041  1153  -1
1041  1232  -1
1042  947   -1
1042  1189  -1
1043  580   -1
1043  635   -1
1043  1147  -1
1045  755   -1
1045  944   -1
1045  1279  -1
1045  1295  -1
1046  144   -1
1046  697   -1
1046  719   -1
1046  1521  -1
1047  842   -1
1047  1120  -1
1047  1155  -1
1048  506   -1
1048  910   -1
1049  527   -1
1049  603   -1
1049  632   -1
1049  729   -1
1049  1051  -1
1049  1564  -1
1050  659   -1
1050  1145  -1
1050  1840  -1
1051  610   -1
1052  390   -1
1052  418   -1
1052  557   -1
1052  973   -1
1052  1125  -1
1053  407   -1
1053  424   -1
1053  431   -1
1053  879   -1
1053  1285  -1
1053  1472  -1
1054  464   -1
1054  775   -1
1054  966   -1
1054  991   -1
1055  375   -1
1056  141   -1
1056  591   -1
1056  819   -1
1056  1521  -1
1057  53    -1
1057  528   -1
1057  1048  -1
1057  1304  -1
1057  1534  -1
1058  1339  -1
1058  1432  -1
1059  391   -1
1059  803   -1
1059  1096  -1
1059  1420  -1
1060  1451  -1
1061  296   -1
1061  840   -1
1061  1214  -1
1061  1364  -1
1061  1460  -1
1062  42    -1
1062  1639  -1
1063  88    -1
1063  1327  -1
1063  1374  -1
1064  952   -1
1064  1040  -1
1064  1192  -1
1064  1274  -1
1065  736   -1
1065  877   -1
1065  959   -1
1065  976   -1
1065  1097  -1
1066  706   -1
1066  766   -1
1066  1414  -1
1067  573   -1
1067  596   -1
1068  83    -1
1068  472   -1
1068  1106  -1
1068  1580  -1
1069  827   -1
1069  936   -1
1070  1119  -1
1070  1153  -1
1071  819   -1
1071  844   -1
1071  1509  -1
1072  927   -1
1073  665   -1
1073  870   -1
1074  733   -1
1074  910   -1
1074  997   -1
1075  365   -1
1075  752   -1
1075  1129  -1
1075  1266  -1
1075  1676  -1
1075  1863  -1
1076  1064  -1
1076  1658  -1
1078  348   -1
1078  937   -1
1078  1233  -1
1078  1262  -1
1078  1526  -1
1078  1643  -1
1079  616   -1
1079  637   -1
1079  824   -1
1079  841   -1
1079  900   -1
1080  790   -1
1080  1093  -1
1081  367   -1
1081  894   -1
1081  1074  -1
1082  938   -1
1082  1244  -1
1082  1267  -1
1083  396   -1
1084  305   -1
1084  661   -1
1084  701   -1
1084  1021  -1
1085  546   -1
1085  710   -1
1085  1151  -1
1085  1661  -1
1086  409   -1
1086  418   -1
1087  161   -1
1087  957   -1
1088  208   -1
1088  599   -1
1088  880   -1
1088  948   -1
1088  1047  -1
1090  931   -1
1090  1103  -1
1090  1328  -1
1090  1853  -1
1091  23    -1
1091  391   -1
1091  655   -1
1091  770   -1
1091  1423  -1
1092  563   -1
1092  703   -1
1092  1050  -1
1093  454   -1
1093  531   -1
1093  1045  -1
1094  414   -1
1094  636   -1
1095  670   -1
1095  813   -1
1096  772   -1
1096  903   -1
1096  1127  -1
1096  1520  -1
1097  953   -1
1098  1113  -1
1098  1135  -1
1099  874   -1
1099  1189  -1
1101  994   -1
1102  320   -1
1102  1919  -1
1103  690   -1
1104  737   -1
1104  906   -1
1104  970   -1
1105  662   -1
1105  1315  -1
1105  1472  -1
1105  1860  -1
1106  2002  -1
1107  1126  -1
1107  1432  -1
1108  944   -1
1108  1016  -1
1108  1041  -1
1109  544   -1
1109  733   -1
1109  1005  -1
1109  1424  -1
1109  1447  -1
1110  1084  -1
1110  1110  -1
1110  1308  -1
1110  1548  -1
1111  758   -1
1111  1338  -1
1113  907   -1
1113  1277  -1
1114  627   -1
1114  936   -1
1114  1430  -1
1115  673   -1
1115  1319  -1
1115  1538  -1
1116  1050  -1
1116  1361  -1
1117  894   -1
1117  969   -1
1117  1072  -1
1117  1555  -1
1118  408   -1
1118  645   -1
1118  992   -1
1118  1944  -1
1119  897   -1
1120  1377  -1
1121  797   -1
1122  310   -1
1122  600   -1
1122  1490  -1
1123  1093  -1
1123  1276  -1
1124  232   -1
1124  1145  -1
1124  1309  -1
1125  1041  -1
1125  1187  -1
1126  1285  -1
1126  1874  -1
1127  311   -1
1127  1802  -1
1128  384   -1
1128  519   -1
1128  732   -1
1128  1067  -1
1128  1125  -1
1128  1542  -1
1128  1554  -1
1128  1671  -1
1129  608   -1
1129  728   -1
1129  909   -1
1130  509   -1
1130  654   -1
1131  893   -1
1131  925   -1
1131  957   -1
1131  1001  -1
1131  1584  -1
1132  322   -1
1132  1111  -1
1133  399   -1
1133  587   -1
1133  633   -1
1133  989   -1
1133  1129  -1
1133  1789  -1
1134  1517  -1
1135  685   -1
1136  326   -1
1136  572   -1
1136  661   -1
1137  233   -1
1137  825   -1
1137  1058  -1
1137  1133  -1
1138  1179  -1
1138  1298  -1
1139  710   -1
1139  1032  -1
1139  1186  -1
1139  1283  -1
1140  1894  -1
1143  225   -1
1143  680   -1
1143  1168  -1
1143  1269  -1
1145  1313  -1
1146  1241  -1
1146  1278  -1
1147  700   -1
1147  1023  -1
1147  1077  -1
1147  1084  -1
1147  1183  -1
1147  1192  -1
1148  603   -1
1148  673   -1
1148  877   -1
1148  929   -1
1148  936   -1
1148  974   -1
1149  1202  -1
1149  1254  -1
1149  1809  -1
1150  1546  -1
1150  1889  -1
1152  284   -1
1152  697   -1
1152  809   -1
1152  1805  -1
1153  703   -1
1154  377   -1
1154  645   -1
1155  575   -1
1155  687   -1
1155  1097  -1
1156  373   -1
1157  229   -1
1157  597   -1
1157  672   -1
1157  1005  -1
1158  1208  -1
1158  1527  -1
1159  900   -1
1159  1161  -1
1159  1874  -1
1161  1221  -1
1162  873   -1
1163  374   -1
1163  697   -1
1163  1296  -1
1164  858   -1
1165  327   -1
1166  601   -1
1166  672   -1
1166  919   -1
1167  1707  -1
1167  1747  -1
1168  446   -1
1168  620   -1
1168  1033  -1
1168  1500  -1
1169  556   -1
1169  954   -1
1170  566   -1
1171  1236  -1
1172  1265  -1
1173  318   -1
1173  1070  -1
1174  678   -1
1174  1084  -1
1174  1137  -1
1174  1246  -1
1175  889   -1
1176  736   -1
1176  1164  -1
1176  1255  -1
1177  642   -1
1178  254   -1
1178  633   -1
1178  696   -1
1178  726   -1
1180  589   -1
1180  1053  -1
1180  1620  -1
1180  1786  -1
1181  476   -1
1181  1274  -1
1181  1358  -1
1181  1490  -1
1183  631   -1
1183  802   -1
1183  1179  -1
1183  1552  -1
1184  810   -1
1185  379   -1
1185  589   -1
1185  1011  -1
1185  1085  -1
1186  478   -1
1186  1843  -1
1187  753   -1
1187  1150  -1
1187  1690  -1
1188  1033  -1
1188  1139  -1
1189  1080  -1
1190  922   -1
1190  1874  -1
1191  1185  -1
1191  1653  -1
1192  571   -1
1192  1828  -1
1193  746   -1
1193  947   -1
1194  719   -1
1194  1158  -1
1195  1679  -1
1196  971   -1
1196  1051  -1
1196  1406  -1
1196  1642  -1
1197  675   -1
1197  980   -1
1197  1080  -1
1198  731   -1
1198  775   -1
1198  1162  -1
1199  1333  -1
1199  1417  -1
1200  1096  -1
1200  1800  -1
1201  966   -1
1201  1760  -1
1202  227   -1
1202  593   -1
1202  1188  -1
1203  626   -1
1203  1379  -1
1203  1509  -1
1204  509   -1
1204  1096  -1
1204  1528  -1
1206  1422  -1
1207  398   -1
1207  1105  -1
1207  1581  -1
1208  1075  -1
1208  1340  -1
1208  1730  -1
1209  532   -1
1209  779   -1
1209  1778  -1
1209  1789  -1
1210  1503  -1
1210  1810  -1
1210  1845  -1
1211  414   -1
1211  623   -1
1211  1798  -1
1212  1647  -1
1213  1709  -1
1214  1278  -1
1215  601   -1
1215  1323  -1
1215  1420  -1
1216  834   -1
1217  953   -1
1217  1056  -1
1218  680   -1
1218  1199  -1
1218  1255  -1
1218  1343  -1
1219  1625  -1
1219  2014  -1
1220  543   -1
1220  1409  -1
1220  1707  -1
1220  1760  -1
1221  1350  -1
1222  1229  -1
1223  931   -1
1223  1623  -1
1224  1108  -1
1225  1241  -1
1226  1116  -1
1226  1669  -1
1229  873   -1
1230  772   -1
1230  1273  -1
1231  762   -1
1231  1301  -1
1231  1326  -1
1232  1014  -1
1232  1406  -1
1233  713   -1
1233  1085  -1
1235  775   -1
1235  1134  -1
1235  1317  -1
1236  1002  -1
1236  1172  -1
1237  566   -1
1237  1560  -1
1238  425   -1
1238  1259  -1
1239  790   -1
1239  1118  -1
1239  1969  -1
1241  406   -1
1244  716   -1
1245  578   -1
1245  871   -1
1245  1129  -1
1245  1346  -1
1246  590   -1
1247  163   -1
1247  784   -1
1247  793   -1
1247  956   -1
1248  1552  -1
1249  1297  -1
1249  1421  -1
1253  688   -1
1254  1182  -1
1255  607   -1
1255  1232  -1
1255  1794  -1
1256  794   -1
1256  820   -1
1256  1389  -1
1257  774   -1
1257  1658  -1
1258  601   -1
1258  922   -1
1258  1610  -1
1260  235   -1
1261  701   -1
1261  1644  -1
1262  1456  -1
1263  242   -1
1263  1463  -1
1265  417   -1
1265  1386  -1
1265  1392  -1
1266  560   -1
1266  762   -1
1266  1082  -1
1266  1656  -1
1268  1088  -1
1268  1572  -1
1269  1483  -1
1269  1521  -1
1270  239   -1
1271  702   -1
1271  888   -1
1272  819   -1
1272  1106  -1
1272  1295  -1
1272  1959  -1
1273  947   -1
1274  1662  -1
1275  66    -1
1275  731   -1
1276  801   -1
1276  1222  -1
1276  1554  -1
1276  1745  -1
1277  152   -1
1277  1267  -1
1278  866   -1
1278  939   -1
1278  975   -1
1279  587   -1
1279  840   -1
1279  933   -1
1279  1090  -1
1280  774   -1
1280  1143  -1
1280  1176  -1
1281  1163  -1
1281  1350  -1
1281  1504  -1
1282  795   -1
1282  993   -1
1282  1282  -1
1283  684   -1
1284  1155  -1
1285  1311  -1
1285  1956  -1
1287  761   -1
1287  1301  -1
1289  791   -1
1289  959   -1
1290  244   -1
1290  640   -1
1290  1676  -1
1291  237   -1
1291  1682  -1
1292  1040  -1
1292  1588  -1
1292  1615  -1
1293  1953  -1
1294  1048  -1
1294  1094  -1
1294  1223  -1
1295  742   -1
1295  1942  -1
1296  802   -1
1297  701   -1
1297  1002  -1
1297  1372  -1
1297  1458  -1
1297  1668  -1
1297  1752  -1
1298  944   -1
1298  1152  -1
1298  1396  -1
1299  1175  -1
1300  912   -1
1300  947   -1
1300  1506  -1
1300  1911  -1
1301  1561  -1
1302  822   -1
1303  1067  -1
1304  1409  -1
1305  443   -1
1306  1945  -1
1306  1955  -1
1307  731   -1
1307  1436  -1
1308  1166  -1
1309  738   -1
1309  1025  -1
1309  1158  -1
1309  1186  -1
1309  1223  -1
1310  891   -1
1310  1398  -1
1310  1418  -1
1310  1460  -1
1311  267   -1
1311  807   -1
1312  1437  -1
1313  1044  -1
1314  960   -1
1314  1444  -1
1314  1720  -1
1315  1017  -1
1315  1583  -1
1316  779   -1
1316  901   -1
1316  1930  -1
1317  728   -1
1318  1249  -1
1318  1338  -1
1318  1563  -1
1319  948   -1
1320  959   -1
1320  1202  -1
1324  460   -1
1324  1022  -1
1325  475   -1
1325  934   -1
1326  1417  -1
1328  715   -1
1328  1646  -1
1330  805   -1
1330  1769  -1
1331  448   -1
1331  868   -1
1333  843   -1
1333  1811  -1
1333  1893  -1
1334  834   -1
1334  1051  -1
1334  1059  -1
1335  858   -1
1336  1965  -1
1337  1126  -1
1337  1667  -1
1337  1915  -1
1338  775   -1
1338  1189  -1
1339  1582  -1
1339  1732  -1
1340  15    -1
1340  1205  -1
1341  1558  -1
1342  1138  -1
1342  1226  -1
1342  1755  -1
1343  774   -1
1343  801   -1
1343  1308  -1
1343  1596  -1
1343  1918  -1
1345  1218  -1
1345  1282  -1
1346  1533  -1
1347  926   -1
1348  902   -1
1349  876   -1
1349  947   -1
1349  956   -1
1349  1152  -1
1350  498   -1
1350  1642  -1
1351  802   -1
1351  1162  -1
1351  1445  -1
1351  1489  -1
1352  1742  -1
1353  842   -1
1353  883   -1
1353  1145  -1
1353  1401  -1
1354  316   -1
1354  789   -1
1354  918   -1
1355  927   -1
1355  1867  -1
1356  898   -1
1356  939   -1
1356  1935  -1
1358  337   -1
1358  1897  -1
1360  1313  -1
1361  1070  -1
1363  942   -1
1363  1199  -1
1364  1143  -1
1365  920   -1
1366  509   -1
1366  929   -1
1366  1323  -1
1367  1195  -1
1367  1881  -1
1368  1659  -1
1369  1100  -1
1369  1651  -1
1369  1830  -1
1370  1594  -1
1371  498   -1
1371  957   -1
1371  1085  -1
1371  1824  -1
1371  1902  -1
1372  1301  -1
1372  1540  -1
1373  950   -1
1373  1856  -1
1374  508   -1
1374  1099  -1
1375  1072  -1
1376  1266  -1
1378  1823  -1
1379  1751  -1
1379  1809  -1
1381  14    -1
1382  1251  -1
1382  1273  -1
1383  1230  -1
1384  1726  -1
1384  1762  -1
1385  1398  -1
1385  1515  -1
1386  1368  -1
1387  1751  -1
1387  1809  -1
1388  1082  -1
1389  1324  -1
1389  1488  -1
1390  366   -1
1395  1095  -1
1397  1011  -1
1397  1299  -1
1397  1399  -1
1398  1493  -1
1402  18    -1
1402  918   -1
1402  1692  -1
1403  1685  -1
1403  1878  -1
1404  358   -1
1405  1514  -1
1406  1207  -1
1407  900   -1
1410  1374  -1
1411  995   -1
1413  497   -1
1415  1367  -1
1417  530   -1
1418  1331  -1
1419  1213  -1
1420  1399  -1
1421  1184  -1
1423  1456  -1
1424  394   -1
1424  1347  -1
1424  1437  -1
1426  921   -1
1429  445   -1
1429  1430  -1
1432  1011  -1
1434  1206  -1
1434  1395  -1
1435  1082  -1
1435  1436  -1
1436  1171  -1
1439  471   -1
1441  1040  -1
1443  1020  -1
1444  530   -1
1446  1190  -1
1447  1196  -1
1448  1403  -1
1449  1456  -1
1454  493   -1
1454  900   -1
1455  1440  -1
1456  1044  -1
1457  910   -1
1458  506   -1
1459  879   -1
1459  1060  -1
1459  1151  -1
1463  514   -1
1463  1063  -1
1465  1184  -1
1466  1048  -1
1468  514   -1
1471  1036  -1
1472  1443  -1
1473  1147  -1
1473  1176  -1
1476  516   -1
1477  1141  -1
1478  1036  -1
1478  1453  -1
1480  894   -1
1482  549   -1
1488  1051  -1
1491  1108  -1
1492  528   -1
1492  878   -1
1493  1530  -1
1494  1525  -1
1495  871   -1
1498  1502  -1
1502  518   -1
1507  1031  -1
1508  808   -1
1508  812   -1
1509  828   -1
1510  861   -1
1512  851   -1
1513  519   -1
1515  864   -1
1518  1551  -1
1522  844   -1
1529  829   -1
1530  790   -1
1531  1560  -1
1532  546   -1
1534  734   -1
1534  765   -1
1537  1598  -1
1539  996   -1
1540  628   -1
1540  1610  -1
1541  723   -1
1541  1569  -1
1542  656   -1
1545  525   -1
1545  787   -1
1548  1021  -1
1550  527   -1
1551  713   -1
1552  1598  -1
1553  534   -1
1553  1000  -1
1556  747   -1
1557  727   -1
1557  742   -1
1558  541   -1
1560  999   -1
1563  707   -1
1563  988   -1
1563  1636  -1
1569  534   -1
1570  993   -1
1576  973   -1
1578  543   -1
1581  749   -1
1584  1638  -1
1585  1628  -1
1587  524   -1
1587  784   -1
1587  979   -1
1594  525   -1
1594  961   -1
1606  974   -1
1613  760   -1
1613  951   -1
1642  958   -1
1664  954   -1
1670  932   -1
1674  952   -1
1683  926   -1
1811  1347  -1
1823  1349  -1
1844  1352  -1
1860  1364  -1
1869  1364  -1
1872  1369  -1
1877  1359  -1
1961  1558  -1
1974  1557  -1
165   925   -1
215   1158  -1
261   142   -1
258   141   -1
280   217   -1
278   215   -1
372   461   -1
419   933   -1
428   960   -1
435   955   -1
454   948   -1
463   952   -1
486   935   -1
513   938   -1
526   1089  -1
525   1006  -1
532   936   -1
542   975   -1
540   973   -1
560   1189  -1
563   1063  -1
564   1186  -1
565   988   -1
578   956   -1
579   1178  -1
580   789   -1
581   1069  -1
582   1063  -1
585   991   -1
588   691   -1
592   677   -1
592   882   -1
597   890   -1
597   1008  -1
596   1216  -1
597   790   -1
599   1026  -1
600   827   -1
604   864   -1
603   992   -1
605   1149  -1
607   807   -1
614   824   -1
616   376   -1
626   698   -1
626   1017  -1
627   991   -1
627   1063  -1
629   709   -1
630   914   -1
631   162   -1
631   1076  -1
632   733   -1
635   734   -1
640   793   -1
647   1078  -1
641   1036  -1
654   1031  -1
657   1059  -1
658   640   -1
663   1111  -1
665   1250  -1
667   582   -1
667   1276  -1
669   1097  -1
670   512   -1
673   1040  -1
675   1195  -1
680   534   -1
682   885   -1
681   943   -1
681   1289  -1
685   870   -1
685   1117  -1
686   367   -1
688   907   -1
689   918   -1
690   1257  -1
692   763   -1
693   654   -1
697   885   -1
697   882   -1
697   1017  -1
701   878   -1
705   1043  -1
706   313   -1
708   1290  -1
708   1306  -1
710   580   -1
714   711   -1
715   501   -1
715   608   -1
717   1056  -1
715   1054  -1
718   952   -1
721   617   -1
720   807   -1
721   530   -1
721   1261  -1
726   951   -1
729   1017  -1
731   1324  -1
732   870   -1
733   1030  -1
733   362   -1
735   1006  -1
735   1230  -1
736   879   -1
743   1336  -1
748   967   -1
750   344   -1
754   1411  -1
754   900   -1
755   1576  -1
758   1533  -1
759   1351  -1
760   921   -1
761   78    -1
761   1282  -1
761   1293  -1
764   1554  -1
764   1454  -1
766   80    -1
770   1185  -1
772   359   -1
772   745   -1
771   1033  -1
773   1575  -1
776   1122  -1
777   1008  -1
778   860   -1
781   655   -1
782   552   -1
784   339   -1
784   336   -1
783   897   -1
783   1286  -1
784   768   -1
788   592   -1
788   768   -1
789   1309  -1
790   1230  -1
795   427   -1
793   1003  -1
793   1195  -1
794   1723  -1
797   1199  -1
796   1322  -1
797   1647  -1
797   1676  -1
799   1348  -1
801   1353  -1
800   1623  -1
803   1215  -1
803   1678  -1
804   1710  -1
804   1727  -1
806   1321  -1
806   893   -1
811   706   -1
808   706   -1
809   1218  -1
809   1151  -1
812   572   -1
811   1220  -1
811   1396  -1
814   461   -1
812   459   -1
812   1243  -1
812   1269  -1
813   1566  -1
812   1655  -1
813   418   -1
814   1595  -1
814   330   -1
815   917   -1
816   1282  -1
817   1317  -1
818   1495  -1
819   1276  -1
820   1057  -1
822   1475  -1
824   1164  -1
824   500   -1
824   741   -1
825   333   -1
825   849   -1
828   1320  -1
829   1508  -1
830   1542  -1
833   1480  -1
834   521   -1
834   1032  -1
834   984   -1
838   1462  -1
840   610   -1
841   981   -1
841   872   -1
842   941   -1
841   1011  -1
842   1026  -1
842   1480  -1
844   1100  -1
845   981   -1
846   1395  -1
847   838   -1
849   527   -1
851   91    -1
853   961   -1
853   558   -1
853   1041  -1
855   209   -1
855   212   -1
855   815   -1
857   544   -1
860   1441  -1
861   1077  -1
865   646   -1
867   512   -1
867   520   -1
874   432   -1
875   200   -1
876   1406  -1
877   493   -1
879   660   -1
879   1182  -1
881   688   -1
882   987   -1
884   403   -1
885   713   -1
884   873   -1
885   762   -1
886   1139  -1
888   488   -1
889   714   -1
888   824   -1
889   942   -1
892   535   -1
893   530   -1
894   1090  -1
896   956   -1
898   635   -1
898   711   -1
898   811   -1
901   970   -1
903   789   -1
903   1301  -1
904   580   -1
904   1152  -1
906   914   -1
907   651   -1
909   1135  -1
908   1320  -1
911   1800  -1
914   873   -1
915   775   -1
915   1161  -1
916   703   -1
917   1193  -1
917   946   -1
922   429   -1
922   594   -1
922   1276  -1
924   915   -1
926   832   -1
928   631   -1
929   433   -1
931   1328  -1
933   650   -1
934   790   -1
934   1185  -1
935   1234  -1
938   303   -1
939   1131  -1
940   394   -1
939   544   -1
942   458   -1
941   902   -1
946   571   -1
948   1493  -1
949   219   -1
950   1499  -1
949   1502  -1
950   23    -1
950   917   -1
951   433   -1
954   802   -1
951   801   -1
951   1119  -1
952   1830  -1
954   100   -1
958   1281  -1
956   1279  -1
957   1485  -1
957   277   -1
957   1459  -1
959   1457  -1
959   585   -1
960   649   -1
959   847   -1
963   1172  -1
964   1485  -1
965   1403  -1
966   608   -1
967   684   -1
969   473   -1
968   568   -1
970   1285  -1
974   323   -1
975   989   -1
974   1428  -1
977   927   -1
978   1573  -1
979   581   -1
978   672   -1
978   766   -1
980   1426  -1
980   951   -1
980   1553  -1
982   920   -1
981   942   -1
984   224   -1
984   328   -1
985   820   -1
987   1048  -1
989   661   -1
992   1017  -1
993   458   -1
992   760   -1
993   1083  -1
995   600   -1
995   724   -1
998   557   -1
1000  570   -1
1000  715   -1
999   718   -1
1001  970   -1
1003  743   -1
1005  195   -1
1011  525   -1
1010  570   -1
1013  942   -1
1012  1029  -1
1013  1003  -1
1014  1038  -1
1016  438   -1
1020  1007  -1
1019  1237  -1
1022  801   -1
1023  1403  -1
1027  862   -1
1027  1069  -1
1028  645   -1
1029  1341  -1
1031  1339  -1
1029  739   -1
1029  1042  -1
1031  470   -1
1035  998   -1
1034  1515  -1
1036  766   -1
1035  854   -1
1037  478   -1
1038  345   -1
1039  1518  -1
1039  381   -1
1041  767   -1
1043  971   -1
1047  802   -1
1044  934   -1
1046  1350  -1
1046  1518  -1
1046  925   -1
1047  586   -1
1047  1291  -1
1048  809   -1
1049  804   -1
1055  105   -1
1056  505   -1
1057  112   -1
1058  555   -1
1058  694   -1
1059  1484  -1
1062  694   -1
1061  872   -1
1061  885   -1
1061  1061  -1
1064  76    -1
1066  1000  -1
1066  1112  -1
1067  409   -1
1067  1377  -1
1068  1525  -1
1069  604   -1
1068  697   -1
1068  722   -1
1068  928   -1
1069  1686  -1
1070  45    -1
1071  132   -1
1072  305   -1
1072  365   -1
1071  657   -1
1072  954   -1
1071  1095  -1
1072  805   -1
1076  1502  -1
1075  776   -1
1076  202   -1
1077  374   -1
1077  423   -1
1076  1000  -1
1079  987   -1
1081  798   -1
1080  928   -1
1088  985   -1
1089  520   -1
1090  732   -1
1090  1397  -1
1091  287   -1
1091  295   -1
1093  204   -1
1093  550   -1
1092  1339  -1
1094  149   -1
1094  490   -1
1094  1999  -1
1094  407   -1
1094  727   -1
1098  154   -1
1100  414   -1
1103  1440  -1
1104  1571  -1
1108  532   -1
1104  554   -1
1104  769   -1
1107  882   -1
1107  1416  -1
1110  698   -1
1109  1202  -1
1109  666   -1
1112  453   -1
1113  1369  -1
1115  1371  -1
1116  548   -1
1118  1531  -1
1118  439   -1
1120  767   -1
1120  1465  -1
1121  1468  -1
1121  590   -1
1123  521   -1
1124  767   -1
1126  765   -1
1126  957   -1
1127  1411  -1
1129  1408  -1
1126  1646  -1
1128  1304  -1
1129  1340  -1
1129  1319  -1
1130  658   -1
1131  1011  -1
1134  1102  -1
1136  798   -1
1135  1797  -1
1138  1213  -1
1142  736   -1
1145  665   -1
1150  748   -1
1156  559   -1
1160  721   -1
1161  724   -1
1161  226   -1
1163  866   -1
1163  1009  -1
1164  1273  -1
1164  885   -1
1171  703   -1
1171  1047  -1
1173  1875  -1
1171  1873  -1
1173  1018  -1
1173  1051  -1
1172  1747  -1
1173  916   -1
1174  284   -1
1175  705   -1
1176  798   -1
1177  1571  -1
1178  389   -1
1180  1419  -1
1180  1599  -1
1180  582   -1
1184  884   -1
1183  1220  -1
1184  1600  -1
1185  936   -1
1185  1104  -1
1185  597   -1
1186  1417  -1
1190  1105  -1
1191  1102  -1
1190  1526  -1
1192  578   -1
1194  1098  -1
1195  793   -1
1195  877   -1
1196  1021  -1
1196  1886  -1
1198  1230  -1
1200  642   -1
1202  1054  -1
1203  759   -1
1204  1407  -1
1206  1492  -1
1212  766   -1
1213  892   -1
1215  630   -1
1219  809   -1
1220  504   -1
1223  170   -1
1223  838   -1
1223  1279  -1
1229  690   -1
1232  638   -1
1230  848   -1
1232  822   -1
1231  1006  -1
1235  1322  -1
1232  1320  -1
1234  819   -1
1233  885   -1
1234  242   -1
1235  842   -1
1238  839   -1
1236  1187  -1
1236  831   -1
1236  859   -1
1238  1020  -1
1241  1508  -1
1242  156   -1
1242  153   -1
1243  855   -1
1244  916   -1
1243  1255  -1
1244  1407  -1
1245  1376  -1
1245  1518  -1
1247  1402  -1
1250  908   -1
1247  907   -1
1249  905   -1
1247  1356  -1
1250  1672  -1
1250  925   -1
1251  1196  -1
1255  594   -1
1254  812   -1
1255  1414  -1
1256  936   -1
1256  1040  -1
1256  409   -1
1256  893   -1
1261  905   -1
1256  931   -1
1260  931   -1
1260  980   -1
1261  837   -1
1261  1219  -1
1262  944   -1
1265  692   -1
1264  869   -1
1265  710   -1
1267  708   -1
1266  1402  -1
1268  1442  -1
1270  611   -1
1271  1009  -1
1271  1030  -1
1272  412   -1
1273  988   -1
1273  869   -1
1273  966   -1
1274  103   -1
1274  957   -1
1276  94    -1
1279  633   -1
1282  1386  -1
1282  1402  -1
1288  852   -1
1290  647   -1
1290  966   -1
1293  1962  -1
1291  703   -1
1293  1364  -1
1293  1778  -1
1295  1139  -1
1295  903   -1
1298  879   -1
1299  1605  -1
1300  764   -1
1300  935   -1
1301  1432  -1
1303  1185  -1
1303  1351  -1
1303  747   -1
1304  436   -1
1304  1006  -1
1306  1083  -1
1307  1611  -1
1310  673   -1
1309  1474  -1
1312  850   -1
1312  1403  -1
1313  1012  -1
1313  894   -1
1314  942   -1
1314  1555  -1
1315  1079  -1
1317  1512  -1
1321  1066  -1
1322  1092  -1
1323  858   -1
1324  1616  -1
1326  1622  -1
1326  467   -1
1331  890   -1
1330  1447  -1
1331  1164  -1
1333  957   -1
1334  1572  -1
1337  481   -1
1336  955   -1
1338  1089  -1
1336  1091  -1
1338  866   -1
1340  956   -1
1342  1319  -1
1343  470   -1
1343  485   -1
1345  859   -1
1347  750   -1
1346  764   -1
1347  1310  -1
1356  913   -1
1360  1265  -1
1361  899   -1
1361  1858  -1
1365  1149  -1
1365  933   -1
1369  19    -1
1372  1228  -1
1375  1079  -1
1378  1236  -1
1379  944   -1
1380  1363  -1
1383  954   -1
1385  386   -1
1389  386   -1
1385  1803  -1
1390  1064  -1
1391  341   -1
1391  504   -1
1392  1007  -1
1393  1241  -1
1394  1819  -1
1395  983   -1
1398  1426  -1
1399  907   -1
1402  1003  -1
1403  1200  -1
1406  1300  -1
1407  1010  -1
1411  503   -1
1419  1203  -1
1420  1019  -1
1420  1831  -1
1423  1027  -1
1430  1802  -1
1430  1016  -1
1431  1179  -1
1431  1509  -1
1432  1454  -1
1434  449   -1
1436  504   -1
1439  1174  -1
1441  1386  -1
1449  888   -1
1458  518   -1
1461  532   -1
1464  1036  -1
1470  546   -1
1470  872   -1
1470  1072  -1
1475  1061  -1
1477  1068  -1
1475  1070  -1
1480  1076  -1
1480  1154  -1
1486  1065  -1
1495  1145  -1
1505  1111  -1
1510  839   -1
1511  843   -1
1511  1119  -1
1513  1018  -1
1526  648   -1
1530  1585  -1
1531  821   -1
1537  802   -1
1536  614   -1
1553  545   -1
1581  757   -1
1582  998   -1
1599  742   -1
1603  804   -1
1610  969   -1
1611  811   -1
1613  800   -1
1614  776   -1
1620  947   -1
1625  808   -1
1632  947   -1
1656  944   -1
1677  947   -1
1812  1372  -1
1993  510   -1
336   461   0
337   461   0
759   1519  1
758   1519  1
769   554   2
769   556   2
799   985   3
800   984   3
813   1535  4
812   1534  4
825   1399  5
825   1400  5
829   704   6
828   705   6
830   850   7
828   850   7
930   135   8
931   135   8
986   81    9
986   82    9
1159  624   10
1159  623   10
1193  1228  11
1194  1228  11
1263  948   12
1263  947   12
1282  1594  13
1283  1594  13
1314  938   14
1314  939   14
1326  1917  15
1326  1916  15
1390  917   16
1390  916   16
1397  519   17
1397  518   17
157   842   18
157   841   18
160   873   19
158   874   19
166   929   20
164   928   20
168   928   20
177   931   21
175   931   21
177   930   21
180   1315  22
180   1313  22
288   472   23
289   470   23
423   955   24
422   954   24
444   643   25
443   643   25
446   645   26
448   646   26
448   954   27
447   955   27
504   939   28
504   938   28
522   1091  29
523   1091  29
521   1089  29
534   1231  30
532   1231  30
538   975   31
539   977   31
537   973   31
563   785   32
563   784   32
564   786   32
563   782   32
569   1080  33
568   1079  33
574   778   34
577   776   34
576   778   34
573   776   34
576   1235  35
575   1236  35
577   1033  36
576   1033  36
581   1219  37
581   1219  37
585   1123  38
585   1124  38
589   1113  39
589   1112  39
589   1159  40
590   1158  40
589   1143  41
590   1143  41
594   1127  42
593   1127  42
610   1013  43
607   1014  43
605   1015  43
608   1016  43
610   1013  43
604   1016  43
608   1012  43
611   1011  43
606   1014  43
608   1016  43
610   1014  43
605   1017  43
604   1014  43
612   1013  43
607   1012  43
610   1010  43
612   1015  43
606   1016  43
603   1013  43
608   1013  43
610   1016  43
612   1010  43
607   1057  44
605   1057  44
607   879   45
607   881   45
609   975   46
608   975   46
612   694   47
614   694   47
619   1033  48
619   1032  48
628   1201  49
628   1201  49
631   959   50
631   959   50
632   773   51
633   774   51
638   798   52
639   799   52
642   1079  53
644   1078  53
640   1080  53
643   636   54
643   636   54
649   641   55
649   640   55
650   642   55
650   1165  56
650   1164  56
661   1109  57
660   1111  57
659   1108  57
665   1108  58
663   1107  58
673   1000  59
675   999   59
673   1001  59
674   754   60
674   753   60
676   587   61
677   589   61
679   1149  62
678   1148  62
680   1268  63
680   1267  63
694   841   64
693   842   64
694   883   65
694   885   65
695   1294  66
694   1295  66
702   623   67
702   625   67
704   743   68
703   743   68
710   940   69
710   940   69
709   939   69
708   1136  70
707   1135  70
712   876   71
712   875   71
714   785   72
714   784   72
716   1281  73
716   1281  73
716   1281  73
716   1281  73
716   1281  73
717   1280  73
716   1281  73
717   1280  73
716   1282  73
717   1279  73
716   1281  73
718   1280  73
715   1282  73
717   1279  73
713   1281  73
719   1281  73
722   507   74
721   507   74
724   588   75
722   588   75
723   1118  76
723   1117  76
728   949   77
729   948   77
731   810   78
731   808   78
733   644   79
733   644   79
733   644   79
732   643   79
733   644   79
734   771   80
734   771   80
738   1229  81
740   1229  81
741   1256  82
741   1257  82
750   1188  83
749   1187  83
753   754   84
752   753   84
752   755   84
753   755   84
753   751   84
752   753   84
757   1626  85
753   1625  85
752   1623  85
755   1625  85
759   691   86
759   691   86
762   1351  87
762   1350  87
761   678   88
760   677   88
766   1294  89
766   1293  89
768   1355  90
768   1356  90
768   1358  90
770   1241  91
771   1242  91
775   1450  92
776   1450  92
777   1501  93
776   1500  93
778   1501  93
777   1166  94
777   1166  94
781   860   95
781   859   95
780   1116  96
779   1115  96
780   796   97
780   796   97
784   391   98
785   390   98
784   794   99
785   796   99
786   1098  100
785   1098  100
791   650   101
790   649   101
792   424   102
793   425   102
792   1201  103
792   1201  103
796   1140  104
794   1140  104
801   1613  105
803   1613  105
801   1615  105
802   582   106
801   581   106
802   1199  107
803   1200  107
802   1722  108
804   1723  108
804   370   109
804   372   109
805   1340  110
805   1340  110
807   1725  111
807   1725  111
808   1724  111
808   1721  111
807   1726  111
809   1723  111
806   399   112
807   400   112
806   599   113
807   600   113
808   858   114
807   857   114
808   1637  115
808   1638  115
810   703   116
810   701   116
808   1403  117
809   1404  117
812   1224  118
813   1224  118
813   1393  119
812   1391  119
817   459   120
818   458   120
813   755   121
813   755   121
812   756   121
814   452   122
814   454   122
813   1015  123
813   1014  123
819   959   124
819   958   124
827   847   125
826   845   125
826   1427  126
825   1426  126
827   1560  127
829   1559  127
828   1460  128
828   1460  128
830   1043  129
829   1044  129
834   974   130
833   973   130
834   976   130
833   979   131
834   980   131
840   843   132
839   842   132
840   972   133
839   973   133
841   355   134
842   357   134
842   354   134
844   592   135
844   591   135
844   1004  136
844   1004  136
843   1119  137
843   1118  137
849   1183  138
850   1185  138
850   706   139
851   706   139
862   437   140
861   436   140
862   520   141
862   519   141
872   396   142
872   398   142
873   396   142
879   925   143
879   925   143
886   816   144
887   817   144
889   1397  145
890   1397  145
893   486   146
893   484   146
896   247   147
896   246   147
901   1161  148
901   1160  148
903   524   149
904   523   149
904   700   150
903   698   150
909   1184  151
908   1184  151
909   526   152
910   524   152
909   731   153
910   732   153
909   1284  154
911   1285  154
916   765   155
915   764   155
917   306   156
917   307   156
918   1200  157
917   1199  157
919   221   158
920   222   158
922   1129  159
922   1129  159
926   1342  160
925   1341  160
932   636   161
931   636   161
934   1129  162
934   1129  162
937   535   163
937   533   163
939   233   164
939   231   164
940   436   165
939   436   165
941   1223  166
941   1225  166
945   807   167
944   806   167
945   912   168
945   913   168
946   635   169
945   637   169
947   1388  170
947   1387  170
953   814   171
952   814   171
959   341   172
960   340   172
960   343   172
959   341   172
959   1380  173
959   1381  173
960   979   174
960   979   174
960   1667  175
960   1666  175
966   653   176
966   653   176
979   310   177
980   309   177
983   794   178
984   792   178
986   1392  179
986   1391  179
988   307   180
987   308   180
987   1199  181
987   1199  181
988   1179  182
987   1178  182
988   477   183
989   477   183
988   658   184
990   658   184
988   1156  185
989   1154  185
989   836   186
990   837   186
990   914   187
990   913   187
994   1511  188
994   1511  188
995   637   189
995   637   189
996   361   190
996   361   190
999   1506  191
1000  1507  191
1004  991   192
1003  990   192
1005  992   192
1002  989   192
1006  796   193
1007  797   193
1010  1464  194
1010  1465  194
1011  1392  195
1011  1392  195
1014  815   196
1015  814   196
1014  815   196
1016  432   197
1016  434   197
1016  432   197
1024  1350  198
1024  1348  198
1027  327   199
1027  325   199
1028  328   199
1026  327   199
1031  1232  200
1031  1232  200
1031  833   201
1031  833   201
1034  1134  202
1034  1136  202
1035  426   203
1036  427   203
1040  347   204
1041  345   204
1039  743   205
1039  743   205
1042  774   206
1042  774   206
1044  801   207
1044  802   207
1044  623   208
1045  622   208
1044  1262  209
1045  1262  209
1050  1086  210
1049  1087  210
1049  1085  210
1050  308   211
1050  306   211
1049  308   211
1057  1270  212
1056  1271  212
1057  616   213
1056  615   213
1059  719   214
1059  717   214
1062  304   215
1062  305   215
1066  834   216
1066  833   216
1068  306   217
1069  304   217
1068  308   217
1071  56    218
1071  58    218
1071  981   219
1070  982   219
1072  1228  220
1070  1227  220
1075  1690  221
1075  1688  221
1071  1690  222
1072  1692  222
1076  746   223
1076  746   223
1077  1167  224
1078  1168  224
1080  850   225
1079  850   225
1079  864   226
1080  864   226
1081  945   227
1079  946   227
1081  377   228
1082  376   228
1084  779   229
1084  779   229
1086  468   230
1085  467   230
1087  739   231
1087  739   231
1087  741   231
1091  1307  232
1091  1307  232
1092  220   233
1092  218   233
1093  1185  234
1093  1186  234
1095  643   235
1095  643   235
1095  796   236
1095  797   236
1097  1011  237
1097  1009  237
1095  1009  237
1103  153   238
1101  152   238
1104  155   238
1099  161   239
1100  162   239
1098  158   240
1100  158   240
1102  491   241
1101  490   241
1105  534   242
1108  535   242
1106  536   242
1105  532   242
1111  976   243
1111  977   243
1113  803   244
1113  803   244
1116  1102  245
1115  1103  245
1117  215   246
1117  213   246
1119  786   247
1118  787   247
1120  715   248
1119  716   248
1121  322   249
1121  320   249
1123  554   250
1122  553   250
1124  1053  251
1122  1052  251
1123  1061  252
1123  1061  252
1123  1139  253
1123  1139  253
1124  858   254
1126  858   254
1125  1452  255
1126  1452  255
1126  954   256
1125  954   256
1131  1041  257
1131  1041  257
1136  1294  258
1136  1294  258
1140  899   259
1139  899   259
1146  575   260
1145  574   260
1146  1232  261
1145  1230  261
1151  426   262
1152  427   262
1152  1164  263
1154  1163  263
1160  1031  264
1158  1030  264
1163  1064  265
1162  1066  265
1164  743   266
1164  743   266
1167  774   267
1166  773   267
1170  234   268
1169  233   268
1167  238   269
1168  236   269
1167  949   270
1166  951   270
1167  387   271
1167  387   271
1172  794   272
1172  796   272
1174  753   273
1173  754   273
1178  1058  274
1176  1057  274
1179  807   275
1180  806   275
1179  821   276
1178  820   276
1179  1325  277
1179  1323  277
1181  890   278
1181  890   278
1181  890   278
1187  1386  279
1187  1385  279
1190  1145  280
1190  1145  280
1192  817   281
1192  817   281
1195  1514  282
1194  1514  282
1198  879   283
1197  880   283
1197  647   284
1198  645   284
1198  899   285
1198  901   285
1198  1044  286
1197  1044  286
1199  948   287
1200  948   287
1203  1556  288
1204  1555  288
1207  922   289
1207  922   289
1206  1017  290
1207  1018  290
1211  587   291
1213  587   291
1212  1428  292
1212  1428  292
1215  845   293
1215  844   293
1216  918   294
1216  918   294
1220  856   295
1219  856   295
1223  503   296
1222  502   296
1228  857   297
1228  857   297
1231  516   298
1231  515   298
1238  842   299
1238  842   299
1239  1057  300
1238  1056  300
1241  1547  301
1242  1546  301
1241  1549  301
1242  728   302
1241  729   302
1243  423   303
1243  423   303
1243  852   304
1243  852   304
1243  851   304
1243  907   305
1244  908   305
1244  978   306
1244  979   306
1245  892   307
1245  892   307
1247  1748  308
1247  1747  308
1249  1213  309
1248  1212  309
1253  950   310
1253  949   310
1255  878   311
1255  878   311
1256  434   312
1257  432   312
1256  435   312
1257  904   313
1259  903   313
1257  906   313
1259  1251  314
1259  1251  314
1259  1251  314
1261  786   315
1261  787   315
1259  786   315
1263  787   315
1260  976   316
1259  977   316
1265  916   317
1264  917   317
1263  914   318
1261  913   318
1265  435   319
1265  435   319
1267  795   320
1269  794   320
1266  796   320
1266  860   321
1267  858   321
1270  1709  322
1269  1707  322
1274  761   323
1274  763   323
1278  1038  324
1278  1038  324
1277  1039  324
1279  1004  325
1278  1002  325
1280  594   326
1280  595   326
1279  612   327
1280  611   327
1281  779   328
1282  777   328
1290  1962  329
1290  1962  329
1289  1960  329
1290  708   330
1290  709   330
1292  1128  331
1294  1128  331
1296  1076  332
1296  1076  332
1297  1339  333
1298  1340  333
1300  1144  334
1298  1143  334
1301  1145  334
1297  1429  335
1298  1428  335
1304  462   336
1303  464   336
1304  1661  337
1304  1662  337
1309  1094  338
1309  1095  338
1309  1094  338
1309  1096  338
1310  925   339
1309  925   339
1312  814   340
1311  813   340
1316  1525  341
1317  1525  341
1316  1527  341
1319  474   342
1319  472   342
1320  871   343
1322  872   343
1322  1011  344
1321  1013  344
1323  1010  344
1326  1169  345
1324  1170  345
1327  698   346
1327  699   346
1330  768   347
1329  767   347
1330  1241  348
1331  1241  348
1332  854   349
1332  852   349
1331  855   349
1341  724   350
1340  726   350
1340  723   350
1340  745   351
1341  745   351
1345  472   352
1345  472   352
1346  470   352
1345  474   352
1349  472   353
1348  474   353
1345  1643  354
1344  1641  354
1349  909   355
1348  908   355
1355  905   356
1354  905   356
1356  1412  357
1355  1413  357
1361  1288  358
1361  1289  358
1369  973   359
1369  972   359
1372  1185  360
1372  1186  360
1383  1071  361
1383  1069  361
1388  383   362
1386  383   362
1389  382   362
1384  1220  363
1386  1219  363
1388  31    364
1388  33    364
1395  1007  365
1395  1007  365
1412  506   366
1410  507   366
1413  1016  367
1413  1018  367
1414  1015  367
1432  1020  368
1432  1018  368
1432  1021  368
1452  1033  369
1452  1033  369
1454  519   370
1454  517   370
1463  1178  371
1461  1179  371
1469  1041  372
1468  1040  372
1468  1054  373
1468  1054  373
1470  524   374
1470  524   374
1472  868   375
1474  868   375
1472  870   375
1471  867   375
1476  900   376
1478  899   376
1484  1084  377
1482  1084  377
1484  1086  377
1501  850   378
1499  849   378
1502  849   378
1506  867   379
1505  868   379
1512  1545  380
1512  1547  380
1514  1544  380
1528  529   381
1530  528   381
1528  746   382
1528  746   382
1529  754   383
1528  753   383
1543  1012  384
1543  1012  384
1545  627   385
1545  626   385
1548  727   386
1548  727   386
1581  535   387
1582  533   387
1584  1659  388
1583  1660  388
1587  971   389
1585  971   389
1589  970   389
1586  973   389
1585  716   390
1585  718   390
1600  739   391
1599  738   391
1693  943   392
1693  943   392
1697  937   393
1695  937   393