# Filename: BNI1-640nm_416_ctrl_60x_007.tif
# Puncta radius (pixels): (1.3888888888888888, 1.3888888888888888)
# Puncta radius (nm): (150, 150)
# Cluster threshold (nm): 300
# Min puncta per cluster: 2
# Voxel size (nm): (108, 108, 200)
Y     X     CLUSTER_ID
45    897   -1
125   696   -1
145   1015  -1
148   1091  -1
172   673   -1
182   911   -1
184   903   -1
192   670   -1
211   667   -1
221   766   -1
223   779   -1
226   820   -1
227   629   -1
230   307   -1
237   613   -1
241   1010  -1
261   899   -1
270   396   -1
273   718   -1
281   765   -1
294   523   -1
295   316   -1
298   884   -1
307   1099  -1
312   339   -1
322   679   -1
324   1042  -1
325   687   -1
335   781   -1
337   806   -1
343   352   -1
344   780   -1
352   1183  -1
353   1160  -1
358   336   -1
361   881   -1
364   552   -1
366   482   -1
367   1054  -1
375   948   -1
376   731   -1
376   1561  -1
383   739   -1
389   863   -1
391   877   -1
396   434   -1
401   745   -1
403   775   -1
403   1091  -1
403   1144  -1
404   505   -1
406   460   -1
408   1221  -1
410   569   -1
413   671   -1
420   786   -1
422   859   -1
424   1115  -1
426   1144  -1
429   851   -1
430   1099  -1
434   353   -1
434   784   -1
442   862   -1
443   1274  -1
445   1026  -1
445   1164  -1
446   850   -1
448   660   -1
452   563   -1
454   736   -1
456   967   -1
457   1106  -1
458   743   -1
458   752   -1
458   1156  -1
459   331   -1
459   1209  -1
460   736   -1
466   1439  -1
467   1019  -1
472   792   -1
474   1288  -1
477   743   -1
480   721   -1
485   761   -1
485   1375  -1
487   603   -1
487   951   -1
487   1014  -1
487   1296  -1
488   991   -1
490   960   -1
491   720   -1
494   677   -1
494   725   -1
499   767   -1
499   925   -1
500   1297  -1
500   1306  -1
501   655   -1
501   729   -1
501   878   -1
501   994   -1
501   1172  -1
502   901   -1
505   1323  -1
506   849   -1
510   1039  -1
519   775   -1
520   739   -1
521   960   -1
521   1215  -1
523   1611  -1
525   1074  -1
526   1089  -1
527   983   -1
529   975   -1
531   1038  -1
531   1625  -1
532   758   -1
533   895   -1
533   1055  -1
536   1321  -1
537   630   -1
537   766   -1
537   1004  -1
537   1297  -1
539   1469  -1
541   1180  -1
542   984   -1
545   1314  -1
546   629   -1
546   1300  -1
547   1050  -1
547   1279  -1
551   743   -1
552   799   -1
553   1285  -1
554   835   -1
554   1531  -1
555   1071  -1
555   1303  -1
556   1027  -1
557   1012  -1
558   1210  -1
560   1198  -1
561   1045  -1
561   1427  -1
562   714   -1
562   748   -1
562   1520  -1
563   881   -1
564   1311  -1
564   1482  -1
567   1468  -1
568   874   -1
570   679   -1
570   906   -1
573   888   -1
573   1258  -1
574   1477  -1
577   655   -1
578   659   -1
578   802   -1
580   1004  -1
583   678   -1
587   559   -1
587   754   -1
588   737   -1
588   1293  -1
589   759   -1
590   799   -1
592   307   -1
592   316   -1
592   1132  -1
593   615   -1
595   919   -1
596   646   -1
597   832   -1
597   1261  -1
598   1055  -1
599   946   -1
602   1214  -1
604   366   -1
607   327   -1
607   331   -1
607   690   -1
607   1270  -1
608   645   -1
612   373   -1
612   920   -1
612   932   -1
613   168   -1
614   695   -1
614   1196  -1
617   367   -1
618   379   -1
619   1229  -1
620   101   -1
620   781   -1
621   1017  -1
622   459   -1
624   915   -1
625   968   -1
626   898   -1
628   1129  -1
631   606   -1
632   559   -1
633   145   -1
633   581   -1
635   1095  -1
635   1192  -1
636   566   -1
638   346   -1
638   715   -1
639   550   -1
640   726   -1
640   929   -1
640   1203  -1
642   749   -1
644   891   -1
644   1037  -1
647   446   -1
647   670   -1
648   652   -1
648   760   -1
652   585   -1
653   340   -1
654   447   -1
654   981   -1
655   931   -1
657   78    -1
657   1270  -1
659   807   -1
659   1351  -1
664   434   -1
665   921   -1
666   544   -1
667   606   -1
667   1126  -1
671   302   -1
672   377   -1
672   1067  -1
673   1024  -1
674   592   -1
676   1174  -1
679   792   -1
679   1110  -1
680   976   -1
682   120   -1
682   589   -1
682   926   -1
684   71    -1
685   1110  -1
689   408   -1
689   843   -1
689   925   -1
692   852   -1
693   382   -1
694   847   -1
696   1176  -1
699   1046  -1
701   296   -1
702   842   -1
704   365   -1
704   1161  -1
705   926   -1
707   467   -1
707   609   -1
708   1017  -1
708   1099  -1
709   1047  -1
710   1121  -1
711   1111  -1
714   617   -1
715   601   -1
715   863   -1
718   34    -1
719   843   -1
720   961   -1
720   1040  -1
722   606   -1
722   871   -1
723   319   -1
724   1122  -1
724   1168  -1
726   1215  -1
727   1113  -1
729   1088  -1
730   354   -1
730   1016  -1
730   1140  -1
732   535   -1
732   1022  -1
732   1152  -1
733   962   -1
734   252   -1
736   608   -1
736   842   -1
737   568   -1
738   1218  -1
739   311   -1
740   1225  -1
742   1149  -1
742   1210  -1
743   1097  -1
744   626   -1
744   1251  -1
745   506   -1
745   840   -1
747   339   -1
747   867   -1
748   1204  -1
749   323   -1
750   621   -1
750   1226  -1
754   842   -1
757   323   -1
757   887   -1
758   982   -1
759   874   -1
765   346   -1
765   413   -1
765   1133  -1
766   1214  -1
767   1114  -1
769   518   -1
771   567   -1
772   231   -1
773   258   -1
777   642   -1
778   1250  -1
779   1306  -1
781   1232  -1
782   768   -1
783   1090  -1
786   722   -1
788   1042  -1
790   1092  -1
791   655   -1
792   555   -1
793   441   -1
794   1214  -1
794   1312  -1
795   415   -1
796   1240  -1
797   686   -1
798   466   -1
798   575   -1
798   990   -1
800   1068  -1
800   1307  -1
801   636   -1
802   368   -1
805   958   -1
810   1227  -1
811   591   -1
812   969   -1
814   939   -1
815   341   -1
815   601   -1
815   1350  -1
816   658   -1
818   467   -1
820   530   -1
823   1051  -1
826   651   -1
827   1370  -1
828   979   -1
828   1240  -1
829   626   -1
829   988   -1
830   1359  -1
831   529   -1
832   1114  -1
833   615   -1
837   482   -1
837   522   -1
837   639   -1
838   1366  -1
839   1180  -1
841   488   -1
843   540   -1
843   1087  -1
843   1364  -1
844   810   -1
847   344   -1
848   1366  -1
850   242   -1
851   863   -1
851   1183  -1
852   70    -1
852   1161  -1
853   798   -1
854   491   -1
855   556   -1
855   586   -1
856   776   -1
856   832   -1
857   1177  -1
858   1272  -1
860   486   -1
860   853   -1
860   968   -1
861   701   -1
863   342   -1
863   412   -1
864   1044  -1
864   1095  -1
864   1316  -1
867   627   -1
868   519   -1
869   460   -1
872   1227  -1
873   1193  -1
873   1307  -1
874   674   -1
874   682   -1
876   629   -1
876   703   -1
876   1281  -1
877   135   -1
877   252   -1
878   751   -1
878   826   -1
879   643   -1
880   391   -1
880   624   -1
881   562   -1
881   1161  -1
882   284   -1
882   661   -1
882   771   -1
884   1201  -1
886   763   -1
886   1137  -1
887   1185  -1
891   714   -1
891   1323  -1
892   179   -1
893   516   -1
893   573   -1
893   611   -1
893   852   -1
893   1124  -1
895   366   -1
896   540   -1
898   1180  -1
899   763   -1
900   1141  -1
901   396   -1
904   676   -1
904   862   -1
904   1257  -1
905   593   -1
905   1116  -1
906   1252  -1
909   1048  -1
909   1267  -1
910   696   -1
911   691   -1
911   820   -1
912   1244  -1
913   303   -1
913   669   -1
913   1098  -1
913   1138  -1
914   402   -1
914   1188  -1
915   518   -1
915   1224  -1
916   1147  -1
916   1637  -1
916   1646  -1
917   1174  -1
918   464   -1
918   550   -1
918   1090  -1
919   383   -1
920   1137  -1
920   1140  -1
921   865   -1
922   1212  -1
923   987   -1
923   1048  -1
924   443   -1
924   1188  -1
924   1252  -1
925   1093  -1
926   871   -1
927   1315  -1
928   729   -1
928   1102  -1
929   432   -1
930   288   -1
932   817   -1
933   522   -1
933   559   -1
935   368   -1
935   598   -1
935   1133  -1
937   299   -1
937   689   -1
937   986   -1
937   1059  -1
939   601   -1
939   1091  -1
940   484   -1
940   716   -1
941   460   -1
941   594   -1
941   703   -1
942   1052  -1
943   993   -1
945   777   -1
945   838   -1
945   986   -1
945   1181  -1
945   1625  -1
945   1637  -1
946   725   -1
946   790   -1
946   824   -1
946   893   -1
946   1169  -1
948   935   -1
948   950   -1
949   795   -1
949   831   -1
949   1262  -1
951   185   -1
951   1273  -1
952   362   -1
952   871   -1
952   1155  -1
953   106   -1
953   488   -1
953   1611  -1
955   301   -1
955   1058  -1
955   1323  -1
957   695   -1
957   1284  -1
957   1622  -1
959   602   -1
959   652   -1
959   1106  -1
960   1178  -1
961   1034  -1
961   1061  -1
962   380   -1
962   565   -1
962   815   -1
962   1189  -1
963   38    -1
965   253   -1
967   849   -1
968   1624  -1
970   258   -1
970   340   -1
970   1087  -1
971   580   -1
971   1186  -1
972   500   -1
973   1078  -1
974   1207  -1
975   1109  -1
976   175   -1
977   364   -1
978   725   -1
979   905   -1
980   548   -1
981   527   -1
981   1001  -1
982   660   -1
982   740   -1
984   93    -1
984   266   -1
984   672   -1
985   1014  -1
985   1074  -1
987   233   -1
987   915   -1
988   282   -1
988   483   -1
988   1131  -1
988   1189  -1
988   1198  -1
989   881   -1
993   1009  -1
994   1049  -1
995   1119  -1
996   1332  -1
997   500   -1
997   1027  -1
998   100   -1
998   553   -1
998   1605  -1
1000  111   -1
1002  256   -1
1005  1100  -1
1007  230   -1
1010  197   -1
1012  1599  -1
1014  428   -1
1014  520   -1
1015  183   -1
1016  363   -1
1017  447   -1
1019  1596  -1
1020  246   -1
1020  1205  -1
1023  204   -1
1023  1214  -1
1025  290   -1
1026  440   -1
1026  1217  -1
1027  27    -1
1027  207   -1
1028  380   -1
1029  473   -1
1033  430   -1
1033  1583  -1
1034  460   -1
1035  1243  -1
1036  246   -1
1038  520   -1
1039  332   -1
1040  318   -1
1040  1206  -1
1041  501   -1
1041  536   -1
1048  342   -1
1048  1327  -1
1049  282   -1
1050  215   -1
1051  504   -1
1053  290   -1
1055  452   -1
1055  1228  -1
1056  255   -1
1056  421   -1
1059  330   -1
1059  499   -1
1062  162   -1
1062  220   -1
1062  403   -1
1064  346   -1
1065  1282  -1
1066  1259  -1
1069  295   -1
1071  518   -1
1071  1207  -1
1072  448   -1
1077  158   -1
1077  211   -1
1077  312   -1
1079  297   -1
1079  429   -1
1080  1322  -1
1083  449   -1
1084  638   -1
1085  501   -1
1085  654   -1
1086  1537  -1
1088  281   -1
1088  475   -1
1090  264   -1
1090  1141  -1
1091  1514  -1
1092  498   -1
1092  1293  -1
1093  483   -1
1093  522   -1
1094  534   -1
1097  445   -1
1098  325   -1
1098  1356  -1
1099  1498  -1
1100  277   -1
1101  469   -1
1101  1306  -1
1105  353   -1
1106  494   -1
1106  654   -1
1106  1308  -1
1107  139   -1
1107  329   -1
1112  368   -1
1113  685   -1
1113  1391  -1
1115  258   -1
1115  1398  -1
1118  342   -1
1118  687   -1
1120  424   -1
1121  252   -1
1123  503   -1
1124  1400  -1
1128  152   -1
1128  1204  -1
1129  62    -1
1129  205   -1
1131  402   -1
1133  233   -1
1133  455   -1
1134  213   -1
1134  666   -1
1136  338   -1
1136  1230  -1
1136  1438  -1
1139  435   -1
1139  663   -1
1141  186   -1
1141  408   -1
1141  728   -1
1142  427   -1
1143  261   -1
1146  452   -1
1146  647   -1
1147  146   -1
1148  426   -1
1149  458   -1
1153  131   -1
1154  121   -1
1159  281   -1
1160  127   -1
1161  114   -1
1163  228   -1
1166  282   -1
1168  114   -1
1171  337   -1
1176  450   -1
1177  431   -1
1177  1127  -1
1178  193   -1
1178  579   -1
1179  386   -1
1179  408   -1
1180  687   -1
1182  571   -1
1184  622   -1
1185  269   -1
1185  360   -1
1186  425   -1
1188  325   -1
1189  589   -1
1191  120   -1
1198  163   -1
1199  198   -1
1199  386   -1
1200  291   -1
1202  244   -1
1203  209   -1
1203  1385  -1
1213  1033  -1
1216  1215  -1
1219  1075  -1
1221  630   -1
1225  408   -1
1226  684   -1
1226  1207  -1
1226  1217  -1
1227  516   -1
1227  676   -1
1228  477   -1
1229  645   -1
1230  591   -1
1231  387   -1
1231  714   -1
1232  412   -1
1232  445   -1
1232  637   -1
1233  603   -1
1234  243   -1
1234  285   -1
1235  329   -1
1235  440   -1
1235  1022  -1
1236  382   -1
1238  649   -1
1238  655   -1
1239  668   -1
1240  1202  -1
1242  103   -1
1243  179   -1
1243  626   -1
1244  977   -1
1245  432   -1
1246  366   -1
1246  400   -1
1246  523   -1
1246  818   -1
1247  840   -1
1247  948   -1
1248  105   -1
1248  832   -1
1248  886   -1
1251  659   -1
1252  617   -1
1252  945   -1
1253  846   -1
1254  585   -1
1255  261   -1
1255  481   -1
1256  800   -1
1256  1023  -1
1257  1209  -1
1258  320   -1
1258  382   -1
1258  968   -1
1259  212   -1
1260  904   -1
1262  347   -1
1262  509   -1
1263  330   -1
1263  973   -1
1264  533   -1
1266  205   -1
1266  561   -1
1269  426   -1
1269  438   -1
1269  963   -1
1270  154   -1
1270  815   -1
1271  853   -1
1271  868   -1
1272  688   -1
1272  729   -1
1272  747   -1
1273  501   -1
1274  443   -1
1275  369   -1
1277  142   -1
1279  110   -1
1279  494   -1
1279  722   -1
1280  815   -1
1281  483   -1
1282  440   -1
1285  137   -1
1286  712   -1
1289  562   -1
1289  582   -1
1289  856   -1
1289  1202  -1
1289  1426  -1
1290  682   -1
1290  891   -1
1292  872   -1
1293  1188  -1
1294  273   -1
1294  483   -1
1294  598   -1
1301  1183  -1
1304  658   -1
1313  195   -1
1313  402   -1
1314  216   -1
1315  808   -1
1315  1202  -1
1316  591   -1
1322  196   -1
1323  815   -1
1329  161   -1
1333  138   -1
1334  555   -1
1338  460   -1
1339  422   -1
1339  454   -1
1346  463   -1
1350  478   -1
1351  38    -1
1351  1178  -1
1352  1465  -1
1358  590   -1
1358  844   -1
1359  467   -1
1362  1202  -1
1367  603   -1
1369  482   -1
1370  320   -1
1371  510   -1
1372  820   -1
1380  318   -1
1383  789   -1
1387  242   -1
1388  99    -1
1389  115   -1
1390  362   -1
1391  1486  -1
1399  562   -1
1401  881   -1
1411  413   -1
1418  1607  -1
1421  605   -1
1430  911   -1
1433  1587  -1
1434  1486  -1
1440  774   -1
1442  418   -1
1446  164   -1
1458  910   -1
1460  321   -1
1460  924   -1
1465  377   -1
1465  456   -1
1468  539   -1
1469  745   -1
1470  1529  -1
1474  741   -1
1476  527   -1
1482  1512  -1
1483  490   -1
1483  545   -1
1489  931   -1
1496  354   -1
1497  674   -1
1508  1343  -1
1510  954   -1
1510  1325  -1
1511  680   -1
1512  1459  -1
1519  665   -1
1527  1054  -1
1527  1347  -1
1528  918   -1
1529  1375  -1
1531  1335  -1
1532  778   -1
1532  1020  -1
1532  1163  -1
1533  764   -1
1533  1356  -1
1537  918   -1
1538  992   -1
1539  1534  -1
1541  1252  -1
1542  1043  -1
1542  1168  -1
1542  1348  -1
1542  1359  -1
1542  1374  -1
1543  1106  -1
1543  1330  -1
1543  1397  -1
1545  893   -1
1545  1298  -1
1546  422   -1
1549  970   -1
1550  1343  -1
1552  657   -1
1552  1339  -1
1553  1369  -1
1554  1158  -1
1554  1373  -1
1555  1247  -1
1555  1290  -1
1556  982   -1
1556  1272  -1
1557  1388  -1
1559  1224  -1
1566  1366  -1
1567  638   -1
1567  1347  -1
1568  1265  -1
1569  789   -1
1575  1512  -1
1577  719   -1
1578  1009  -1
1578  1163  -1
1578  1224  -1
1580  1185  -1
1588  682   -1
1589  750   -1
1594  684   -1
1595  654   -1
1598  1160  -1
1608  826   -1
1608  1538  -1
1611  1048  -1
1614  1028  -1
1616  1043  -1
1618  778   -1
1619  666   -1
1619  688   -1
1620  1128  -1
1622  1154  -1
1623  911   -1
1628  678   -1
1630  1393  -1
1631  1750  -1
1635  796   -1
1636  1483  -1
1641  495   -1
1648  255   -1
1648  1396  -1
1650  1052  -1
1655  1028  -1
1655  1658  -1
1656  359   -1
1656  1070  -1
1657  1734  -1
1658  1464  -1
1665  624   -1
1665  1495  -1
1665  1714  -1
1667  789   -1
1669  995   -1
1669  1012  -1
1669  1075  -1
1671  57    -1
1673  514   -1
1673  998   -1
1675  962   -1
1677  1482  -1
1679  786   -1
1679  969   -1
1679  1613  -1
1680  986   -1
1682  743   -1
1683  958   -1
1684  763   -1
1690  718   -1
1691  587   -1
1692  578   -1
1694  1324  -1
1695  526   -1
1696  598   -1
1698  1322  -1
1699  479   -1
1699  857   -1
1699  1610  -1
1704  1436  -1
1710  1303  -1
1713  847   -1
1714  752   -1
1715  638   -1
1716  1567  -1
1719  1276  -1
1723  1374  -1
1724  1337  -1
1727  472   -1
1730  1262  -1
1737  1361  -1
1738  1451  -1
1740  1480  -1
1740  1554  -1
1741  1507  -1
1748  373   -1
1750  1448  -1
1750  1519  -1
1751  434   -1
1757  769   -1
1761  1214  -1
1766  1042  -1
1770  446   -1
1770  452   -1
1772  816   -1
1774  1206  -1
1777  826   -1
1777  1601  -1
1778  451   -1
1778  1572  -1
1782  458   -1
1782  1616  -1
1783  820   -1
1783  1287  -1
1784  1598  -1
1784  1604  -1
1785  657   -1
1786  1369  -1
1799  1653  -1
1801  1635  -1
1803  1443  -1
1804  625   -1
1806  1617  -1
1807  1336  -1
1809  1680  -1
1813  1662  -1
1813  1672  -1
1815  1586  -1
1816  824   -1
1820  1575  -1
1822  1870  -1
1825  439   -1
1825  1666  -1
1826  1429  -1
1827  1329  -1
1829  1672  -1
1831  426   -1
1835  1231  -1
1840  426   -1
1840  1169  -1
1840  1579  -1
1842  1568  -1
1843  1755  -1
1847  515   -1
1849  1225  -1
1856  1309  -1
1859  1885  -1
1865  532   -1
1865  1183  -1
1868  976   -1
1872  825   -1
1878  1699  -1
1881  1582  -1
1888  644   -1
1890  1609  -1
1891  1256  -1
1893  1580  -1
1904  623   -1
1915  1529  -1
1918  845   -1
1938  999   -1
1942  1450  -1
1947  801   -1
1953  890   -1
1954  916   -1
1964  1304  -1
1990  1510  -1
1991  1154  -1
2009  802   -1
2019  950   -1
298   1111  -1
321   662   -1
363   769   -1
366   543   -1
380   805   -1
397   595   -1
400   878   -1
408   863   -1
424   870   -1
424   1089  -1
435   723   -1
435   847   -1
441   982   -1
460   791   -1
461   579   -1
462   644   -1
473   505   -1
492   871   -1
494   996   -1
506   751   -1
513   745   -1
514   974   -1
516   869   -1
529   890   -1
536   1313  -1
549   1316  -1
552   895   -1
554   892   -1
555   895   -1
557   888   -1
557   891   -1
554   888   -1
555   486   -1
556   975   -1
557   1275  -1
558   1319  -1
559   885   -1
558   947   -1
571   1129  -1
575   1316  -1
574   477   -1
575   859   -1
576   862   -1
579   859   -1
573   861   -1
579   862   -1
575   686   -1
582   970   -1
579   968   -1
576   1109  -1
579   1224  -1
581   755   -1
581   856   -1
581   1315  -1
584   722   -1
584   848   -1
586   582   -1
586   694   -1
588   667   -1
588   846   -1
587   1201  -1
592   843   -1
596   728   -1
602   317   -1
605   796   -1
614   600   -1
619   873   -1
621   310   -1
629   773   -1
630   376   -1
630   1064  -1
635   1244  -1
646   678   -1
644   680   -1
639   678   -1
646   700   -1
650   679   -1
648   676   -1
658   678   -1
660   676   -1
655   786   -1
656   925   -1
658   459   -1
660   456   -1
661   1346  -1
671   951   -1
681   1119  -1
681   1193  -1
688   1096  -1
692   585   -1
693   886   -1
695   799   -1
698   1201  -1
700   828   -1
707   839   -1
711   477   -1
714   1340  -1
717   304   -1
717   1032  -1
718   1120  -1
722   914   -1
725   487   -1
729   862   -1
731   295   -1
733   882   -1
738   1138  -1
739   290   -1
739   1030  -1
742   236   -1
744   1017  -1
748   895   -1
750   1236  -1
753   614   -1
755   1092  -1
757   1332  -1
760   1237  -1
769   859   -1
772   906   -1
781   761   -1
782   846   -1
784   542   -1
787   319   -1
789   1189  -1
792   696   -1
793   957   -1
794   966   -1
793   1044  -1
796   1137  -1
798   402   -1
797   911   -1
799   442   -1
805   999   -1
805   1002  -1
806   647   -1
807   540   -1
807   846   -1
810   695   -1
812   691   -1
810   820   -1
812   663   -1
812   976   -1
812   1246  -1
814   485   -1
817   860   -1
819   477   -1
821   342   -1
821   461   -1
822   579   -1
825   1143  -1
828   1348  -1
831   1229  -1
832   555   -1
836   646   -1
840   1266  -1
845   862   -1
846   1138  -1
848   972   -1
849   513   -1
849   1379  -1
853   767   -1
853   1116  -1
854   1374  -1
858   647   -1
863   1321  -1
866   524   -1
867   662   -1
866   832   -1
870   638   -1
870   987   -1
870   1316  -1
872   179   -1
873   1252  -1
874   478   -1
873   732   -1
874   502   -1
880   618   -1
880   722   -1
884   980   -1
883   1128  -1
884   1259  -1
884   787   -1
886   702   -1
886   1303  -1
890   867   -1
892   803   -1
894   812   -1
898   747   -1
900   226   -1
902   819   -1
903   808   -1
904   557   -1
907   835   -1
909   827   -1
910   298   -1
911   850   -1
913   1108  -1
913   1103  -1
916   618   -1
920   615   -1
921   1086  -1
922   1259  -1
926   639   -1
927   1080  -1
928   420   -1
930   1087  -1
933   1325  -1
935   1174  -1
937   727   -1
936   1217  -1
938   1101  -1
941   364   -1
941   571   -1
941   880   -1
942   580   -1
943   870   -1
944   288   -1
946   743   -1
947   1613  -1
947   346   -1
947   549   -1
949   1054  -1
951   561   -1
951   982   -1
951   1635  -1
952   1245  -1
951   1328  -1
952   454   -1
956   1102  -1
957   715   -1
957   1606  -1
958   841   -1
961   875   -1
963   894   -1
963   914   -1
963   291   -1
967   1254  -1
973   517   -1
977   1124  -1
977   1617  -1
978   696   -1
984   1180  -1
985   841   -1
986   587   -1
989   801   -1
989   221   -1
990   535   -1
990   771   -1
995   1614  -1
998   386   -1
998   542   -1
998   1188  -1
1000  436   -1
1003  798   -1
1005  826   -1
1004  831   -1
1007  169   -1
1009  1277  -1
1010  1252  -1
1012  177   -1
1012  1102  -1
1012  1218  -1
1014  346   -1
1013  559   -1
1013  1580  -1
1014  1238  -1
1020  252   -1
1024  1596  -1
1029  250   -1
1029  455   -1
1029  1588  -1
1035  1575  -1
1036  387   -1
1037  176   -1
1039  366   -1
1039  1284  -1
1040  653   -1
1043  237   -1
1046  457   -1
1050  402   -1
1050  652   -1
1055  489   -1
1059  546   -1
1061  428   -1
1067  1552  -1
1063  1573  -1
1066  1573  -1
1066  1225  -1
1066  1358  -1
1068  204   -1
1071  642   -1
1074  643   -1
1071  1356  -1
1073  322   -1
1078  1365  -1
1079  1353  -1
1082  1354  -1
1091  758   -1
1088  1390  -1
1096  437   -1
1096  1230  -1
1096  746   -1
1098  493   -1
1097  756   -1
1101  1392  -1
1102  481   -1
1105  1143  -1
1106  1425  -1
1107  753   -1
1108  1230  -1
1112  744   -1
1114  1453  -1
1115  305   -1
1115  465   -1
1115  1223  -1
1117  447   -1
1118  1307  -1
1119  1152  -1
1122  1308  -1
1123  438   -1
1124  445   -1
1126  719   -1
1127  680   -1
1132  732   -1
1134  256   -1
1135  253   -1
1142  1207  -1
1143  348   -1
1148  415   -1
1154  506   -1
1154  245   -1
1157  1228  -1
1161  1133  -1
1164  64    -1
1165  242   -1
1172  674   -1
1175  414   -1
1181  290   -1
1181  1373  -1
1184  313   -1
1187  240   -1
1188  1114  -1
1207  1072  -1
1204  1072  -1
1227  681   -1
1227  224   -1
1227  1006  -1
1233  703   -1
1237  318   -1
1235  320   -1
1241  189   -1
1242  990   -1
1242  250   -1
1245  672   -1
1245  692   -1
1246  1204  -1
1248  1001  -1
1250  682   -1
1254  654   -1
1258  474   -1
1262  274   -1
1262  959   -1
1263  1197  -1
1265  421   -1
1266  948   -1
1267  1217  -1
1270  343   -1
1271  775   -1
1271  797   -1
1272  912   -1
1271  1187  -1
1277  665   -1
1274  664   -1
1275  667   -1
1276  549   -1
1275  684   -1
1278  698   -1
1278  603   -1
1280  502   -1
1282  146   -1
1301  604   -1
1305  800   -1
1307  1198  -1
1312  535   -1
1312  315   -1
1315  690   -1
1318  209   -1
1319  450   -1
1323  685   -1
1334  726   -1
1335  582   -1
1336  1200  -1
1342  826   -1
1348  486   -1
1350  725   -1
1353  826   -1
1359  808   -1
1362  129   -1
1372  625   -1
1371  864   -1
1377  1190  -1
1408  767   -1
1403  774   -1
1408  770   -1
1409  330   -1
1410  1481  -1
1416  1620  -1
1424  777   -1
1428  765   -1
1425  766   -1
1434  784   -1
1463  709   -1
1472  929   -1
1474  1562  -1
1475  726   -1
1475  945   -1
1481  939   -1
1490  1456  -1
1501  930   -1
1504  1460  -1
1506  1449  -1
1512  834   -1
1512  1448  -1
1515  918   -1
1516  855   -1
1521  962   -1
1523  969   -1
1523  983   -1
1526  1119  -1
1527  1128  -1
1531  847   -1
1531  1000  -1
1535  1344  -1
1535  1388  -1
1538  1374  -1
1539  1402  -1
1541  1316  -1
1540  1448  -1
1541  1263  -1
1543  745   -1
1544  673   -1
1546  866   -1
1545  1392  -1
1548  1164  -1
1550  1307  -1
1554  1403  -1
1559  1233  -1
1562  1234  -1
1559  1005  -1
1561  1278  -1
1563  885   -1
1567  1017  -1
1567  1217  -1
1569  1207  -1
1570  1230  -1
1571  1019  -1
1571  1261  -1
1575  1322  -1
1577  755   -1
1581  696   -1
1583  1000  -1
1584  1216  -1
1596  812   -1
1597  826   -1
1604  814   -1
1601  816   -1
1605  762   -1
1606  809   -1
1610  1040  -1
1613  1154  -1
1616  772   -1
1619  1037  -1
1624  700   -1
1635  1737  -1
1648  667   -1
1650  1742  -1
1663  449   -1
1664  1058  -1
1666  706   -1
1672  728   -1
1680  976   -1
1682  575   -1
1686  883   -1
1695  732   -1
1726  821   -1
1738  1366  -1
1763  833   -1
1772  839   -1
1774  1045  -1
1778  1594  -1
1780  655   -1
1785  1590  -1
1793  1621  -1
1796  1642  -1
1806  829   -1
1802  1243  -1
1806  1631  -1
1900  1604  -1
264   460   0
263   461   0
568   608   1
569   609   1
612   656   2
613   657   2
655   1220  3
654   1220  3
727   623   4
726   622   4
871   243   5
870   243   5
998   828   6
997   828   6
1149  719   7
1150  719   7
1453  728   8
1454  727   8
1524  1076  9
1525  1077  9
1591  900   10
1593  899   10
1857  533   11
1858  533   11
19    783   12
22    785   12
20    784   12
18    782   12
116   1138  13
114   1137  13
115   1139  13
113   1136  13
116   1136  13
219   675   14
219   676   14
222   676   14
219   675   14
221   677   14
218   674   14
221   675   14
223   676   14
219   676   14
217   675   14
222   674   14
221   677   14
218   672   14
216   674   14
221   672   14
223   677   14
380   1211  15
378   1210  15
382   1212  15
524   259   16
525   261   16
525   1016  17
525   1016  17
523   1016  17
526   667   18
526   665   18
528   668   18
552   979   19
552   977   19
572   1317  20
570   1318  20
574   865   21
575   867   21
578   972   22
579   974   22
577   970   22
576   973   22
580   973   22
575   975   22
586   908   23
586   908   23
595   218   24
594   216   24
601   602   25
600   603   25
601   987   26
601   987   26
614   720   27
616   720   27
617   659   28
616   657   28
642   678   29
641   680   29
653   678   30
655   678   30
658   1080  31
659   1080  31
662   671   32
663   673   32
663   1284  33
665   1284  33
662   1283  33
676   529   34
676   529   34
675   528   34
676   115   35
676   117   35
676   170   36
677   172   36
677   536   37
679   534   37
677   534   37
677   943   38
676   942   38
685   1330  39
684   1332  39
687   1331  39
693   305   40
694   304   40
730   233   41
730   235   41
733   897   42
733   897   42
734   287   43
734   289   43
736   1164  44
735   1163  44
742   1110  45
743   1109  45
743   789   46
744   790   46
755   897   47
755   897   47
762   579   48
763   580   48
769   1181  49
769   1183  49
777   509   50
777   511   50
785   681   51
785   680   51
789   424   52
787   423   52
794   624   53
794   623   53
796   1102  54
795   1101  54
801   1222  55
801   1223  55
808   644   56
810   645   56
810   461   57
810   462   57
811   837   58
811   838   58
827   562   59
827   563   59
830   352   60
829   351   60
832   645   61
831   644   61
837   1266  62
836   1268  62
848   1216  63
847   1216  63
868   715   64
870   716   64
868   715   64
868   962   65
867   961   65
882   1117  66
883   1117  66
886   361   67
885   360   67
887   305   68
887   307   68
888   1025  69
891   1026  69
886   1024  69
890   1024  69
888   777   70
888   776   70
898   807   71
898   806   71
902   791   72
901   789   72
904   633   73
904   635   73
907   831   74
906   830   74
908   831   74
912   833   75
914   833   75
911   836   76
910   835   76
914   827   77
915   827   77
908   1308  78
906   1308  78
909   1306  78
909   1137  79
909   1137  79
910   796   80
910   797   80
909   795   80
912   1111  81
912   1111  81
917   1125  82
919   1126  82
919   1112  83
919   1114  83
922   1640  84
923   1642  84
925   1112  85
926   1111  85
930   272   86
930   272   86
933   735   87
933   735   87
935   793   88
934   792   88
935   1231  89
935   1231  89
936   446   90
936   448   90
937   724   91
939   725   91
937   345   92
937   344   92
942   743   93
940   743   93
943   745   93
948   706   94
946   707   94
951   397   95
951   398   95
951   907   96
952   908   96
952   1106  97
951   1107  97
953   802   98
953   801   98
958   995   99
958   995   99
961   1114  100
959   1113  100
961   1113  100
958   1118  101
959   1117  101
970   1006  102
970   1007  102
979   1037  103
978   1038  103
981   681   104
981   683   104
986   823   105
988   823   105
990   779   106
991   780   106
998   723   107
997   721   107
998   1585  108
997   1587  108
1005  1244  109
1005  1244  109
1015  418   110
1015  419   110
1014  418   110
1014  416   110
1015  419   110
1014  416   110
1014  420   110
1016  416   110
1016  421   110
1015  1096  111
1015  1096  111
1018  1326  112
1018  1325  112
1024  389   113
1023  388   113
1024  1294  114
1023  1294  114
1026  1293  114
1039  1589  115
1039  1591  115
1045  1582  116
1046  1581  116
1060  1547  117
1061  1547  117
1065  1555  118
1064  1554  118
1088  1298  119
1088  1297  119
1088  1352  120
1089  1354  120
1089  755   121
1089  755   121
1094  540   122
1095  542   122
1116  1499  123
1116  1499  123
1116  210   124
1116  212   124
1124  1132  125
1124  1134  125
1124  1463  126
1124  1461  126
1133  681   127
1131  681   127
1137  709   128
1136  708   128
1139  666   129
1141  666   129
1147  633   130
1147  633   130
1157  441   131
1158  440   131
1169  428   132
1169  428   132
1177  1219  133
1178  1220  133
1200  1394  134
1201  1393  134
1213  1206  135
1213  1206  135
1223  694   136
1223  694   136
1233  614   137
1232  615   137
1235  613   137
1236  583   138
1236  583   138
1237  1047  139
1236  1047  139
1240  771   140
1240  772   140
1241  771   140
1241  747   141
1241  747   141
1240  748   141
1247  689   142
1247  689   142
1249  732   143
1249  732   143
1249  930   144
1249  929   144
1256  1220  145
1255  1219  145
1267  908   146
1267  907   146
1271  399   147
1270  397   147
1271  401   147
1274  434   148
1274  436   148
1280  910   149
1280  910   149
1281  922   150
1280  923   150
1283  1205  151
1283  1203  151
1287  795   152
1286  795   152
1289  904   153
1289  905   153
1292  1181  154
1293  1181  154
1303  649   155
1303  649   155
1310  705   156
1310  704   156
1325  202   157
1325  203   157
1326  201   157
1335  1179  158
1336  1180  158
1335  1192  159
1335  1190  159
1336  1194  159
1342  1181  160
1341  1180  160
1347  1188  161
1346  1188  161
1363  1193  162
1363  1191  162
1377  1187  163
1377  1187  163
1374  1187  164
1374  1185  164
1373  1188  164
1375  1193  165
1375  1192  165
1373  1195  166
1375  1196  166
1390  777   167
1391  777   167
1404  765   168
1403  765   168
1404  765   168
1402  767   168
1402  765   168
1405  766   168
1403  1613  169
1403  1614  169
1416  250   170
1416  248   170
1422  443   171
1423  441   171
1422  789   172
1423  789   172
1458  224   173
1456  225   173
1460  224   173
1463  903   174
1465  904   174
1479  695   175
1478  696   175
1489  1460  176
1489  1460  176
1498  1458  177
1498  1460  177
1504  691   178
1503  693   178
1529  670   179
1528  672   179
1531  1070  180
1533  1069  180
1529  1071  180
1538  1290  181
1538  1291  181
1540  863   182
1539  863   182
1541  864   182
1541  984   183
1542  986   183
1555  1301  184
1556  1302  184
1559  816   185
1560  817   185
1562  1265  186
1562  1266  186
1579  1000  187
1579  1001  187
1587  1173  188
1589  1173  188
1589  1035  189
1591  1035  189
1592  822   190
1592  822   190
1594  820   190
1592  820   190
1597  819   191
1597  819   191
1630  802   192
1632  803   192
1710  895   193
1708  895   193
1728  1588  194
1728  1586  194
1776  442   195
1775  442   195
1774  443   195
1776  442   195
1782  1590  196
1781  1590  196
1784  1190  197
1786  1190  197
1803  828   198
1804  827   198
1833  438   199
1834  439   199
2036  900   200
2038  899   200
2036  898   200