# Filename: BNI1-640nm_416_ctrl_60x_010.tif
# Puncta radius (pixels): (1.3888888888888888, 1.3888888888888888)
# Puncta radius (nm): (150, 150)
# Cluster threshold (nm): 300
# Min puncta per cluster: 2
# Voxel size (nm): (108, 108, 200)
Y     X     CLUSTER_ID
61    540   -1
74    858   -1
103   1371  -1
140   599   -1
141   1246  -1
146   1378  -1
165   1335  -1
166   785   -1
166   805   -1
172   872   -1
180   1479  -1
184   626   -1
186   654   -1
189   1563  -1
193   773   -1
195   746   -1
197   834   -1
200   1325  -1
203   1570  -1
204   259   -1
205   609   -1
211   1005  -1
212   581   -1
216   823   -1
221   891   -1
230   1261  -1
235   1271  -1
237   995   -1
243   968   -1
250   1264  -1
255   999   -1
265   712   -1
271   886   -1
272   1421  -1
276   424   -1
278   1833  -1
283   695   -1
291   962   -1
296   906   -1
300   1074  -1
302   748   -1
303   741   -1
305   651   -1
307   1361  -1
310   642   -1
312   1199  -1
315   467   -1
316   619   -1
316   676   -1
316   919   -1
320   1544  -1
321   1091  -1
324   1489  -1
325   1192  -1
327   807   -1
329   1003  -1
331   1031  -1
332   719   -1
334   830   -1
339   1467  -1
342   1053  -1
344   1245  -1
347   919   -1
347   1453  -1
348   1677  -1
350   346   -1
352   1180  -1
356   967   -1
356   1659  -1
358   885   -1
360   729   -1
360   1117  -1
360   1402  -1
361   1799  -1
366   1172  -1
366   1457  -1
367   473   -1
367   1228  -1
372   703   -1
372   1170  -1
372   1438  -1
373   1377  -1
373   1387  -1
374   831   -1
379   1471  -1
388   789   -1
389   1572  -1
390   607   -1
391   1035  -1
394   633   -1
394   1205  -1
395   1349  -1
397   728   -1
400   1227  -1
403   611   -1
404   1250  -1
406   1767  -1
407   746   -1
409   577   -1
414   391   -1
414   678   -1
417   849   -1
417   1953  -1
419   1123  -1
420   1012  -1
421   799   -1
421   819   -1
422   852   -1
423   338   -1
424   882   -1
425   1634  -1
431   1017  -1
432   752   -1
432   1106  -1
433   597   -1
433   1538  -1
435   632   -1
437   1037  -1
438   668   -1
438   838   -1
441   1372  -1
442   1132  -1
442   1229  -1
445   608   -1
445   1128  -1
448   615   -1
448   843   -1
449   420   -1
450   1037  -1
451   574   -1
453   670   -1
453   700   -1
453   1804  -1
454   393   -1
456   814   -1
457   784   -1
458   1217  -1
459   1161  -1
460   1032  -1
462   626   -1
463   1122  -1
464   672   -1
468   1325  -1
471   554   -1
471   809   -1
471   1076  -1
471   1710  -1
472   798   -1
474   844   -1
474   1089  -1
474   1773  -1
475   327   -1
475   741   -1
476   850   -1
476   1957  -1
477   1311  -1
479   1837  -1
480   1431  -1
482   822   -1
483   719   -1
483   882   -1
483   988   -1
483   1018  -1
484   847   -1
486   1055  -1
487   694   -1
488   534   -1
489   594   -1
489   1033  -1
489   1409  -1
490   346   -1
490   1315  -1
491   558   -1
491   738   -1
492   840   -1
493   656   -1
493   784   -1
494   985   -1
494   1129  -1
495   900   -1
495   1040  -1
496   312   -1
496   544   -1
496   580   -1
496   946   -1
498   711   -1
499   893   -1
499   1311  -1
502   680   -1
506   606   -1
506   874   -1
506   1269  -1
506   1444  -1
507   815   -1
507   1089  -1
509   785   -1
511   1098  -1
511   1454  -1
512   901   -1
513   1033  -1
513   1262  -1
513   1271  -1
514   1546  -1
515   531   -1
517   881   -1
517   1077  -1
518   705   -1
521   772   -1
521   967   -1
523   909   -1
524   556   -1
524   768   -1
527   1035  -1
528   1019  -1
528   1268  -1
528   1309  -1
531   760   -1
531   1025  -1
533   808   -1
534   228   -1
535   1266  -1
537   852   -1
537   1563  -1
538   1074  -1
539   1029  -1
539   1234  -1
540   708   -1
540   772   -1
540   883   -1
540   1127  -1
541   937   -1
542   1051  -1
543   779   -1
544   308   -1
544   566   -1
544   925   -1
545   686   -1
545   1151  -1
547   1053  -1
547   1277  -1
547   1316  -1
550   854   -1
550   1115  -1
550   1311  -1
551   244   -1
552   833   -1
552   844   -1
552   1013  -1
552   1177  -1
553   867   -1
553   958   -1
553   1239  -1
555   627   -1
556   1553  -1
557   902   -1
560   1119  -1
561   955   -1
562   813   -1
564   350   -1
564   619   -1
566   830   -1
566   901   -1
566   1040  -1
569   586   -1
569   754   -1
569   1037  -1
570   520   -1
573   1541  -1
575   1358  -1
576   1276  -1
579   627   -1
579   1620  -1
580   764   -1
580   963   -1
580   969   -1
580   1429  -1
583   922   -1
583   974   -1
587   642   -1
588   542   -1
588   691   -1
589   737   -1
589   1326  -1
590   533   -1
591   911   -1
592   995   -1
593   730   -1
593   767   -1
593   1142  -1
593   1269  -1
594   287   -1
595   646   -1
595   783   -1
595   887   -1
595   1005  -1
596   908   -1
597   1301  -1
598   638   -1
598   844   -1
598   1135  -1
599   961   -1
600   541   -1
600   1335  -1
601   745   -1
601   1184  -1
601   1378  -1
603   618   -1
603   1017  -1
604   1173  -1
605   1023  -1
605   1123  -1
606   1579  -1
607   634   -1
609   663   -1
610   632   -1
610   1380  -1
611   94    -1
611   609   -1
612   947   -1
613   847   -1
614   1123  -1
615   646   -1
615   852   -1
617   712   -1
618   837   -1
618   1349  -1
619   1139  -1
621   538   -1
621   1161  -1
621   1346  -1
621   1369  -1
622   666   -1
623   651   -1
623   701   -1
623   1002  -1
623   1024  -1
623   1302  -1
626   1098  -1
627   1643  -1
628   1392  -1
629   671   -1
630   698   -1
630   753   -1
630   900   -1
632   726   -1
634   661   -1
635   502   -1
635   1179  -1
636   1419  -1
637   654   -1
638   803   -1
641   1282  -1
643   646   -1
643   761   -1
643   1350  -1
644   678   -1
645   1316  -1
645   1365  -1
646   1099  -1
646   1427  -1
647   631   -1
648   658   -1
648   975   -1
648   1140  -1
649   748   -1
650   1263  -1
651   670   -1
654   921   -1
654   948   -1
654   978   -1
654   1358  -1
655   76    -1
655   512   -1
656   600   -1
656   669   -1
656   723   -1
656   898   -1
657   1106  -1
657   1194  -1
658   520   -1
658   584   -1
658   704   -1
658   1470  -1
659   939   -1
659   1270  -1
660   1349  -1
661   529   -1
661   1143  -1
662   472   -1
662   814   -1
662   1380  -1
663   37    -1
663   698   -1
663   1246  -1
664   1282  -1
665   500   -1
665   583   -1
665   751   -1
666   637   -1
666   801   -1
667   411   -1
667   1133  -1
670   836   -1
670   978   -1
670   1011  -1
670   1236  -1
671   549   -1
671   1195  -1
671   1228  -1
671   1591  -1
672   840   -1
672   937   -1
672   1169  -1
673   831   -1
674   281   -1
674   871   -1
674   963   -1
675   728   -1
675   1368  -1
676   928   -1
676   1176  -1
677   409   -1
677   983   -1
677   1020  -1
679   847   -1
679   921   -1
679   933   -1
679   1473  -1
680   1087  -1
680   1527  -1
682   538   -1
682   755   -1
683   471   -1
683   1056  -1
684   765   -1
685   533   -1
685   616   -1
685   985   -1
685   1032  -1
685   1626  -1
685   1739  -1
686   1209  -1
686   1238  -1
686   1379  -1
687   1186  -1
688   1023  -1
688   1217  -1
689   736   -1
690   1196  -1
690   1399  -1
690   1649  -1
691   744   -1
692   1348  -1
693   101   -1
693   340   -1
693   706   -1
693   927   -1
695   1101  -1
696   654   -1
697   527   -1
697   843   -1
697   1200  -1
697   1603  -1
698   720   -1
698   1163  -1
699   1003  -1
699   1262  -1
699   1446  -1
700   449   -1
700   1510  -1
701   913   -1
702   137   -1
702   596   -1
702   1175  -1
702   1334  -1
702   1716  -1
703   842   -1
703   871   -1
704   812   -1
705   586   -1
705   804   -1
705   823   -1
705   833   -1
705   1038  -1
705   1054  -1
705   1066  -1
706   829   -1
706   861   -1
707   543   -1
709   612   -1
710   848   -1
712   534   -1
712   631   -1
712   749   -1
713   1148  -1
714   1459  -1
715   1010  -1
716   297   -1
716   980   -1
716   1441  -1
718   283   -1
718   659   -1
718   667   -1
718   896   -1
718   1120  -1
719   626   -1
719   850   -1
721   1111  -1
721   1135  -1
722   719   -1
722   954   -1
722   1254  -1
723   117   -1
723   1069  -1
723   1074  -1
723   1083  -1
723   1101  -1
724   1258  -1
725   979   -1
726   974   -1
726   1006  -1
726   1641  -1
727   866   -1
728   568   -1
728   681   -1
728   1026  -1
728   1046  -1
728   1199  -1
728   1450  -1
729   984   -1
730   295   -1
730   574   -1
730   594   -1
731   657   -1
731   778   -1
731   947   -1
732   666   -1
732   908   -1
733   86    -1
733   1022  -1
733   1238  -1
734   848   -1
735   466   -1
735   1055  -1
735   1488  -1
736   1199  -1
737   1117  -1
737   1590  -1
738   1058  -1
738   1235  -1
739   171   -1
739   558   -1
739   776   -1
739   1039  -1
740   851   -1
741   804   -1
741   970   -1
741   1076  -1
742   1029  -1
742   1101  -1
743   1034  -1
743   1093  -1
743   1128  -1
744   1770  -1
746   962   -1
746   1088  -1
747   843   -1
747   895   -1
748   1206  -1
749   635   -1
749   927   -1
750   478   -1
750   719   -1
750   1142  -1
751   1430  -1
752   66    -1
752   1488  -1
753   489   -1
753   925   -1
753   1239  -1
755   669   -1
756   528   -1
756   593   -1
756   840   -1
756   1705  -1
757   476   -1
757   1151  -1
757   1224  -1
757   1764  -1
758   298   -1
758   680   -1
758   1162  -1
758   1248  -1
758   1444  -1
759   939   -1
759   971   -1
760   604   -1
760   617   -1
761   194   -1
761   816   -1
761   1037  -1
762   226   -1
762   718   -1
762   1103  -1
763   1125  -1
764   1108  -1
765   911   -1
765   1720  -1
766   420   -1
768   1111  -1
769   679   -1
769   989   -1
769   1268  -1
771   541   -1
772   596   -1
772   972   -1
773   239   -1
773   799   -1
774   310   -1
774   1476  -1
776   390   -1
777   148   -1
777   804   -1
778   1011  -1
778   1229  -1
778   1412  -1
778   1643  -1
779   626   -1
779   1390  -1
780   911   -1
781   1019  -1
781   1126  -1
781   1266  -1
782   298   -1
782   573   -1
782   964   -1
783   1325  -1
787   297   -1
787   377   -1
787   1015  -1
787   1224  -1
788   1095  -1
788   1218  -1
789   645   -1
789   827   -1
790   901   -1
790   963   -1
790   971   -1
790   1044  -1
790   1668  -1
791   296   -1
792   1241  -1
793   622   -1
793   1717  -1
794   1231  -1
794   1263  -1
795   703   -1
796   972   -1
796   1132  -1
797   383   -1
797   1350  -1
797   1699  -1
799   722   -1
799   1590  -1
800   1028  -1
800   1242  -1
802   1093  -1
803   161   -1
805   1132  -1
805   1508  -1
805   1668  -1
806   669   -1
806   951   -1
806   1043  -1
806   1062  -1
807   736   -1
807   1288  -1
808   648   -1
809   1522  -1
811   1248  -1
812   683   -1
812   1526  -1
813   1599  -1
814   300   -1
814   1033  -1
815   649   -1
816   251   -1
816   1048  -1
816   1085  -1
817   753   -1
817   1525  -1
818   991   -1
819   209   -1
819   861   -1
821   1082  -1
821   1102  -1
821   1648  -1
822   1594  -1
824   1125  -1
824   1180  -1
824   1317  -1
825   1676  -1
828   880   -1
830   942   -1
830   1557  -1
832   301   -1
832   1281  -1
832   1290  -1
832   1299  -1
833   68    -1
833   751   -1
833   1037  -1
835   1231  -1
835   1304  -1
836   1621  -1
837   274   -1
838   1690  -1
839   72    -1
839   709   -1
840   799   -1
840   1527  -1
841   1050  -1
842   76    -1
842   1652  -1
843   786   -1
844   320   -1
844   565   -1
844   1363  -1
844   1670  -1
845   211   -1
846   674   -1
848   1338  -1
850   812   -1
850   1425  -1
851   1118  -1
852   648   -1
852   1049  -1
852   1334  -1
853   289   -1
854   787   -1
854   913   -1
854   1268  -1
854   1290  -1
855   1351  -1
855   1562  -1
855   1591  -1
856   1470  -1
856   1706  -1
857   179   -1
857   1615  -1
857   1641  -1
857   1722  -1
858   212   -1
858   551   -1
859   1117  -1
860   671   -1
861   231   -1
861   1167  -1
861   1342  -1
863   570   -1
863   1182  -1
864   824   -1
864   1072  -1
864   1311  -1
864   1402  -1
865   244   -1
865   978   -1
865   1105  -1
866   1504  -1
867   834   -1
868   565   -1
868   1520  -1
869   125   -1
869   229   -1
869   1021  -1
869   1396  -1
870   109   -1
870   156   -1
870   511   -1
870   592   -1
871   1254  -1
871   1598  -1
872   91    -1
872   201   -1
872   809   -1
872   1037  -1
873   560   -1
873   886   -1
873   1087  -1
873   1264  -1
874   1164  -1
876   984   -1
878   1237  -1
878   1741  -1
879   1159  -1
880   712   -1
880   794   -1
881   789   -1
881   1153  -1
882   1145  -1
882   1583  -1
883   1092  -1
884   469   -1
884   569   -1
885   1053  -1
885   1533  -1
885   1650  -1
886   679   -1
886   1159  -1
887   853   -1
888   878   -1
889   823   -1
889   1506  -1
890   1567  -1
890   1589  -1
890   1635  -1
891   277   -1
891   1127  -1
891   1132  -1
892   458   -1
892   1309  -1
892   1733  -1
893   929   -1
894   979   -1
894   1256  -1
895   135   -1
895   810   -1
896   841   -1
896   1363  -1
897   565   -1
897   984   -1
897   1020  -1
897   1108  -1
899   244   -1
899   493   -1
899   693   -1
899   812   -1
900   203   -1
900   775   -1
900   959   -1
900   978   -1
900   1129  -1
901   532   -1
902   1256  -1
902   1583  -1
903   1641  -1
905   1726  -1
906   830   -1
907   1086  -1
909   1329  -1
910   1082  -1
910   1349  -1
911   483   -1
913   504   -1
913   696   -1
913   717   -1
913   1005  -1
913   1154  -1
914   1296  -1
914   1632  -1
915   1618  -1
919   1034  -1
919   1286  -1
919   1603  -1
920   467   -1
920   737   -1
920   1027  -1
920   1111  -1
920   1364  -1
922   887   -1
923   1704  -1
924   1250  -1
925   483   -1
925   541   -1
925   1600  -1
926   1069  -1
926   1180  -1
927   640   -1
928   262   -1
928   458   -1
928   980   -1
930   486   -1
930   1712  -1
931   132   -1
931   149   -1
931   157   -1
931   238   -1
931   731   -1
932   858   -1
932   879   -1
932   1317  -1
932   1458  -1
933   474   -1
933   1330  -1
934   646   -1
935   459   -1
935   1194  -1
937   467   -1
937   782   -1
937   1171  -1
937   1431  -1
937   1644  -1
938   1014  -1
938   1814  -1
939   243   -1
940   931   -1
940   1086  -1
940   1700  -1
941   748   -1
941   807   -1
941   1612  -1
942   589   -1
942   1382  -1
943   265   -1
943   774   -1
943   789   -1
943   901   -1
943   1322  -1
944   740   -1
944   827   -1
944   1107  -1
945   627   -1
945   1191  -1
945   1629  -1
946   1488  -1
947   486   -1
947   698   -1
947   850   -1
947   929   -1
948   756   -1
949   712   -1
949   792   -1
951   1115  -1
951   1808  -1
952   917   -1
952   1180  -1
954   1009  -1
954   1396  -1
955   243   -1
955   749   -1
955   1022  -1
956   411   -1
956   591   -1
956   1523  -1
957   578   -1
958   101   -1
959   670   -1
959   889   -1
960   767   -1
960   828   -1
960   966   -1
960   990   -1
960   1515  -1
960   1827  -1
961   270   -1
961   1213  -1
964   271   -1
965   597   -1
965   961   -1
965   1365  -1
966   648   -1
966   1470  -1
967   753   -1
967   899   -1
967   1508  -1
968   913   -1
969   786   -1
969   1534  -1
970   948   -1
971   1164  -1
971   1201  -1
971   1546  -1
973   1016  -1
974   427   -1
974   1106  -1
975   910   -1
976   905   -1
978   1042  -1
979   789   -1
980   363   -1
980   1548  -1
982   177   -1
983   1180  -1
984   1155  -1
984   1544  -1
984   1781  -1
985   51    -1
985   935   -1
987   433   -1
987   926   -1
987   1085  -1
987   1456  -1
987   1465  -1
988   1658  -1
989   131   -1
989   137   -1
989   272   -1
989   1028  -1
989   1448  -1
990   318   -1
990   338   -1
991   1452  -1
992   958   -1
992   1473  -1
993   152   -1
993   1035  -1
993   1091  -1
995   119   -1
995   302   -1
995   797   -1
997   194   -1
997   418   -1
997   802   -1
997   1049  -1
997   1594  -1
998   1163  -1
1000  397   -1
1000  881   -1
1000  904   -1
1000  984   -1
1000  1076  -1
1000  1458  -1
1001  770   -1
1001  1084  -1
1002  798   -1
1002  1207  -1
1003  1066  -1
1004  676   -1
1004  1192  -1
1004  1592  -1
1006  366   -1
1006  640   -1
1007  778   -1
1009  148   -1
1009  253   -1
1010  655   -1
1010  1086  -1
1011  954   -1
1011  983   -1
1012  124   -1
1014  182   -1
1016  140   -1
1016  359   -1
1017  1178  -1
1017  1419  -1
1018  409   -1
1019  656   -1
1020  262   -1
1020  1109  -1
1021  292   -1
1021  345   -1
1021  774   -1
1022  1368  -1
1023  276   -1
1023  981   -1
1024  195   -1
1024  229   -1
1024  299   -1
1024  1427  -1
1025  295   -1
1026  282   -1
1026  309   -1
1028  63    -1
1028  1488  -1
1029  393   -1
1029  1010  -1
1029  1650  -1
1030  412   -1
1031  99    -1
1032  722   -1
1032  796   -1
1032  840   -1
1033  408   -1
1033  641   -1
1035  255   -1
1036  197   -1
1036  231   -1
1037  297   -1
1037  305   -1
1037  930   -1
1038  217   -1
1039  1359  -1
1040  1386  -1
1040  1645  -1
1041  402   -1
1041  919   -1
1041  1095  -1
1043  278   -1
1043  1009  -1
1046  1351  -1
1046  1420  -1
1048  401   -1
1050  805   -1
1052  857   -1
1053  404   -1
1055  134   -1
1055  810   -1
1055  873   -1
1056  1469  -1
1057  38    -1
1057  242   -1
1058  1702  -1
1062  775   -1
1062  1411  -1
1063  642   -1
1064  192   -1
1065  137   -1
1065  233   -1
1065  1445  -1
1068  933   -1
1068  1105  -1
1070  625   -1
1070  1661  -1
1071  1374  -1
1073  21    -1
1074  783   -1
1075  973   -1
1077  873   -1
1078  395   -1
1078  1422  -1
1079  1297  -1
1079  1721  -1
1080  306   -1
1080  1048  -1
1081  1343  -1
1082  1670  -1
1084  1443  -1
1086  859   -1
1086  1288  -1
1087  340   -1
1088  85    -1
1088  719   -1
1090  134   -1
1090  1050  -1
1090  1844  -1
1091  1071  -1
1092  605   -1
1092  888   -1
1092  1435  -1
1092  1460  -1
1093  925   -1
1093  1378  -1
1094  92    -1
1094  351   -1
1094  361   -1
1096  1064  -1
1096  1280  -1
1098  842   -1
1098  1843  -1
1099  869   -1
1099  1035  -1
1099  1380  -1
1100  1373  -1
1101  793   -1
1101  1031  -1
1101  1401  -1
1101  1801  -1
1103  1049  -1
1105  624   -1
1106  1038  -1
1108  356   -1
1108  1061  -1
1110  340   -1
1110  757   -1
1111  1359  -1
1113  1762  -1
1114  355   -1
1114  626   -1
1115  935   -1
1116  924   -1
1116  1092  -1
1117  946   -1
1117  1046  -1
1117  1112  -1
1117  1147  -1
1118  342   -1
1118  1321  -1
1119  336   -1
1119  952   -1
1119  1328  -1
1120  820   -1
1120  1135  -1
1121  184   -1
1121  1435  -1
1122  1366  -1
1122  1407  -1
1123  853   -1
1124  343   -1
1124  616   -1
1124  1011  -1
1124  1024  -1
1125  843   -1
1125  1730  -1
1126  714   -1
1126  1292  -1
1127  1376  -1
1128  540   -1
1128  548   -1
1128  870   -1
1128  1051  -1
1128  1065  -1
1129  919   -1
1129  992   -1
1129  1088  -1
1130  350   -1
1131  825   -1
1131  1178  -1
1133  837   -1
1133  1004  -1
1135  829   -1
1135  1408  -1
1136  731   -1
1137  1012  -1
1138  174   -1
1139  997   -1
1139  1406  -1
1140  1134  -1
1141  121   -1
1141  850   -1
1142  593   -1
1143  1081  -1
1145  207   -1
1145  839   -1
1146  682   -1
1146  810   -1
1151  815   -1
1151  1278  -1
1152  1029  -1
1152  1054  -1
1152  1104  -1
1153  900   -1
1153  1299  -1
1154  572   -1
1155  733   -1
1156  507   -1
1157  539   -1
1157  586   -1
1157  801   -1
1157  1005  -1
1159  886   -1
1159  937   -1
1159  1355  -1
1161  910   -1
1161  1055  -1
1162  806   -1
1162  834   -1
1163  1102  -1
1165  367   -1
1166  1050  -1
1167  830   -1
1167  1315  -1
1169  633   -1
1169  1057  -1
1169  1307  -1
1170  1043  -1
1170  1323  -1
1171  824   -1
1171  944   -1
1171  1091  -1
1172  582   -1
1172  692   -1
1174  1064  -1
1174  1252  -1
1177  1146  -1
1179  1154  -1
1180  737   -1
1180  921   -1
1181  1368  -1
1183  658   -1
1185  835   -1
1187  919   -1
1187  1105  -1
1187  1294  -1
1188  1218  -1
1189  1343  -1
1190  532   -1
1191  588   -1
1191  701   -1
1192  653   -1
1192  1092  -1
1193  693   -1
1194  774   -1
1194  1329  -1
1195  1293  -1
1195  1451  -1
1197  459   -1
1197  768   -1
1197  813   -1
1198  469   -1
1198  1235  -1
1199  876   -1
1199  1061  -1
1200  1456  -1
1201  583   -1
1202  1033  -1
1202  1145  -1
1202  1346  -1
1203  831   -1
1203  912   -1
1204  747   -1
1204  892   -1
1204  949   -1
1204  1021  -1
1204  1319  -1
1205  755   -1
1206  1289  -1
1207  930   -1
1208  774   -1
1208  841   -1
1208  1079  -1
1208  1139  -1
1208  1146  -1
1208  1299  -1
1209  1000  -1
1210  1007  -1
1211  592   -1
1212  1195  -1
1213  1169  -1
1213  1227  -1
1213  1245  -1
1215  500   -1
1215  705   -1
1215  990   -1
1215  1039  -1
1216  958   -1
1217  1305  -1
1218  1362  -1
1220  944   -1
1220  1464  -1
1221  910   -1
1222  1043  -1
1222  1143  -1
1222  1158  -1
1223  681   -1
1223  845   -1
1224  617   -1
1224  674   -1
1224  694   -1
1224  731   -1
1225  1035  -1
1226  1303  -1
1227  522   -1
1227  1131  -1
1228  570   -1
1228  1458  -1
1231  684   -1
1231  1136  -1
1232  443   -1
1232  1243  -1
1233  1016  -1
1233  1055  -1
1233  1338  -1
1235  778   -1
1235  1065  -1
1236  448   -1
1236  1117  -1
1237  205   -1
1237  878   -1
1238  1336  -1
1240  804   -1
1240  991   -1
1240  1083  -1
1243  506   -1
1243  915   -1
1244  717   -1
1244  949   -1
1245  931   -1
1245  1008  -1
1245  1153  -1
1247  474   -1
1248  747   -1
1250  633   -1
1250  965   -1
1250  1210  -1
1251  591   -1
1251  913   -1
1251  972   -1
1251  1094  -1
1251  1173  -1
1252  485   -1
1253  310   -1
1253  855   -1
1255  873   -1
1255  996   -1
1256  1194  -1
1256  1235  -1
1257  879   -1
1257  1299  -1
1259  858   -1
1259  1274  -1
1261  395   -1
1262  1285  -1
1265  685   -1
1265  1029  -1
1266  968   -1
1266  1086  -1
1267  233   -1
1267  437   -1
1267  500   -1
1267  833   -1
1267  1280  -1
1269  344   -1
1270  1114  -1
1270  1427  -1
1271  597   -1
1271  803   -1
1271  828   -1
1271  919   -1
1271  1063  -1
1272  735   -1
1274  884   -1
1275  603   -1
1276  1169  -1
1276  1235  -1
1277  905   -1
1277  1018  -1
1278  596   -1
1278  776   -1
1280  772   -1
1280  1012  -1
1281  233   -1
1281  287   -1
1281  492   -1
1281  850   -1
1281  1266  -1
1282  228   -1
1283  1112  -1
1285  234   -1
1285  990   -1
1286  245   -1
1286  694   -1
1287  1135  -1
1287  1154  -1
1288  724   -1
1289  974   -1
1290  1089  -1
1291  712   -1
1292  778   -1
1293  532   -1
1293  1126  -1
1293  1411  -1
1294  544   -1
1294  1069  -1
1296  32    -1
1296  492   -1
1296  1239  -1
1297  534   -1
1297  549   -1
1297  607   -1
1299  593   -1
1299  821   -1
1299  1276  -1
1300  974   -1
1300  1091  -1
1301  504   -1
1301  599   -1
1302  425   -1
1302  1266  -1
1303  235   -1
1304  579   -1
1305  714   -1
1305  1113  -1
1306  42    -1
1306  1068  -1
1307  490   -1
1307  770   -1
1307  963   -1
1307  1096  -1
1308  420   -1
1308  988   -1
1309  698   -1
1309  816   -1
1309  848   -1
1310  657   -1
1310  861   -1
1310  1416  -1
1311  277   -1
1312  538   -1
1312  767   -1
1313  555   -1
1313  566   -1
1313  717   -1
1314  480   -1
1315  745   -1
1316  505   -1
1317  627   -1
1319  575   -1
1319  601   -1
1319  965   -1
1319  1408  -1
1320  530   -1
1320  997   -1
1321  486   -1
1321  1003  -1
1322  921   -1
1323  321   -1
1323  975   -1
1324  161   -1
1324  564   -1
1324  826   -1
1324  907   -1
1324  931   -1
1324  1129  -1
1325  1204  -1
1326  946   -1
1327  515   -1
1327  1122  -1
1328  1045  -1
1328  1055  -1
1329  597   -1
1330  603   -1
1330  733   -1
1330  1031  -1
1331  78    -1
1331  791   -1
1331  834   -1
1331  1126  -1
1332  388   -1
1332  468   -1
1332  478   -1
1332  633   -1
1332  755   -1
1332  848   -1
1332  1068  -1
1333  768   -1
1334  747   -1
1334  1149  -1
1335  413   -1
1335  958   -1
1335  996   -1
1335  1423  -1
1336  905   -1
1336  946   -1
1336  1199  -1
1337  492   -1
1337  1429  -1
1338  578   -1
1338  860   -1
1339  621   -1
1339  717   -1
1339  798   -1
1339  1192  -1
1340  313   -1
1340  959   -1
1341  876   -1
1341  1138  -1
1342  915   -1
1343  499   -1
1343  910   -1
1343  974   -1
1344  364   -1
1344  1005  -1
1344  1108  -1
1344  1177  -1
1344  1426  -1
1345  610   -1
1345  854   -1
1345  861   -1
1345  1420  -1
1346  1054  -1
1347  637   -1
1347  688   -1
1347  1023  -1
1349  1148  -1
1349  1405  -1
1350  567   -1
1350  1027  -1
1351  447   -1
1351  947   -1
1351  1117  -1
1352  956   -1
1353  283   -1
1353  406   -1
1354  1415  -1
1355  1423  -1
1356  315   -1
1357  918   -1
1357  1392  -1
1358  1218  -1
1360  695   -1
1360  1135  -1
1360  1432  -1
1363  488   -1
1363  762   -1
1363  1094  -1
1364  882   -1
1364  980   -1
1365  1175  -1
1366  406   -1
1366  412   -1
1366  508   -1
1366  790   -1
1367  639   -1
1367  1043  -1
1368  769   -1
1368  1017  -1
1368  1134  -1
1369  195   -1
1369  514   -1
1370  303   -1
1370  1425  -1
1371  1033  -1
1371  1067  -1
1372  570   -1
1372  847   -1
1373  1407  -1
1374  353   -1
1374  633   -1
1374  769   -1
1375  911   -1
1375  1396  -1
1376  487   -1
1376  804   -1
1376  1413  -1
1377  480   -1
1378  1380  -1
1379  1100  -1
1381  420   -1
1381  468   -1
1381  788   -1
1381  1368  -1
1382  963   -1
1382  1073  -1
1383  852   -1
1384  231   -1
1384  516   -1
1384  693   -1
1384  1420  -1
1385  1013  -1
1386  245   -1
1386  952   -1
1386  1153  -1
1388  432   -1
1388  573   -1
1388  638   -1
1388  705   -1
1388  719   -1
1388  1371  -1
1389  1358  -1
1390  334   -1
1390  1393  -1
1392  712   -1
1392  1386  -1
1393  419   -1
1393  1060  -1
1394  871   -1
1395  614   -1
1395  863   -1
1395  1145  -1
1395  1376  -1
1396  492   -1
1396  564   -1
1396  595   -1
1396  1264  -1
1397  1389  -1
1398  285   -1
1398  1154  -1
1398  1372  -1
1399  809   -1
1399  984   -1
1399  1122  -1
1399  1351  -1
1400  424   -1
1402  289   -1
1402  816   -1
1402  1384  -1
1402  1394  -1
1404  494   -1
1404  626   -1
1404  635   -1
1404  1343  -1
1406  453   -1
1406  1018  -1
1406  1413  -1
1409  486   -1
1409  1041  -1
1410  331   -1
1411  828   -1
1412  364   -1
1412  448   -1
1412  888   -1
1413  316   -1
1413  729   -1
1413  1234  -1
1413  1400  -1
1414  591   -1
1414  686   -1
1415  979   -1
1416  499   -1
1416  1378  -1
1417  162   -1
1417  421   -1
1417  649   -1
1417  1356  -1
1418  684   -1
1418  898   -1
1418  926   -1
1419  846   -1
1419  1077  -1
1420  540   -1
1420  1254  -1
1420  1372  -1
1421  416   -1
1423  1322  -1
1423  1335  -1
1424  50    -1
1424  349   -1
1424  1029  -1
1425  1342  -1
1426  1380  -1
1427  973   -1
1427  991   -1
1428  662   -1
1429  1343  -1
1430  642   -1
1430  897   -1
1430  937   -1
1433  938   -1
1433  977   -1
1433  1170  -1
1433  1224  -1
1434  393   -1
1434  1384  -1
1435  983   -1
1435  1336  -1
1436  504   -1
1436  515   -1
1436  1241  -1
1437  1013  -1
1439  532   -1
1439  908   -1
1439  1369  -1
1440  402   -1
1440  620   -1
1440  902   -1
1441  1018  -1
1443  1164  -1
1443  1234  -1
1444  520   -1
1444  1241  -1
1445  625   -1
1446  461   -1
1446  505   -1
1446  696   -1
1446  798   -1
1446  1063  -1
1448  844   -1
1448  963   -1
1448  1058  -1
1449  1019  -1
1449  1041  -1
1450  801   -1
1450  926   -1
1450  940   -1
1452  467   -1
1452  763   -1
1452  1014  -1
1453  1290  -1
1453  1376  -1
1455  861   -1
1456  406   -1
1456  450   -1
1456  1185  -1
1457  660   -1
1457  1316  -1
1457  1466  -1
1458  941   -1
1458  1281  -1
1459  829   -1
1459  919   -1
1459  1274  -1
1460  1195  -1
1461  1300  -1
1462  899   -1
1462  981   -1
1463  1077  -1
1463  1166  -1
1463  1396  -1
1464  578   -1
1465  588   -1
1465  625   -1
1465  1427  -1
1466  1272  -1
1467  561   -1
1469  677   -1
1469  768   -1
1469  1367  -1
1471  690   -1
1471  1155  -1
1471  1271  -1
1472  757   -1
1472  1104  -1
1473  774   -1
1473  1009  -1
1474  666   -1
1475  975   -1
1475  1204  -1
1475  1304  -1
1475  1452  -1
1476  842   -1
1477  562   -1
1477  964   -1
1478  710   -1
1478  1032  -1
1478  1472  -1
1479  196   -1
1479  1361  -1
1480  1394  -1
1481  879   -1
1482  383   -1
1482  738   -1
1482  1110  -1
1483  1265  -1
1483  1306  -1
1484  880   -1
1484  1174  -1
1485  940   -1
1487  711   -1
1487  1099  -1
1488  1208  -1
1488  1569  -1
1490  331   -1
1490  945   -1
1491  493   -1
1491  783   -1
1492  530   -1
1493  1135  -1
1494  1287  -1
1495  773   -1
1495  1468  -1
1496  1872  -1
1497  686   -1
1498  241   -1
1499  1671  -1
1499  1799  -1
1500  952   -1
1500  1854  -1
1501  384   -1
1501  1140  -1
1501  1212  -1
1502  753   -1
1502  1106  -1
1503  477   -1
1503  595   -1
1506  491   -1
1506  1502  -1
1507  676   -1
1508  820   -1
1508  1063  -1
1509  1214  -1
1511  1135  -1
1511  1479  -1
1512  1185  -1
1512  1458  -1
1513  1601  -1
1514  447   -1
1515  857   -1
1515  904   -1
1516  603   -1
1516  1553  -1
1518  1021  -1
1519  633   -1
1520  262   -1
1520  406   -1
1520  667   -1
1520  1870  -1
1521  709   -1
1521  1607  -1
1522  590   -1
1522  692   -1
1522  1180  -1
1522  1499  -1
1522  1536  -1
1522  1548  -1
1523  1045  -1
1523  1184  -1
1524  704   -1
1527  1789  -1
1528  1464  -1
1529  705   -1
1529  813   -1
1542  449   -1
1542  757   -1
1542  1470  -1
1543  1151  -1
1544  613   -1
1545  818   -1
1546  754   -1
1547  660   -1
1547  1310  -1
1548  782   -1
1548  854   -1
1549  241   -1
1549  421   -1
1550  723   -1
1550  1751  -1
1551  348   -1
1551  1743  -1
1552  1492  -1
1553  513   -1
1554  743   -1
1554  789   -1
1554  963   -1
1555  502   -1
1555  672   -1
1555  759   -1
1555  773   -1
1555  1098  -1
1555  1106  -1
1555  1126  -1
1556  418   -1
1557  1017  -1
1559  559   -1
1559  816   -1
1560  460   -1
1560  1311  -1
1561  759   -1
1561  958   -1
1561  1445  -1
1563  1299  -1
1565  750   -1
1565  774   -1
1565  810   -1
1566  350   -1
1566  741   -1
1566  1523  -1
1567  477   -1
1567  892   -1
1568  1601  -1
1569  1305  -1
1572  1049  -1
1572  1112  -1
1573  510   -1
1574  742   -1
1574  1326  -1
1575  1019  -1
1576  813   -1
1576  861   -1
1576  1437  -1
1578  931   -1
1578  1030  -1
1578  1460  -1
1580  1588  -1
1580  1615  -1
1581  248   -1
1582  1262  -1
1583  922   -1
1583  1446  -1
1584  871   -1
1587  470   -1
1587  750   -1
1587  836   -1
1587  841   -1
1587  1612  -1
1588  705   -1
1589  508   -1
1591  851   -1
1591  1252  -1
1593  516   -1
1593  1031  -1
1597  501   -1
1597  734   -1
1598  677   -1
1599  624   -1
1599  914   -1
1600  791   -1
1602  982   -1
1603  260   -1
1608  1614  -1
1609  419   -1
1609  741   -1
1610  879   -1
1612  992   -1
1613  489   -1
1614  453   -1
1614  1158  -1
1614  1309  -1
1616  965   -1
1617  1402  -1
1620  1206  -1
1621  669   -1
1622  892   -1
1623  305   -1
1624  603   -1
1628  522   -1
1628  1114  -1
1631  820   -1
1631  1396  -1
1632  854   -1
1632  872   -1
1633  664   -1
1633  707   -1
1633  1367  -1
1634  739   -1
1635  490   -1
1635  1561  -1
1636  602   -1
1636  671   -1
1637  1384  -1
1638  963   -1
1642  1019  -1
1643  588   -1
1643  1317  -1
1643  1942  -1
1645  684   -1
1645  1007  -1
1646  614   -1
1646  712   -1
1648  1091  -1
1648  1317  -1
1649  721   -1
1649  1394  -1
1651  1350  -1
1651  1570  -1
1656  451   -1
1657  1391  -1
1659  678   -1
1661  1326  -1
1663  822   -1
1663  1069  -1
1665  405   -1
1665  481   -1
1666  875   -1
1669  858   -1
1672  679   -1
1673  589   -1
1673  603   -1
1674  798   -1
1675  1070  -1
1675  1757  -1
1679  843   -1
1680  631   -1
1683  1040  -1
1684  605   -1
1685  522   -1
1685  549   -1
1686  852   -1
1687  1013  -1
1688  664   -1
1689  660   -1
1689  1545  -1
1690  717   -1
1691  407   -1
1691  1579  -1
1691  1944  -1
1692  756   -1
1692  1383  -1
1696  973   -1
1698  1367  -1
1699  1822  -1
1700  722   -1
1702  1263  -1
1702  1407  -1
1703  1354  -1
1704  733   -1
1704  972   -1
1708  884   -1
1708  968   -1
1709  912   -1
1709  987   -1
1716  701   -1
1716  724   -1
1718  962   -1
1718  982   -1
1718  998   -1
1722  995   -1
1726  1254  -1
1728  774   -1
1729  1589  -1
1730  1055  -1
1730  1335  -1
1733  1080  -1
1737  1037  -1
1740  1360  -1
1740  1434  -1
1743  1091  -1
1745  842   -1
1745  1266  -1
1745  1584  -1
1749  574   -1
1752  807   -1
1752  1644  -1
1754  817   -1
1754  1717  -1
1762  1261  -1
1765  1070  -1
1768  1594  -1
1771  562   -1
1771  1445  -1
1772  458   -1
1772  1291  -1
1788  1301  -1
1793  1277  -1
1794  1601  -1
1795  520   -1
1795  1668  -1
1801  1103  -1
1817  1178  -1
1818  455   -1
1819  1310  -1
1822  1306  -1
1826  1507  -1
1827  1327  -1
1828  1527  -1
1828  1552  -1
1845  1165  -1
1848  1542  -1
1861  1911  -1
1864  1532  -1
1868  594   -1
1869  541   -1
1877  1483  -1
1879  1316  -1
1898  714   -1
1899  1431  -1
1900  1401  -1
1908  568   -1
1909  1395  -1
1911  1312  -1
1911  1347  -1
168   779   -1
169   54    -1
194   792   -1
317   631   -1
325   764   -1
333   1073  -1
344   689   -1
349   792   -1
382   785   -1
400   1797  -1
415   932   -1
418   685   -1
423   1009  -1
426   646   -1
426   873   -1
440   1174  -1
447   1304  -1
458   423   -1
461   1741  -1
464   976   -1
466   689   -1
479   747   -1
496   832   -1
501   1026  -1
504   641   -1
506   1257  -1
509   1006  -1
508   1259  -1
518   814   -1
519   1488  -1
519   1174  -1
521   1118  -1
523   1080  -1
523   822   -1
524   1279  -1
528   967   -1
530   693   -1
530   936   -1
534   971   -1
541   816   -1
541   1280  -1
540   1283  -1
544   1068  -1
547   824   -1
549   1083  -1
549   1089  -1
559   1314  -1
561   809   -1
568   779   -1
570   178   -1
570   1029  -1
572   1023  -1
577   643   -1
577   868   -1
579   995   -1
583   675   -1
585   1002  -1
589   1174  -1
594   595   -1
594   1150  -1
597   856   -1
600   720   -1
602   1156  -1
605   622   -1
606   808   -1
607   817   -1
610   728   -1
609   745   -1
610   1021  -1
628   1204  -1
630   634   -1
629   787   -1
635   516   -1
637   584   -1
638   944   -1
638   902   -1
639   961   -1
640   1172  -1
639   1201  -1
641   1083  -1
641   1111  -1
644   652   -1
650   1235  -1
655   882   -1
657   678   -1
658   912   -1
661   571   -1
666   1051  -1
665   1160  -1
666   875   -1
670   756   -1
676   1083  -1
675   1105  -1
675   1225  -1
678   689   -1
677   885   -1
680   853   -1
680   486   -1
683   685   -1
685   663   -1
686   604   -1
687   183   -1
686   957   -1
689   895   -1
690   1253  -1
690   505   -1
693   530   -1
693   821   -1
694   461   -1
695   864   -1
696   1547  -1
698   549   -1
698   979   -1
699   1290  -1
700   1390  -1
701   742   -1
700   1017  -1
701   897   -1
703   1780  -1
705   446   -1
707   777   -1
707   973   -1
710   1552  -1
710   839   -1
710   1053  -1
711   822   -1
711   1261  -1
713   1039  -1
714   831   -1
716   557   -1
715   1154  -1
719   801   -1
720   491   -1
721   777   -1
720   786   -1
721   1611  -1
721   1466  -1
723   1696  -1
724   859   -1
727   894   -1
726   1079  -1
729   804   -1
732   1037  -1
733   1243  -1
734   1468  -1
738   925   -1
739   1015  -1
740   207   -1
740   920   -1
743   613   -1
743   820   -1
744   1042  -1
747   593   -1
749   309   -1
748   524   -1
748   1239  -1
749   1373  -1
748   1663  -1
750   1033  -1
752   884   -1
753   1471  -1
756   1440  -1
757   447   -1
757   484   -1
757   773   -1
756   801   -1
757   1362  -1
760   1353  -1
760   575   -1
761   591   -1
760   857   -1
761   1437  -1
761   1095  -1
762   1052  -1
764   467   -1
765   145   -1
765   470   -1
767   838   -1
767   1007  -1
767   1222  -1
771   208   -1
771   1211  -1
773   1213  -1
770   1214  -1
775   1084  -1
774   1554  -1
777   928   -1
783   521   -1
780   520   -1
784   1245  -1
787   1210  -1
788   1206  -1
790   1147  -1
791   319   -1
790   1416  -1
791   241   -1
791   1364  -1
793   1057  -1
796   1032  -1
797   1510  -1
798   1042  -1
800   992   -1
800   1163  -1
801   1249  -1
804   714   -1
805   759   -1
804   1377  -1
805   306   -1
806   1127  -1
806   1249  -1
806   1326  -1
808   295   -1
808   720   -1
807   876   -1
809   999   -1
811   657   -1
811   980   -1
811   1057  -1
813   1256  -1
815   934   -1
817   108   -1
818   725   -1
818   930   -1
822   1033  -1
822   1285  -1
824   966   -1
825   620   -1
830   1700  -1
835   920   -1
835   917   -1
833   222   -1
837   946   -1
838   1681  -1
840   681   -1
842   1032  -1
847   1552  -1
847   580   -1
851   643   -1
851   1204  -1
852   1588  -1
853   1098  -1
854   1159  -1
855   859   -1
855   1317  -1
857   1086  -1
858   1059  -1
859   1718  -1
861   1065  -1
866   1291  -1
867   1726  -1
868   1484  -1
870   956   -1
870   1209  -1
871   655   -1
871   1141  -1
872   1686  -1
875   905   -1
877   638   -1
880   953   -1
884   1287  -1
884   978   -1
884   1074  -1
885   908   -1
886   464   -1
886   1409  -1
889   1180  -1
890   192   -1
890   1100  -1
892   655   -1
893   533   -1
893   1230  -1
896   1350  -1
899   873   -1
902   1527  -1
902   894   -1
903   793   -1
906   1399  -1
906   586   -1
907   977   -1
906   1343  -1
910   935   -1
911   612   -1
911   1493  -1
913   1552  -1
917   1073  -1
921   153   -1
921   653   -1
923   1171  -1
924   1720  -1
926   1393  -1
926   669   -1
930   583   -1
933   403   -1
933   937   -1
935   1293  -1
935   858   -1
936   1181  -1
936   1515  -1
938   765   -1
941   906   -1
941   1219  -1
942   1247  -1
944   1297  -1
946   734   -1
945   1210  -1
948   1328  -1
949   460   -1
952   1499  -1
954   823   -1
952   825   -1
952   945   -1
952   1437  -1
955   637   -1
957   635   -1
954   651   -1
955   865   -1
956   703   -1
957   131   -1
957   134   -1
958   971   -1
958   1131  -1
958   1154  -1
958   1167  -1
960   930   -1
963   730   -1
963   786   -1
964   1453  -1
970   1075  -1
971   252   -1
970   1467  -1
974   1025  -1
977   611   -1
980   291   -1
980   137   -1
981   265   -1
982   992   -1
985   1095  -1
985   1469  -1
985   694   -1
987   1191  -1
990   1352  -1
991   1800  -1
992   912   -1
992   909   -1
995   613   -1
997   739   -1
997   1350  -1
1001  1039  -1
1006  1063  -1
1000  1064  -1
1004  134   -1
1006  136   -1
1003  137   -1
1004  362   -1
1004  379   -1
1004  1041  -1
1008  873   -1
1012  417   -1
1010  419   -1
1013  271   -1
1018  299   -1
1018  872   -1
1019  766   -1
1021  1028  -1
1022  1097  -1
1022  416   -1
1022  791   -1
1024  805   -1
1025  854   -1
1026  656   -1
1027  1151  -1
1026  1187  -1
1027  216   -1
1028  882   -1
1028  253   -1
1029  184   -1
1030  295   -1
1030  1385  -1
1031  983   -1
1033  280   -1
1034  1111  -1
1036  312   -1
1036  969   -1
1036  1442  -1
1040  391   -1
1039  933   -1
1041  31    -1
1044  841   -1
1044  324   -1
1045  330   -1
1046  922   -1
1050  951   -1
1050  1097  -1
1055  121   -1
1055  892   -1
1055  1651  -1
1056  710   -1
1056  637   -1
1056  1099  -1
1057  785   -1
1057  1087  -1
1060  740   -1
1059  1384  -1
1060  1853  -1
1064  204   -1
1065  397   -1
1065  723   -1
1068  858   -1
1068  225   -1
1069  396   -1
1070  122   -1
1072  653   -1
1071  1908  -1
1074  1096  -1
1074  1855  -1
1077  926   -1
1081  967   -1
1082  1374  -1
1083  787   -1
1087  308   -1
1090  148   -1
1092  1038  -1
1098  936   -1
1098  896   -1
1100  1452  -1
1105  353   -1
1105  368   -1
1106  94    -1
1107  835   -1
1107  1284  -1
1109  166   -1
1111  828   -1
1111  795   -1
1111  833   -1
1113  1143  -1
1113  1782  -1
1117  712   -1
1117  1010  -1
1120  166   -1
1124  700   -1
1124  768   -1
1124  1467  -1
1125  662   -1
1125  982   -1
1129  1409  -1
1129  1102  -1
1132  1453  -1
1136  116   -1
1139  340   -1
1142  338   -1
1141  1003  -1
1138  1385  -1
1141  711   -1
1142  1016  -1
1146  575   -1
1146  594   -1
1146  1321  -1
1148  847   -1
1150  723   -1
1151  648   -1
1154  191   -1
1153  1314  -1
1154  910   -1
1157  831   -1
1156  1165  -1
1157  1388  -1
1157  876   -1
1159  211   -1
1160  208   -1
1158  657   -1
1159  758   -1
1158  815   -1
1158  972   -1
1160  1446  -1
1161  1463  -1
1161  563   -1
1165  429   -1
1166  668   -1
1166  849   -1
1166  566   -1
1174  1300  -1
1178  1330  -1
1178  1471  -1
1181  762   -1
1182  1353  -1
1188  1455  -1
1188  823   -1
1190  631   -1
1191  943   -1
1191  957   -1
1193  827   -1
1194  1320  -1
1195  1287  -1
1198  1180  -1
1196  1178  -1
1197  1253  -1
1198  1322  -1
1198  760   -1
1200  1072  -1
1199  1469  -1
1203  461   -1
1204  674   -1
1204  923   -1
1204  1206  -1
1205  1466  -1
1206  805   -1
1207  863   -1
1208  851   -1
1210  610   -1
1209  1068  -1
1211  498   -1
1212  756   -1
1215  1001  -1
1216  934   -1
1220  174   -1
1219  867   -1
1220  638   -1
1220  1223  -1
1221  668   -1
1222  489   -1
1223  686   -1
1223  773   -1
1224  965   -1
1223  994   -1
1224  445   -1
1224  1319  -1
1225  929   -1
1225  996   -1
1227  755   -1
1227  763   -1
1227  1057  -1
1228  849   -1
1229  1038  -1
1229  890   -1
1233  1452  -1
1235  1095  -1
1235  507   -1
1235  668   -1
1236  1209  -1
1238  395   -1
1238  704   -1
1237  813   -1
1238  1099  -1
1238  761   -1
1238  1291  -1
1239  653   -1
1240  791   -1
1239  851   -1
1240  846   -1
1241  862   -1
1241  958   -1
1242  966   -1
1243  983   -1
1246  789   -1
1245  954   -1
1246  1075  -1
1246  1220  -1
1248  398   -1
1250  884   -1
1250  232   -1
1251  819   -1
1251  948   -1
1252  1084  -1
1253  1323  -1
1254  393   -1
1254  1248  -1
1255  604   -1
1257  673   -1
1256  818   -1
1259  212   -1
1259  217   -1
1260  990   -1
1260  994   -1
1261  773   -1
1261  1312  -1
1264  755   -1
1263  873   -1
1265  870   -1
1266  1146  -1
1267  719   -1
1267  971   -1
1266  1026  -1
1267  1252  -1
1269  1010  -1
1272  950   -1
1275  1025  -1
1276  1289  -1
1277  201   -1
1277  1200  -1
1279  704   -1
1279  962   -1
1282  1298  -1
1288  563   -1
1289  983   -1
1289  1418  -1
1293  1437  -1
1295  697   -1
1295  918   -1
1295  1250  -1
1296  1215  -1
1299  1133  -1
1298  1272  -1
1299  909   -1
1301  921   -1
1300  946   -1
1300  1348  -1
1301  1082  -1
1303  957   -1
1307  1359  -1
1305  229   -1
1304  1346  -1
1306  1427  -1
1309  497   -1
1309  1084  -1
1310  1110  -1
1313  1329  -1
1314  634   -1
1314  832   -1
1315  731   -1
1319  1327  -1
1320  490   -1
1320  846   -1
1323  981   -1
1323  1436  -1
1325  803   -1
1326  1000  -1
1325  990   -1
1327  867   -1
1329  989   -1
1330  1020  -1
1333  1021  -1
1331  776   -1
1331  1009  -1
1332  931   -1
1333  1111  -1
1332  1282  -1
1335  1139  -1
1335  975   -1
1336  1077  -1
1335  1267  -1
1337  805   -1
1337  302   -1
1339  307   -1
1344  1035  -1
1340  295   -1
1340  1053  -1
1341  964   -1
1342  99    -1
1343  1440  -1
1344  887   -1
1345  1187  -1
1344  1436  -1
1346  1413  -1
1348  1211  -1
1350  981   -1
1350  1250  -1
1351  1170  -1
1351  1233  -1
1353  1225  -1
1353  1393  -1
1354  1410  -1
1355  1401  -1
1356  627   -1
1357  835   -1
1358  1165  -1
1359  504   -1
1361  203   -1
1362  200   -1
1361  500   -1
1361  765   -1
1363  1098  -1
1363  1403  -1
1364  479   -1
1366  496   -1
1366  877   -1
1366  1080  -1
1365  1101  -1
1367  499   -1
1366  721   -1
1367  1151  -1
1368  617   -1
1368  662   -1
1369  1079  -1
1370  1109  -1
1371  366   -1
1373  654   -1
1377  1029  -1
1378  724   -1
1378  744   -1
1381  222   -1
1383  379   -1
1384  1192  -1
1384  1366  -1
1386  437   -1
1385  1251  -1
1388  647   -1
1388  1170  -1
1389  759   -1
1390  1246  -1
1391  1260  -1
1391  1414  -1
1392  1096  -1
1394  1381  -1
1395  815   -1
1396  1170  -1
1398  1342  -1
1399  904   -1
1400  745   -1
1400  1114  -1
1401  1365  -1
1404  1166  -1
1404  1359  -1
1411  752   -1
1410  388   -1
1414  875   -1
1414  1057  -1
1415  620   -1
1416  304   -1
1417  1240  -1
1416  1324  -1
1419  853   -1
1420  603   -1
1421  606   -1
1425  304   -1
1424  307   -1
1425  719   -1
1426  1096  -1
1425  1394  -1
1427  1402  -1
1429  552   -1
1431  1074  -1
1434  1000  -1
1434  623   -1
1436  956   -1
1440  818   -1
1441  1221  -1
1442  932   -1
1441  1181  -1
1442  563   -1
1443  593   -1
1443  1048  -1
1445  847   -1
1444  1054  -1
1444  1386  -1
1445  1037  -1
1446  1222  -1
1451  1169  -1
1451  1361  -1
1453  379   -1
1452  619   -1
1453  1003  -1
1454  1298  -1
1453  1353  -1
1455  1174  -1
1456  1881  -1
1457  596   -1
1457  703   -1
1459  1473  -1
1457  1471  -1
1461  668   -1
1460  605   -1
1462  617   -1
1463  596   -1
1462  601   -1
1464  1369  -1
1462  1367  -1
1466  1349  -1
1463  1357  -1
1464  1069  -1
1466  1458  -1
1468  1169  -1
1471  1170  -1
1470  653   -1
1468  655   -1
1472  1182  -1
1469  1181  -1
1471  630   -1
1471  1277  -1
1471  1356  -1
1472  1353  -1
1472  1128  -1
1472  861   -1
1472  1137  -1
1472  1193  -1
1476  1021  -1
1476  1113  -1
1478  1285  -1
1479  828   -1
1478  1174  -1
1479  587   -1
1481  585   -1
1479  874   -1
1480  1019  -1
1480  542   -1
1481  1287  -1
1483  1037  -1
1481  1868  -1
1482  1231  -1
1485  689   -1
1484  1186  -1
1485  1191  -1
1486  700   -1
1488  950   -1
1489  1652  -1
1492  1862  -1
1494  1100  -1
1494  1254  -1
1501  1149  -1
1495  1150  -1
1496  1118  -1
1499  635   -1
1498  638   -1
1501  1453  -1
1502  1132  -1
1506  1226  -1
1509  1056  -1
1525  1818  -1
1520  1821  -1
1520  1051  -1
1524  992   -1
1523  458   -1
1523  551   -1
1527  749   -1
1527  1027  -1
1528  723   -1
1528  793   -1
1535  386   -1
1537  1774  -1
1539  736   -1
1540  762   -1
1541  1505  -1
1543  389   -1
1544  1176  -1
1545  705   -1
1547  772   -1
1547  1315  -1
1548  1113  -1
1550  823   -1
1550  990   -1
1550  477   -1
1555  988   -1
1558  1138  -1
1561  678   -1
1560  984   -1
1561  589   -1
1565  847   -1
1565  1497  -1
1567  887   -1
1573  1281  -1
1575  954   -1
1575  650   -1
1578  1013  -1
1579  1283  -1
1581  889   -1
1582  1057  -1
1585  785   -1
1585  1256  -1
1586  1074  -1
1586  1294  -1
1586  798   -1
1587  1226  -1
1588  583   -1
1589  874   -1
1589  900   -1
1589  1270  -1
1595  1644  -1
1597  421   -1
1601  1261  -1
1604  964   -1
1610  1420  -1
1616  828   -1
1619  1184  -1
1624  102   -1
1626  1322  -1
1629  748   -1
1630  779   -1
1629  1165  -1
1631  967   -1
1634  994   -1
1645  724   -1
1649  1324  -1
1650  1387  -1
1651  1070  -1
1658  929   -1
1662  1062  -1
1673  985   -1
1674  415   -1
1676  944   -1
1686  1033  -1
1686  961   -1
1691  1244  -1
1694  1243  -1
1699  652   -1
1705  844   -1
1713  735   -1
1718  1370  -1
1723  213   -1
1726  1684  -1
1726  1382  -1
1728  1031  -1
1731  1876  -1
1733  1382  -1
1734  1107  -1
1736  1109  -1
1736  1360  -1
1737  1106  -1
1740  1264  -1
1739  1456  -1
1741  1106  -1
1742  1253  -1
1748  1277  -1
1762  742   -1
1770  1270  -1
1781  1330  -1
1816  1685  -1
1901  1461  -1
330   682   0
329   683   0
495   850   1
494   851   1
506   762   2
505   763   2
682   937   3
682   936   3
718   241   4
719   240   4
805   989   5
805   990   5
819   1241  6
819   1242  6
831   917   7
832   917   7
909   1145  8
910   1144  8
944   446   9
945   447   9
944   1368  10
943   1369  10
995   358   11
996   358   11
1105  992   12
1106  991   12
1105  993   12
1131  337   13
1132  338   13
1155  1468  14
1156  1468  14
1257  1137  15
1257  1138  15
1351  1093  16
1352  1092  16
1365  995   17
1363  994   17
1377  499   18
1376  499   18
1418  445   19
1414  443   19
1416  444   19
1452  516   20
1453  515   20
1474  1432  21
1475  1432  21
1497  1096  22
1496  1096  22
1499  1096  22
1568  1316  23
1567  1315  23
1569  1316  23
1677  597   24
1676  598   24
1820  1315  25
1821  1316  25
319   629   26
320   631   26
322   630   26
330   463   27
331   461   27
474   1558  28
472   1555  28
472   1558  28
475   1555  28
474   1561  28
475   1558  28
472   1555  28
472   1560  28
476   1560  28
473   1553  28
474   1556  28
471   1558  28
473   1578  29
475   1578  29
489   904   30
487   903   30
501   1255  31
501   1254  31
501   625   32
501   626   32
533   694   33
534   693   33
549   884   34
549   886   34
554   1247  35
553   1245  35
559   1293  36
560   1295  36
570   1088  37
569   1087  37
580   1285  38
581   1284  38
584   625   39
584   624   39
585   1298  40
587   1298  40
600   1023  41
599   1024  41
610   625   42
612   626   42
611   830   43
611   830   43
614   704   44
614   702   44
617   1036  45
618   1036  45
616   1037  45
618   1036  45
614   1035  46
614   1033  46
622   946   47
624   946   47
631   499   48
629   499   48
633   1014  49
631   1014  49
643   873   50
641   872   50
645   1231  51
646   1233  51
661   758   52
660   759   52
680   393   53
679   391   53
682   863   54
681   863   54
689   1258  55
689   1258  55
690   536   56
690   537   56
693   1107  57
694   1107  57
698   1112  58
698   1111  58
700   824   59
699   823   59
704   398   60
703   396   60
705   1048  61
705   1048  61
705   1406  62
706   1405  62
708   355   63
709   354   63
709   807   64
710   806   64
726   664   65
726   662   65
728   936   66
729   936   66
731   1511  67
730   1509  67
732   770   68
733   771   68
733   828   69
734   829   69
733   719   70
735   719   70
734   1065  71
734   1061  71
735   1063  71
739   771   72
738   769   72
736   770   72
742   911   73
742   913   73
743   1064  74
741   1066  74
743   1065  74
743   1203  75
743   1204  75
765   303   76
766   304   76
766   794   77
766   793   77
770   627   78
770   629   78
773   702   79
772   700   79
771   703   79
776   1222  80
775   1221  80
778   1203  81
779   1204  81
778   1205  81
777   1207  81
779   607   82
778   606   82
784   935   83
784   936   83
788   979   84
787   979   84
789   1212  85
791   1212  85
790   614   86
791   615   86
790   635   87
790   633   87
792   1064  88
792   1064  88
794   658   89
795   659   89
794   1225  90
795   1223  90
795   670   91
795   669   91
795   1024  92
795   1023  92
797   716   93
797   717   93
797   715   93
795   715   93
799   662   94
801   662   94
803   635   95
801   635   95
801   1021  96
801   1021  96
804   698   97
804   698   97
807   723   98
808   723   98
810   228   99
810   230   99
811   313   100
811   314   100
810   312   100
811   1208  101
811   1208  101
814   708   102
815   707   102
816   1511  103
818   1511  103
821   1306  104
821   1305  104
827   1240  105
829   1241  105
827   1238  105
831   1528  106
829   1528  106
831   1526  106
832   1238  107
832   1238  107
835   701   108
836   702   108
840   35    109
840   37    109
841   688   110
841   688   110
847   762   111
846   761   111
846   1598  112
847   1597  112
848   1146  113
848   1146  113
851   574   114
850   572   114
854   929   115
854   928   115
854   635   116
855   634   116
856   693   117
857   694   117
857   1415  118
857   1415  118
870   261   119
870   261   119
878   1547  120
878   1545  120
879   1658  121
878   1659  121
883   987   122
883   986   122
892   946   123
892   946   123
893   1140  124
894   1141  124
892   1246  125
893   1245  125
900   1384  126
898   1384  126
912   780   127
913   781   127
912   1644  128
913   1644  128
921   1208  129
921   1207  129
924   1521  130
923   1519  130
924   1546  131
925   1545  131
925   712   132
926   713   132
932   1653  133
934   1652  133
932   1652  133
935   1652  133
931   1653  133
935   836   134
934   836   134
935   1472  135
936   1471  135
943   1514  136
944   1514  136
948   618   137
948   620   137
957   1486  138
957   1485  138
958   624   139
958   624   139
960   718   140
959   718   140
961   717   140
962   17    141
961   15    141
964   710   142
965   710   142
970   1226  143
971   1225  143
971   782   144
972   780   144
974   920   145
973   920   145
974   920   145
974   687   146
973   686   146
975   270   147
974   269   147
976   650   148
975   650   148
979   164   149
980   166   149
982   360   150
982   358   150
982   457   151
981   458   151
983   955   152
984   955   152
985   914   153
985   916   153
985   1098  154
987   1099  154
989   1082  155
987   1081  155
991   1083  155
988   1209  156
989   1210  156
1002  1061  157
1002  1060  157
1004  1059  157
1002  1426  158
1002  1426  158
1006  625   159
1006  624   159
1009  270   160
1009  268   160
1010  272   160
1010  1095  161
1011  1094  161
1013  891   162
1011  891   162
1012  1530  163
1012  1531  163
1012  318   164
1012  320   164
1017  849   165
1017  850   165
1017  1158  166
1018  1157  166
1020  183   167
1019  182   167
1019  185   167
1019  1395  168
1019  1395  168
1020  1396  168
1025  810   169
1024  809   169
1028  642   170
1028  644   170
1028  966   171
1029  965   171
1029  701   172
1029  703   172
1031  1466  173
1031  1467  173
1032  667   174
1032  668   174
1035  278   175
1035  276   175
1050  1142  176
1050  1142  176
1052  796   177
1054  797   177
1055  964   178
1054  965   178
1058  392   179
1056  391   179
1058  1431  180
1057  1432  180
1060  935   181
1060  935   181
1060  1124  182
1059  1125  182
1062  323   183
1062  323   183
1063  750   184
1063  750   184
1065  400   185
1066  401   185
1070  339   186
1070  339   186
1072  681   187
1072  680   187
1078  1094  188
1077  1095  188
1079  372   189
1078  374   189
1078  729   190
1079  729   190
1088  1349  191
1088  1350  191
1092  381   192
1092  379   192
1099  105   193
1099  107   193
1109  648   194
1109  646   194
1110  596   195
1110  596   195
1114  1000  196
1113  1001  196
1118  159   197
1117  160   197
1120  1770  198
1120  1769  198
1122  669   199
1123  667   199
1124  601   200
1123  602   200
1125  659   201
1125  659   201
1125  1343  202
1125  1344  202
1126  335   203
1126  337   203
1127  729   204
1126  730   204
1131  1354  205
1132  1355  205
1134  347   206
1133  346   206
1135  743   207
1136  742   207
1136  196   208
1136  194   208
1141  333   209
1141  335   209
1141  333   209
1138  337   209
1141  331   209
1140  336   209
1138  332   210
1139  329   210
1138  334   210
1138  331   210
1138  1002  211
1137  1003  211
1142  1090  212
1142  1091  212
1147  995   213
1148  995   213
1151  860   214
1151  860   214
1150  862   214
1152  664   215
1151  665   215
1157  204   216
1157  206   216
1157  1162  217
1159  1161  217
1165  1301  218
1166  1301  218
1167  735   219
1167  733   219
1168  1252  220
1167  1252  220
1178  474   221
1178  476   221
1185  433   222
1185  432   222
1185  522   223
1185  523   223
1188  1238  224
1187  1238  224
1190  639   225
1190  638   225
1193  1003  226
1193  1002  226
1195  683   227
1194  682   227
1196  539   228
1197  539   228
1198  1224  229
1199  1225  229
1200  1443  230
1200  1444  230
1208  652   231
1210  651   231
1204  655   231
1205  653   231
1207  653   231
1211  650   231
1203  654   231
1209  653   231
1206  651   231
1208  693   232
1208  694   232
1209  441   233
1209  439   233
1208  442   233
1220  599   234
1219  601   234
1220  599   234
1220  1113  235
1219  1112  235
1219  1120  236
1219  1119  236
1221  1151  237
1221  1151  237
1222  880   238
1222  880   238
1222  1197  239
1221  1198  239
1222  504   240
1222  502   240
1227  1444  241
1227  1444  241
1227  1167  242
1228  1168  242
1229  1083  243
1229  1082  243
1230  716   244
1230  715   244
1230  818   245
1230  816   245
1231  1439  246
1231  1439  246
1233  806   247
1232  806   247
1235  426   248
1235  424   248
1235  461   249
1236  462   249
1239  701   250
1237  701   250
1238  840   251
1239  839   251
1238  889   252
1238  888   252
1240  777   253
1240  777   253
1241  1270  254
1242  1270  254
1244  1334  255
1243  1335  255
1245  1181  256
1245  1181  256
1247  579   257
1247  579   257
1247  579   257
1247  581   257
1248  813   258
1247  812   258
1249  861   259
1249  862   259
1253  1017  260
1252  1017  260
1253  1263  261
1253  1264  261
1254  1263  261
1257  808   262
1256  807   262
1259  825   263
1258  826   263
1258  823   263
1259  1036  264
1258  1035  264
1262  922   265
1261  921   265
1265  1208  266
1266  1207  266
1263  1208  266
1267  1207  266
1264  388   267
1263  390   267
1267  1258  268
1267  1259  268
1272  996   269
1270  996   269
1274  1048  270
1274  1046  270
1282  981   271
1281  982   271
1285  1298  272
1286  1297  272
1283  677   273
1284  678   273
1289  951   274
1288  951   274
1289  720   275
1290  719   275
1291  476   276
1291  477   276
1293  522   277
1293  521   277
1294  488   278
1295  487   278
1295  1009  279
1295  1009  279
1297  1009  279
1299  1074  280
1298  1073  280
1302  839   281
1302  840   281
1304  1358  282
1304  1359  282
1306  1348  283
1306  1349  283
1307  1329  284
1306  1328  284
1308  529   285
1308  529   285
1308  531   285
1311  1351  286
1310  1350  286
1323  792   287
1322  789   287
1322  791   287
1321  880   288
1322  879   288
1325  839   289
1325  841   289
1327  1004  290
1326  1003  290
1325  1016  291
1325  1016  291
1330  880   292
1329  879   292
1330  1013  293
1331  1017  293
1330  1015  293
1336  456   294
1335  458   294
1336  1005  295
1336  1007  295
1337  1436  296
1336  1434  296
1338  1438  296
1340  888   297
1340  888   297
1341  1041  298
1343  1041  298
1341  1041  298
1346  1043  298
1344  1041  298
1341  1041  298
1346  1043  298
1342  1040  298
1344  1041  298
1343  1038  298
1346  1043  298
1340  1042  298
1344  1043  298
1347  1042  298
1341  1040  298
1343  1038  298
1346  1040  298
1345  1044  298
1348  1044  298
1340  1267  299
1341  1268  299
1343  921   300
1344  920   300
1344  828   301
1344  829   301
1346  1439  302
1347  1438  302
1345  877   303
1344  878   303
1347  881   304
1347  881   304
1350  1019  305
1350  1019  305
1355  513   306
1355  513   306
1358  601   307
1358  599   307
1362  736   308
1360  736   308
1367  526   309
1364  528   309
1367  524   309
1362  527   309
1368  527   309
1364  530   309
1364  524   309
1365  526   309
1369  523   309
1364  472   310
1364  474   310
1364  472   310
1366  755   311
1367  756   311
1368  1382  312
1367  1382  312
1370  835   313
1371  834   313
1371  973   314
1371  973   314
1372  646   315
1371  648   315
1373  582   316
1372  580   316
1382  730   317
1382  729   317
1381  732   317
1383  730   317
1381  914   318
1381  915   318
1382  458   319
1384  458   319
1385  1255  320
1383  1255  320
1386  440   321
1386  441   321
1390  259   322
1391  258   322
1392  1165  323
1390  1164  323
1394  641   324
1392  641   324
1396  757   325
1396  757   325
1394  758   325
1394  1257  326
1396  1260  326
1394  1259  326
1397  820   327
1397  821   327
1401  1177  328
1400  1178  328
1409  750   329
1409  750   329
1411  1349  330
1411  1348  330
1413  878   331
1413  880   331
1412  878   331
1414  552   332
1415  552   332
1418  300   333
1419  302   333
1416  301   333
1421  302   333
1416  1113  334
1417  1114  334
1418  945   335
1419  944   335
1419  857   336
1419  856   336
1420  1346  337
1421  1347  337
1426  1164  338
1423  1164  338
1425  1165  338
1425  312   339
1424  314   339
1427  506   340
1426  508   340
1432  1301  341
1431  1300  341
1433  1307  342
1432  1308  342
1432  1328  343
1432  1328  343
1442  1041  344
1442  1041  344
1443  630   345
1443  629   345
1446  392   346
1446  394   346
1447  728   347
1447  726   347
1447  868   348
1447  870   348
1450  1050  349
1451  1049  349
1451  708   350
1450  707   350
1453  1036  351
1452  1036  351
1454  1036  351
1452  1300  352
1452  1301  352
1454  1368  353
1455  1367  353
1457  559   354
1456  560   354
1459  299   355
1458  301   355
1459  890   356
1460  890   356
1464  1351  357
1466  1352  357
1465  1303  358
1465  1302  358
1467  615   359
1467  617   359
1470  995   360
1470  994   360
1472  1348  361
1470  1348  361
1474  1356  362
1474  1356  362
1474  1356  362
1475  1355  362
1473  1295  363
1473  1294  363
1473  701   364
1474  701   364
1483  576   365
1482  577   365
1482  575   365
1480  576   365
1483  576   365
1485  579   366
1483  580   366
1485  578   366
1481  580   366
1484  1868  367
1483  1866  367
1483  1166  368
1483  1165  368
1483  1166  368
1484  1007  369
1485  1007  369
1484  1457  370
1485  1456  370
1486  1194  371
1486  1194  371
1491  1192  371
1490  1193  371
1488  1193  371
1491  1187  372
1491  1187  372
1492  1188  372
1494  1859  373
1495  1861  373
1494  1304  374
1495  1304  374
1495  995   375
1496  995   375
1498  1151  376
1498  1153  376
1498  1149  376
1502  1152  377
1503  1152  377
1501  894   378
1502  893   378
1507  1151  379
1507  1151  379
1508  640   380
1509  640   380
1508  1115  381
1508  1115  381
1508  1194  382
1509  1195  382
1509  1031  383
1509  1033  383
1512  1833  384
1510  1834  384
1515  1313  385
1515  1315  385
1526  1821  386
1522  1823  386
1524  1822  386
1518  1824  387
1516  1825  387
1522  1818  388
1522  1818  388
1521  1298  389
1520  1299  389
1521  677   390
1522  678   390
1522  994   391
1521  996   391
1528  872   392
1528  871   392
1528  1661  393
1527  1660  393
1531  563   394
1531  561   394
1543  764   395
1544  765   395
1541  765   395
1552  474   396
1553  475   396
1551  682   397
1552  683   397
1558  866   398
1559  865   398
1567  88    399
1569  89    399
1580  480   400
1579  481   400
1581  985   401
1582  984   401
1589  105   402
1588  107   402
1590  103   402
1595  582   403
1594  582   403
1597  1273  404
1598  1274  404
1621  1137  405
1620  1138  405
1630  1028  406
1630  1028  406
1633  1028  407
1635  1028  407
1642  1332  408
1641  1334  408
1657  701   409
1656  701   409
1695  1239  410
1694  1240  410
1699  1479  411
1697  1477  411
1699  1477  411
1778  1331  412
1777  1330  412
1785  1330  413
1784  1331  413
1802  427   414
1804  426   414
1802  429   414
1799  426   415
1799  428   415
1802  1148  416
1802  1146  416
1853  1276  417
1853  1278  417