# Filename: BNI1-640nm_416_bidi_60x_002.tif
# Puncta radius (pixels): (1.3888888888888888, 1.3888888888888888)
# Puncta radius (nm): (150, 150)
# Cluster threshold (nm): 300
# Voxel size (nm): (108, 108)
Y     X
98    157
158   64
381   420
385   109
389   86
389   309
391   239
392   307
397   113
399   108
416   497
417   540
425   231
433   453
436   461
455   399
470   691
486   304
524   26
530   338
544   651
575   575
580   575
631   889
1470  492
1473  496
1479  318
1488  464
1501  489
1514  478
1515  450
1520  441
1532  444
1534  473
1537  457
1537  461
1543  427
1547  461
1554  457
1555  427
1557  415
1561  418
1562  410
1564  437
1571  414
1574  623
1579  598
1581  410
1585  444
1595  293
1596  402
1597  431
1598  294
1617  377
1621  375
1625  578
1627  318
1628  582
1629  373
1653  518
1653  523
1654  402
1672  213
1672  425
1678  404
1679  730
1684  746
1687  269
1689  573
1691  314
1695  449
1696  679
1699  333
1705  694
1706  597
1709  593
1718  398
1718  559
1723  491
1723  604
1728  398
1728  448
1732  416
1737  476
1738  626
1739  400
1741  457
1747  459
1751  345
1759  591
1765  429
1766  433
1784  731
1788  816
1792  425
1796  796
1800  405
1802  238
1804  406
1810  853
1817  218
1817  443
1818  881
1822  501
1829  330
1848  560
1850  390
1852  655
1854  610
1856  614
1865  535
1868  593
1873  400
1875  271
1883  272
1883  493
1884  516
1887  422
1888  488
1895  457
1913  508
1916  513
1922  644
1925  486
1927  557
1928  401
1928  637
1938  746
1939  667
1941  571
1942  559
1986  701
1995  503
1997  510
2002  272
2010  450
2026  629
2029  472
2033  869
2047  493