# Filename: BNI1-640nm_416_bidi_60x_007.tif
# Puncta radius (pixels): (1.3888888888888888, 1.3888888888888888)
# Puncta radius (nm): (150, 150)
# Cluster threshold (nm): 300
# Voxel size (nm): (108, 108)
Y     X
211   1458
678   929
687   923
693   1070
702   1007
711   885
715   1101
716   1106
717   995
725   714
754   1149
763   1125
792   1154
846   559
874   573
878   756
880   859
880   980
885   910
908   1206
915   992
927   899
965   944
965   1094
972   953
979   705
979   906
984   919
990   922
996   909
999   905
1008  904
1022  771
1030  930
1031  918
1034  974
1037  1021
1041  942
1042  572
1044  931
1057  1251
1062  1091
1066  930
1079  583
1084  880
1092  843
1092  922
1092  933
1098  888
1099  771
1099  954
1104  678
1110  1124
1111  972
1115  936
1118  1067
1123  972
1123  986
1126  1126
1132  1136
1135  1142
1140  807
1142  842
1144  1089
1146  991
1146  1098
1150  998
1151  1005
1153  1223
1157  853
1161  971
1167  989
1172  964
1173  985
1180  985
1188  1025
1189  1008
1192  987
1194  1016
1201  1007
1201  1013
1317  1373
1420  1078
1426  1204
1464  1140