# Filename: BNI1-640nm_416_ctrl_60x_001.tif
# Puncta radius (pixels): (1.3888888888888888, 1.3888888888888888)
# Puncta radius (nm): (150, 150)
# Cluster threshold (nm): 300
# Voxel size (nm): (108, 108)
Y     X
48    506
69    560
223   536
306   811
360   116
374   966
376   944
400   686
408   696
413   465
413   936
425   951
434   683
439   818
439   969
452   574
456   1025
460   1037
463   1048
464   862
465   848
472   1041
475   773
481   696
485   1002
486   711
489   660
489   1048
491   744
494   853
501   847
502   1071
506   1067
516   580
517   644
521   1096
522   597
523   1071
525   895
525   1049
532   1097
533   1043
535   899
539   980
541   478
541   1120
545   963
545   1093
546   987
549   112
550   620
552   789
553   407
553   1872
554   914
560   394
562   350
564   847
571   865
572   673
572   785
572   817
573   871
574   851
576   933
581   690
582   570
584   472
584   677
586   882
587   311
590   395
590   667
591   876
592   791
594   848
595   491
595   1044
596   324
598   741
605   714
605   977
609   571
609   733
610   481
613   956
618   635
618   791
621   459
624   1125
628   710
632   1090
633   372
634   446
637   1024
639   677
642   687
645   454
646   919
648   306
651   350
653   1148
653   1189
656   187
656   640
663   359
665   640
666   179
666   610
667   1126
669   887
672   187
673   434
676   898
676   976
677   477
677   887
678   650
681   992
682   265
684   715
685   685
686   794
686   1012
689   439
692   329
692   1185
696   505
696   713
697   1201
701   314
701   821
702   1277
703   636
704   1285
705   719
705   1214
706   888
707   1209
709   719
710   1189
712   1224
713   195
713   897
713   929
713   1143
714   711
715   202
715   1197
718   840
719   824
719   954
720   1230
721   1211
722   747
725   521
726   828
726   907
726   1235
728   548
731   831
734   545
735   578
736   540
736   1240
738   936
741   499
741   1261
743   591
743   722
743   1299
744   540
744   620
745   896
746   893
746   907
748   705
749   639
749   647
750   750
751   571
754   1332
755   430
758   373
758   1288
759   689
759   1028
760   848
760   1022
761   629
761   861
761   1346
762   890
762   984
763   536
764   1314
765   694
766   329
767   546
767   643
767   1182
768   897
769   667
769   914
770   906
770   1187
771   233
771   1302
772   1307
772   1328
773   375
773   1040
774   636
774   659
777   873
777   1331
778   1379
779   738
779   1029
780   432
780   866
781   860
781   872
781   1349
781   1383
782   612
782   898
783   1222
785   935
785   1752
786   638
786   1036
787   270
788   706
788   768
788   886
790   879
791   634
792   437
795   1295
797   774
797   924
798   421
798   509
798   1364
799   1374
802   562
804   257
804   918
804   1176
804   1223
805   25
805   438
807   1393
809   454
809   626
809   717
809   944
809   1399
810   509
810   934
811   1414
812   498
815   1405
817   551
817   654
817   692
817   1197
819   339
819   947
820   647
822   220
822   889
823   257
824   368
825   349
827   447
827   454
827   752
827   1749
828   334
828   443
828   1407
829   541
829   968
829   1400
829   1419
830   964
831   677
831   1263
832   413
832   596
832   1437
833   931
833   1427
834   579
834   641
834   1715
835   660
835   818
836   968
836   1416
837   880
837   1217
838   602
839   458
839   1208
841   884
843   276
843   304
843   599
843   657
844   355
844   490
845   987
846   1430
848   314
850   752
852   624
852   943
852   1011
854   963
860   743
860   1182
860   1256
862   573
862   757
862   964
864   608
865   714
865   908
865   927
866   974
868   767
868   775
868   787
869   348
869   743
870   1298
870   1347
872   798
874   718
875   324
875   687
877   311
877   532
878   465
878   680
878   1245
879   372
882   330
882   1107
883   19
883   747
884   696
884   958
886   916
887   335
887   583
888   282
888   399
888   1355
889   280
889   361
890   303
890   1081
891   1100
892   171
893   613
893   632
894   485
894   897
896   500
896   541
898   582
899   352
899   794
899   846
900   300
900   377
901   309
902   405
902   555
903   103
903   562
904   1117
906   169
907   565
907   917
908   260
908   802
908   829
909   963
910   595
910   644
911   399
911   823
911   934
912   299
914   599
914   713
915   416
915   888
916   681
916   927
917   592
918   503
918   864
918   936
918   941
920   156
920   396
921   919
922   1385
923   241
923   406
923   970
924   227
924   699
925   575
925   778
925   781
925   904
925   1335
927   108
927   688
927   796
927   851
928   565
928   593
928   928
929   826
930   537
931   703
931   952
933   653
933   695
933   1294
934   894
935   371
935   687
936   773
937   359
937   695
937   1282
938   566
938   1366
939   644
939   909
940   704
942   929
943   890
943   961
944   618
945   870
946   377
946   382
946   546
946   576
946   916
947   851
948   753
949   629
951   746
951   927
952   908
955   339
956   492
956   604
956   719
956   764
956   804
957   411
957   1264
958   497
958   639
958   879
959   980
960   535
960   1374
961   223
961   930
962   598
964   912
966   798
966   817
967   1009
968   335
970   871
971   611
973   429
974   747
974   949
974   1007
975   537
975   975
976   255
976   574
976   723
977   390
977   1380
978   75
978   568
978   660
979   367
979   445
979   992
980   915
980   961
980   1395
981   746
981   930
982   135
982   678
982   859
982   868
983   526
983   672
984   587
985   592
986   1131
987   274
987   365
987   495
989   331
989   726
989   1419
989   1424
990   735
990   903
993   742
993   925
994   919
996   747
996   1391
997   681
997   909
997   1129
998   576
998   1421
998   1430
999   836
1002  1006
1002  1320
1003  752
1003  950
1003  1133
1004  248
1004  340
1004  616
1004  760
1005  709
1005  911
1006  310
1007  848
1008  757
1008  1261
1008  1418
1009  715
1009  737
1009  916
1010  684
1011  567
1011  1434
1012  483
1013  1286
1015  408
1015  680
1015  1007
1017  210
1018  703
1018  746
1018  903
1018  1181
1019  796
1019  1114
1020  713
1020  763
1021  911
1022  815
1022  921
1023  750
1023  758
1024  636
1024  647
1026  1435
1027  711
1027  945
1027  1233
1028  1432
1029  433
1031  393
1031  829
1032  644
1032  1059
1034  598
1034  675
1034  1169
1035  1435
1036  761
1037  815
1038  421
1039  621
1045  355
1045  617
1045  711
1047  551
1047  807
1048  899
1048  1435
1050  1070
1051  421
1051  599
1054  610
1054  698
1055  594
1057  616
1057  1220
1058  675
1058  835
1060  1344
1061  458
1061  570
1061  679
1062  603
1062  887
1064  440
1064  727
1064  896
1065  597
1065  610
1066  843
1070  932
1072  553
1074  325
1076  980
1077  441
1078  1171
1078  1439
1079  516
1080  721
1080  915
1080  1281
1081  263
1081  421
1081  1043
1081  1160
1082  709
1084  682
1085  233
1086  353
1086  976
1087  763
1088  638
1089  1427
1090  918
1091  1133
1091  1248
1092  997
1092  1432
1093  478
1093  771
1093  911
1094  258
1095  224
1095  859
1097  191
1099  1207
1100  973
1101  909
1101  1120
1102  236
1102  660
1103  458
1103  1172
1104  197
1104  1026
1104  1207
1105  203
1105  522
1105  1217
1105  1428
1106  870
1106  899
1106  973
1107  295
1107  988
1108  821
1109  1242
1110  715
1110  858
1110  1265
1112  163
1113  562
1114  509
1114  880
1114  1337
1115  1051
1115  1422
1116  177
1116  576
1117  711
1118  214
1119  560
1119  702
1119  998
1119  1113
1119  1232
1120  256
1122  841
1123  339
1123  1304
1124  368
1125  377
1126  488
1126  1041
1126  1264
1127  998
1128  620
1128  734
1128  789
1128  1101
1129  1357
1130  161
1131  279
1132  678
1132  749
1132  838
1133  1057
1134  1083
1135  1224
1135  1350
1136  594
1139  857
1140  176
1141  679
1142  219
1142  849
1142  1425
1142  1830
1143  599
1143  1237
1144  290
1144  704
1144  1366
1145  153
1146  241
1146  782
1147  172
1147  752
1147  875
1149  763
1149  818
1150  695
1150  732
1150  1005
1151  332
1151  455
1151  1323
1152  569
1152  1073
1153  211
1153  245
1153  259
1153  474
1153  677
1153  880
1154  234
1154  1822
1157  671
1157  705
1158  784
1158  1268
1159  354
1159  453
1159  575
1159  725
1159  1180
1159  1428
1160  487
1161  826
1161  878
1162  491
1162  1240
1163  866
1166  813
1166  984
1166  1182
1170  442
1170  802
1170  1355
1170  1414
1171  369
1171  768
1171  1032
1171  1070
1174  303
1174  659
1174  1059
1174  1208
1174  1220
1175  331
1175  361
1175  1026
1176  383
1178  1090
1178  1259
1178  1342
1179  379
1179  1039
1180  1172
1180  1206
1181  760
1181  1247
1182  200
1182  876
1184  842
1184  1337
1185  441
1185  1019
1185  1355
1186  298
1186  369
1186  1072
1187  1036
1188  407
1189  1048
1190  1066
1191  426
1191  486
1191  845
1191  1022
1192  857
1192  1028
1193  655
1193  1005
1194  224
1194  1060
1195  749
1196  1234
1197  789
1197  1239
1198  422
1198  1016
1199  372
1199  737
1199  783
1200  593
1201  701
1201  746
1201  769
1201  1020
1202  1222
1204  395
1204  950
1204  1007
1204  1262
1204  1429
1205  433
1205  586
1206  1018
1206  1082
1207  958
1208  521
1208  757
1211  271
1211  410
1212  955
1213  1219
1214  1008
1214  1066
1214  1331
1215  916
1216  950
1216  1462
1217  411
1217  723
1217  843
1217  871
1217  988
1219  282
1219  461
1219  747
1219  978
1219  1077
1220  77
1220  336
1222  857
1223  808
1224  979
1224  1037
1226  350
1226  356
1226  1404
1228  414
1230  848
1230  854
1230  1180
1231  944
1231  1311
1232  838
1233  1027
1234  574
1234  751
1235  1021
1236  285
1236  512
1236  1304
1237  754
1237  961
1237  1210
1237  1319
1237  1331
1238  1067
1239  1036
1239  1189
1240  1020
1241  845
1242  1028
1244  1489
1245  653
1246  937
1247  784
1247  958
1247  972
1247  1197
1248  379
1248  1563
1249  173
1249  269
1249  1346
1249  1358
1250  961
1251  927
1251  1024
1251  1554
1252  480
1252  947
1252  994
1252  999
1252  1561
1253  584
1253  1009
1253  1301
1254  773
1254  1386
1255  788
1255  1208
1256  700
1256  1022
1257  354
1257  772
1257  849
1257  987
1257  1018
1258  589
1259  498
1259  723
1259  1194
1261  1495
1262  1015
1263  853
1264  460
1264  485
1264  723
1264  989
1264  1370
1265  654
1267  1377
1268  369
1268  1447
1269  1473
1270  1582
1271  582
1271  662
1273  1436
1274  994
1274  1514
1274  1631
1275  797
1277  340
1278  856
1278  991
1280  911
1280  936
1280  1386
1280  1616
1281  1420
1282  784
1282  1392
1283  211
1284  1590
1285  913
1285  949
1285  1245
1286  330
1286  1490
1289  1609
1290  723
1290  975
1290  1312
1291  552
1291  1648
1291  1945
1292  611
1292  823
1292  1654
1294  44
1295  1299
1296  1433
1296  1439
1296  1645
1297  82
1298  971
1298  1055
1298  1652
1299  914
1299  1495
1302  615
1302  851
1302  975
1304  824
1304  1460
1305  748
1305  755
1305  829
1305  921
1306  722
1306  762
1306  927
1306  935
1308  968
1309  859
1310  717
1310  1051
1310  1436
1311  708
1311  914
1312  1424
1313  584
1313  855
1314  159
1314  727
1314  1304
1314  1507
1315  736
1317  661
1317  895
1318  938
1319  1509
1320  768
1321  286
1322  860
1323  837
1323  1084
1324  561
1324  885
1324  1093
1326  697
1326  890
1327  1074
1329  638
1329  1191
1329  1310
1331  750
1333  765
1333  911
1333  1063
1334  694
1334  1996
1335  390
1335  872
1335  1098
1335  1181
1335  1185
1337  894
1338  432
1338  688
1338  1190
1340  732
1342  720
1346  1014
1347  188
1347  963
1349  425
1350  150
1351  1012
1351  1299
1352  931
1353  639
1356  252
1358  728
1360  490
1360  528
1360  1000
1362  1074
1363  462
1363  715
1364  772
1365  764
1366  427
1367  1009
1368  635
1369  436
1369  617
1369  950
1369  1289
1370  986
1370  1048
1371  780
1372  486
1374  685
1375  601
1377  975
1378  681
1379  844
1379  1056
1382  572
1383  939
1385  692
1385  947
1390  1000
1393  1045
1394  444
1396  181
1398  692
1398  1033
1399  696
1400  430
1400  992
1401  965
1402  683
1402  1048
1405  997
1408  683
1408  979
1409  943
1411  1037
1412  875
1421  714
1422  493
1422  879
1422  1015
1423  859
1424  420
1430  746
1430  985
1431  394
1431  1276
1435  532
1436  839
1436  920
1439  930
1439  945
1441  1710
1442  788
1445  445
1447  920
1448  909
1449  780
1451  739
1453  967
1453  1254
1456  860
1460  860
1461  997
1463  438
1465  1678
1467  1005
1470  328
1471  864
1473  927
1474  1001
1478  963
1478  1004
1480  1257
1484  1701
1485  848
1486  883
1487  903
1489  1271
1491  183
1492  921
1493  855
1493  889
1493  932
1497  325
1503  678
1506  662
1507  494
1509  384
1509  729
1509  824
1511  527
1512  116
1513  630
1514  812
1515  826
1516  905
1517  1862
1519  826
1525  1307
1527  824
1527  1280
1530  813
1531  1298
1533  1832
1535  534
1536  694
1538  212
1539  730
1544  666
1544  847
1545  819
1566  190
1571  133
1571  652
1572  850
1573  225
1577  510
1580  415
1581  1252
1582  499
1582  935
1584  735
1584  970
1589  697
1593  931
1596  661
1597  847
1598  499
1599  156
1599  1224
1615  1230
1619  1220
1620  1265
1621  520
1622  255
1622  705
1629  483
1635  1000
1639  1252
1648  975
1650  750
1652  420
1663  384
1676  534
1677  776
1679  950
1688  476
1690  521
1690  930
1690  958
1691  923
1693  702
1693  803
1701  768
1703  853
1704  729
1710  598
1720  910
1726  483
1739  739
1766  951
1790  920
1805  929
1827  1137
1850  1152
1879  1577
1884  814
1918  847
1919  999
1996  1098
2005  784
2030  1539