# Filename: CLN3-561nm_416_ctrl_60x_004.tif
# Puncta radius (pixels): (1.3888888888888888, 1.3888888888888888)
# Puncta radius (nm): (150, 150)
# Cluster threshold (nm): 300
# Min puncta per cluster: 2
# Voxel size (nm): (108, 108)
Y     X     NUM_PUNCTA    CLUSTER_ID
78    955   2             0
353   716   2             1
448   554   2             2
603   477   3             3
671   666   2             4
679   283   2             5
683   263   2             6
700   1565  2             7
703   24    2             8
810   623   2             9
818   390   2             10
878   1052  2             11
918   225   2             12
920   1143  2             13
960   1357  2             14
1206  643   2             15
1347  1210  2             16
1362  1389  2             17
1532  372   2             18
1567  519   2             19
1671  655   2             20
138   835   2             21
180   1165  2             22
237   715   2             23
257   688   2             24
336   675   2             25
377   602   3             26
388   760   2             27
391   436   2             28
394   784   2             29
413   783   2             30
449   353   2             31
451   707   2             32
468   721   2             33
479   813   2             34
479   826   2             35
506   751   2             36
510   498   3             37
524   431   2             38
526   764   9             39
530   756   3             40
527   365   2             41
531   742   2             42
537   585   2             43
539   349   4             44
539   617   2             45
552   764   2             46
556   778   2             47
557   613   2             48
560   524   2             49
569   875   2             50
571   529   2             51
573   970   2             52
579   886   2             53
586   1097  2             54
589   814   2             55
591   268   2             56
594   883   2             57
602   530   2             58
607   418   2             59
610   912   3             60
610   629   2             61
616   626   2             62
618   912   2             63
622   632   2             64
622   663   2             65
623   895   2             66
624   638   2             67
626   662   2             68
627   726   2             69
633   523   2             70
639   689   2             71
640   714   3             72
642   944   2             73
644   707   2             74
645   1483  2             75
648   554   2             76
647   959   2             77
647   1499  2             78
650   608   2             79
650   676   2             80
654   680   2             81
657   304   2             82
656   738   2             83
660   495   2             84
658   730   2             85
660   438   2             86
661   1272  2             87
664   1224  2             88
673   1324  2             89
678   1352  4             90
678   853   2             91
679   907   2             92
681   1373  2             93
684   715   2             94
686   1189  2             95
688   422   3             96
690   235   2             97
692   1192  2             98
696   614   2             99
697   705   2             100
696   803   2             101
700   277   2             102
703   1548  2             103
704   270   2             104
707   1100  2             105
708   1368  2             106
707   1283  2             107
708   919   2             108
710   1260  2             109
711   522   2             110
713   1235  2             111
713   1309  2             112
717   776   2             113
717   354   2             114
720   1475  2             115
721   1408  2             116
722   896   2             117
722   1248  2             118
724   945   2             119
725   1323  3             120
724   1373  2             121
725   1218  2             122
724   1269  2             123
726   977   2             124
725   1257  2             125
726   1124  2             126
729   701   2             127
730   1187  2             128
730   1231  2             129
730   1301  2             130
731   1280  2             131
732   1272  2             132
735   1117  2             133
737   255   2             134
737   1281  2             135
741   931   2             136
740   934   2             137
739   1042  2             138
742   1017  2             139
744   1029  2             140
743   1296  2             141
744   1475  2             142
745   979   2             143
746   1226  2             144
747   834   2             145
746   1093  2             146
749   1166  3             147
747   1325  2             148
747   1345  2             149
747   482   2             150
748   551   2             151
749   1059  2             152
750   342   3             153
750   1598  2             154
751   385   2             155
752   1254  2             156
753   496   2             157
754   1473  2             158
757   960   2             159
758   351   2             160
759   993   2             161
759   1352  2             162
760   256   2             163
759   1235  2             164
762   1495  2             165
763   1199  2             166
765   1213  2             167
766   996   2             168
771   1084  11            169
773   1491  2             170
776   190   2             171
776   746   2             172
776   759   2             173
777   281   2             174
777   1443  2             175
779   911   2             176
781   769   2             177
785   1381  2             178
786   878   2             179
787   1133  2             180
787   1401  2             181
788   224   2             182
790   1327  2             183
790   1363  2             184
790   1396  2             185
792   623   2             186
793   1199  2             187
793   326   2             188
795   969   3             189
795   1757  5             190
796   269   2             191
797   1058  2             192
797   1744  2             193
799   1213  2             194
800   395   2             195
802   1647  2             196
803   947   2             197
804   487   2             198
805   834   2             199
806   963   2             200
806   1220  2             201
807   1333  5             202
808   1166  2             203
808   1098  2             204
809   1370  2             205
810   607   2             206
810   1322  2             207
811   1309  2             208
814   882   2             209
814   337   2             210
813   968   2             211
813   1753  2             212
818   1095  3             213
818   773   2             214
820   1216  2             215
822   923   2             216
827   1638  2             217
828   1242  2             218
828   1264  2             219
829   1296  2             220
829   1310  2             221
831   977   2             222
830   1131  2             223
832   851   2             224
832   927   2             225
832   1323  2             226
834   1291  2             227
833   1314  2             228
839   1160  3             229
840   1385  2             230
843   993   2             231
848   813   2             232
850   1195  2             233
851   1342  2             234
851   1319  2             235
853   239   2             236
854   860   2             237
853   1149  2             238
854   1263  2             239
855   1436  2             240
857   1178  2             241
859   1482  6             242
858   1006  2             243
859   1301  2             244
859   1311  6             245
860   1210  2             246
863   266   2             247
864   305   2             248
864   893   2             249
864   1462  2             250
865   433   2             251
868   1188  2             252
870   1166  2             253
870   1042  2             254
873   1187  2             255
875   479   2             256
876   1254  2             257
878   874   2             258
877   1433  2             259
880   84    2             260
881   1306  2             261
882   767   2             262
885   519   2             263
887   1316  4             264
888   449   2             265
893   490   2             266
893   966   2             267
893   1109  4             268
895   405   2             269
895   179   2             270
899   485   2             271
901   879   2             272
902   1148  2             273
903   1384  2             274
904   898   3             275
907   1397  2             276
911   284   2             277
911   1539  2             278
914   551   3             279
916   231   3             280
914   1269  2             281
919   1183  2             282
920   1389  2             283
921   796   2             284
924   226   2             285
924   971   2             286
923   1424  2             287
925   1468  2             288
926   1154  2             289
926   307   2             290
929   1058  2             291
932   86    2             292
933   571   2             293
933   1299  4             294
933   1427  2             295
935   1037  2             296
936   576   3             297
935   1337  2             298
937   894   2             299
939   1254  3             300
940   206   2             301
941   1242  2             302
944   590   2             303
944   570   2             304
944   1115  2             305
945   1294  2             306
946   1095  2             307
946   1509  2             308
948   784   2             309
950   1021  2             310
950   1193  2             311
953   1092  2             312
952   1237  2             313
955   1278  2             314
954   1146  2             315
956   845   2             316
960   1120  2             317
963   1176  2             318
963   1343  2             319
967   1134  2             320
964   1134  2             321
964   1222  2             322
967   877   2             323
968   745   2             324
968   1277  2             325
971   1269  2             326
973   1005  2             327
974   1263  2             328
975   1369  2             329
977   1413  2             330
979   826   2             331
985   1408  2             332
987   1040  2             333
989   940   2             334
989   1350  2             335
989   1545  2             336
989   1722  2             337
996   793   2             338
997   989   2             339
996   1741  2             340
997   1539  2             341
1000  1172  2             342
1001  1318  2             343
1000  1438  2             344
1000  1445  2             345
1002  1091  2             346
1003  1294  2             347
1005  1104  2             348
1005  1233  2             349
1005  768   2             350
1009  864   2             351
1009  987   3             352
1016  1011  2             353
1018  1019  2             354
1018  1125  3             355
1017  1417  2             356
1017  1652  2             357
1020  1120  4             358
1021  674   2             359
1021  1515  2             360
1023  695   2             361
1026  543   2             362
1027  938   2             363
1027  1102  2             364
1026  1368  2             365
1027  682   2             366
1028  1113  2             367
1029  842   2             368
1031  1389  2             369
1033  1509  2             370
1033  1124  2             371
1034  1052  2             372
1036  1130  2             373
1038  928   2             374
1041  1304  2             375
1042  1159  2             376
1042  1239  2             377
1044  917   2             378
1044  1175  2             379
1049  1167  2             380
1051  1333  2             381
1051  1103  2             382
1053  1236  2             383
1056  639   2             384
1058  1139  2             385
1059  722   2             386
1060  1100  2             387
1064  458   3             388
1064  791   2             389
1069  674   2             390
1072  986   2             391
1074  783   2             392
1076  1694  2             393
1077  1424  2             394
1082  1146  2             395
1081  681   2             396
1084  705   2             397
1086  1278  2             398
1086  921   2             399
1086  1001  2             400
1090  877   2             401
1091  440   2             402
1094  1042  2             403
1095  1057  2             404
1093  1257  2             405
1094  1515  2             406
1094  1093  2             407
1096  1187  3             408
1096  1208  2             409
1099  825   2             410
1100  1301  2             411
1102  873   3             412
1103  1466  2             413
1103  1362  2             414
1104  1440  2             415
1104  1157  2             416
1114  287   2             417
1115  1524  2             418
1117  1225  2             419
1117  881   2             420
1119  1185  2             421
1122  1504  2             422
1126  627   2             423
1128  1124  2             424
1127  1410  2             425
1132  297   3             426
1131  1011  2             427
1136  1072  3             428
1139  1473  2             429
1139  1491  2             430
1143  1013  4             431
1147  1476  2             432
1147  810   2             433
1149  1392  2             434
1155  684   2             435
1159  1106  2             436
1160  1475  2             437
1161  1336  2             438
1164  1613  2             439
1168  1330  3             440
1165  1329  2             441
1168  772   2             442
1171  1130  2             443
1172  1213  3             444
1175  1157  2             445
1178  1090  2             446
1182  1398  2             447
1186  1073  2             448
1185  1091  2             449
1189  1241  2             450
1189  1461  2             451
1192  1372  2             452
1194  1395  2             453
1197  591   2             454
1197  1472  2             455
1201  673   2             456
1200  1412  2             457
1204  1646  2             458
1206  1476  2             459
1207  1104  2             460
1209  1122  2             461
1211  1108  2             462
1212  1075  2             463
1214  1391  2             464
1221  1132  2             465
1223  1158  2             466
1227  1373  2             467
1227  1391  2             468
1229  806   2             469
1235  1389  2             470
1238  1483  8             471
1238  801   2             472
1242  535   3             473
1249  1189  2             474
1252  1357  2             475
1252  1490  2             476
1256  508   2             477
1256  1501  2             478
1257  1368  2             479
1258  1476  2             480
1266  1490  2             481
1273  1510  2             482
1280  1420  2             483
1282  984   2             484
1282  1140  2             485
1286  1309  2             486
1294  1155  2             487
1297  1375  2             488
1302  1260  2             489
1310  1080  2             490
1311  1514  3             491
1312  1123  2             492
1313  667   2             493
1319  1785  2             494
1345  584   2             495
1368  1377  3             496
1368  1418  2             497
1371  904   2             498
1372  1373  2             499
1373  1346  2             500
1373  1116  3             501
1376  891   2             502
1377  982   2             503
1380  1318  2             504
1380  683   2             505
1384  1357  2             506
1394  1324  2             507
1399  1217  2             508
1404  1354  2             509
1409  1314  3             510
1412  1320  3             511
1418  820   2             512
1419  812   2             513
1431  1341  2             514
1432  679   2             515
1436  821   2             516
1442  345   2             517
1445  743   2             518
1453  796   2             519
1457  742   2             520
1469  169   2             521
1489  818   2             522
1488  1145  2             523
1510  1179  2             524
1511  486   2             525
1519  1014  2             526
1520  1189  2             527
1526  839   2             528
1538  736   2             529
1551  1169  2             530
1554  596   2             531
1560  1054  2             532
1578  628   3             533
1579  828   2             534
1589  962   2             535
1596  1258  2             536
1598  674   2             537
1598  905   2             538
1604  887   2             539
1604  819   2             540
1612  733   2             541
1616  713   2             542
1617  975   2             543
1637  937   2             544
1641  393   3             545
1639  907   2             546
1643  1394  2             547
1654  967   3             548
1669  750   2             549
1680  328   2             550
1687  747   2             551
1690  583   2             552
1728  611   2             553
1733  1132  2             554
1751  659   2             555
1770  739   2             556
1939  1143  2             557
2044  1096  2             558