# Filename: CLN3-561nm_416_ctrl_60x_011.tif
# Puncta radius (pixels): (1.3888888888888888, 1.3888888888888888)
# Puncta radius (nm): (150, 150)
# Cluster threshold (nm): 300
# Min puncta per cluster: 2
# Voxel size (nm): (108, 108, 200)
Y     X     CLUSTER_ID
0     809   -1
0     1152  -1
1     1181  -1
3     972   -1
3     1033  -1
3     1290  -1
4     778   -1
5     836   -1
6     760   -1
6     1248  -1
7     572   -1
7     700   -1
8     1317  -1
9     897   -1
10    1376  -1
11    723   -1
11    1025  -1
12    967   -1
16    1014  -1
18    854   -1
21    723   -1
21    996   -1
22    1153  -1
23    792   -1
24    723   -1
24    773   -1
26    1489  -1
27    947   -1
28    787   -1
28    843   -1
28    962   -1
28    1029  -1
28    1418  -1
29    914   -1
29    951   -1
30    973   -1
32    574   -1
32    766   -1
32    1465  -1
33    711   -1
34    525   -1
35    408   -1
36    579   -1
36    1044  -1
37    941   -1
40    670   -1
42    1441  -1
44    486   -1
44    1133  -1
44    1367  -1
44    1506  -1
45    958   -1
45    1524  -1
46    781   -1
46    852   -1
46    975   -1
47    733   -1
49    969   -1
50    498   -1
50    632   -1
50    892   -1
51    860   -1
51    1097  -1
51    1119  -1
51    1134  -1
52    672   -1
52    1423  -1
53    613   -1
53    776   -1
53    1154  -1
53    1494  -1
54    908   -1
55    628   -1
56    743   -1
58    752   -1
58    1022  -1
58    1506  -1
59    444   -1
59    1127  -1
60    498   -1
60    1081  -1
61    1089  -1
61    1109  -1
61    1120  -1
62    1433  -1
63    200   -1
63    807   -1
63    932   -1
63    1485  -1
64    762   -1
64    879   -1
65    523   -1
65    733   -1
65    1446  -1
66    534   -1
66    1029  -1
67    798   -1
67    821   -1
67    896   -1
68    939   -1
69    742   -1
69    872   -1
70    778   -1
70    1037  -1
70    1431  -1
71    959   -1
72    572   -1
72    1068  -1
73    949   -1
74    458   -1
74    477   -1
74    652   -1
74    671   -1
74    878   -1
75    730   -1
75    921   -1
76    587   -1
76    872   -1
78    1456  -1
78    1504  -1
81    396   -1
81    929   -1
82    180   -1
82    628   -1
82    756   -1
82    1079  -1
85    693   -1
85    808   -1
85    1101  -1
86    849   -1
86    1059  -1
88    879   -1
90    869   -1
90    1026  -1
91    779   -1
92    468   -1
92    1431  -1
93    692   -1
93    996   -1
94    795   -1
94    831   -1
94    1082  -1
95    1042  -1
96    909   -1
97    751   -1
98    509   -1
98    685   -1
98    770   -1
98    781   -1
98    819   -1
98    1074  -1
99    1019  -1
100   874   -1
100   923   -1
100   1041  -1
100   1384  -1
101   539   -1
101   788   -1
102   904   -1
102   1053  -1
104   522   -1
105   466   -1
106   568   -1
106   670   -1
106   832   -1
107   735   -1
108   993   -1
109   843   -1
109   1390  -1
110   1417  -1
111   1060  -1
112   579   -1
112   1017  -1
112   1071  -1
113   1065  -1
114   946   -1
114   964   -1
114   1051  -1
115   800   -1
116   856   -1
117   870   -1
118   634   -1
118   741   -1
118   966   -1
119   716   -1
119   1078  -1
119   1103  -1
119   1640  -1
120   543   -1
120   857   -1
120   884   -1
120   1041  -1
121   1034  -1
122   448   -1
122   674   -1
122   695   -1
123   342   -1
123   871   -1
123   961   -1
123   1002  -1
124   688   -1
124   976   -1
125   436   -1
125   831   -1
125   1173  -1
126   949   -1
127   562   -1
127   1015  -1
128   485   -1
129   181   -1
129   400   -1
129   811   -1
129   815   -1
129   836   -1
129   863   -1
130   622   -1
130   751   -1
131   230   -1
131   632   -1
131   735   -1
131   969   -1
131   985   -1
132   410   -1
132   712   -1
133   935   -1
134   453   -1
135   427   -1
135   1033  -1
136   611   -1
137   482   -1
137   538   -1
137   732   -1
137   932   -1
137   979   -1
138   1490  -1
141   459   -1
141   651   -1
141   914   -1
142   942   -1
142   1292  -1
143   583   -1
143   724   -1
143   857   -1
143   995   -1
143   1000  -1
144   375   -1
145   1188  -1
146   232   -1
146   504   -1
146   853   -1
147   805   -1
147   943   -1
147   974   -1
148   892   -1
148   981   -1
149   1090  -1
150   674   -1
150   844   -1
150   1114  -1
151   1424  -1
153   721   -1
155   504   -1
155   569   -1
156   596   -1
156   882   -1
156   928   -1
156   1260  -1
157   187   -1
157   906   -1
158   977   -1
158   1226  -1
160   477   -1
160   692   -1
160   707   -1
161   490   -1
162   929   -1
162   1063  -1
163   729   -1
164   604   -1
164   1239  -1
165   527   -1
167   1219  -1
168   531   -1
168   675   -1
168   1270  -1
169   525   -1
169   649   -1
169   701   -1
171   436   -1
171   609   -1
172   840   -1
173   462   -1
173   468   -1
173   732   -1
174   367   -1
175   1645  -1
176   520   -1
176   611   -1
176   1019  -1
177   436   -1
177   773   -1
177   782   -1
177   1034  -1
177   1052  -1
178   559   -1
178   861   -1
178   1030  -1
178   1098  -1
179   686   -1
179   961   -1
180   920   -1
180   954   -1
181   585   -1
181   667   -1
181   709   -1
181   805   -1
182   615   -1
182   881   -1
183   835   -1
184   901   -1
185   672   -1
185   675   -1
185   840   -1
187   924   -1
187   950   -1
188   200   -1
188   860   -1
189   432   -1
189   551   -1
189   763   -1
190   350   -1
190   1009  -1
191   503   -1
192   696   -1
192   874   -1
194   572   -1
194   612   -1
194   643   -1
195   408   -1
197   596   -1
197   607   -1
198   603   -1
198   663   -1
198   799   -1
198   923   -1
198   1318  -1
199   784   -1
200   1485  -1
201   843   -1
202   704   -1
202   1007  -1
203   349   -1
203   361   -1
203   639   -1
203   962   -1
204   602   -1
204   670   -1
204   860   -1
204   1064  -1
204   1477  -1
206   525   -1
207   698   -1
207   843   -1
208   811   -1
208   1037  -1
208   1097  -1
210   402   -1
210   729   -1
210   970   -1
211   711   -1
212   1129  -1
213   774   -1
213   1059  -1
214   626   -1
214   758   -1
214   765   -1
215   738   -1
216   328   -1
216   580   -1
216   631   -1
216   696   -1
216   969   -1
216   1069  -1
217   985   -1
217   1049  -1
218   607   -1
219   808   -1
219   1021  -1
220   802   -1
221   1105  -1
221   1504  -1
222   996   -1
223   654   -1
223   692   -1
223   1119  -1
224   626   -1
224   739   -1
224   1023  -1
225   728   -1
226   812   -1
226   839   -1
227   646   -1
228   327   -1
228   593   -1
228   628   -1
228   708   -1
229   529   -1
229   1080  -1
230   721   -1
230   778   -1
230   1023  -1
231   580   -1
232   385   -1
232   415   -1
233   850   -1
233   1027  -1
233   1102  -1
234   411   -1
234   574   -1
234   1049  -1
235   1495  -1
236   844   -1
238   294   -1
238   391   -1
239   639   -1
240   1494  -1
241   667   -1
242   246   -1
242   710   -1
242   841   -1
242   1670  -1
244   475   -1
245   249   -1
246   778   -1
247   666   -1
248   387   -1
248   720   -1
248   755   -1
250   968   -1
250   1242  -1
250   1319  -1
251   1499  -1
253   923   -1
254   1094  -1
255   753   -1
256   1039  -1
257   746   -1
260   244   -1
260   411   -1
260   934   -1
261   713   -1
261   760   -1
263   620   -1
263   665   -1
264   766   -1
264   817   -1
264   1504  -1
265   457   -1
265   560   -1
266   355   -1
266   1280  -1
267   828   -1
268   1169  -1
269   739   -1
272   817   -1
273   893   -1
274   768   -1
279   450   -1
279   560   -1
281   431   -1
281   687   -1
281   765   -1
282   748   -1
284   445   -1
284   710   -1
287   1014  -1
288   825   -1
288   918   -1
290   706   -1
291   288   -1
291   302   -1
291   761   -1
292   672   -1
292   771   -1
294   451   -1
294   830   -1
296   478   -1
297   1219  -1
298   1515  -1
299   816   -1
302   676   -1
303   662   -1
304   631   -1
304   750   -1
305   296   -1
305   918   -1
306   669   -1
310   625   -1
310   883   -1
310   948   -1
311   398   -1
311   696   -1
312   610   -1
313   728   -1
314   759   -1
315   1746  -1
316   617   -1
316   709   -1
317   448   -1
318   411   -1
319   851   -1
319   1129  -1
320   1768  -1
321   870   -1
322   741   -1
323   1159  -1
324   575   -1
325   696   -1
325   1079  -1
325   1743  -1
326   729   -1
326   865   -1
327   681   -1
327   801   -1
328   428   -1
328   586   -1
331   416   -1
331   691   -1
331   1698  -1
332   620   -1
333   1688  -1
334   1103  -1
335   491   -1
335   593   -1
335   735   -1
335   1517  -1
337   427   -1
337   451   -1
337   675   -1
337   1505  -1
338   777   -1
341   879   -1
341   1081  -1
342   502   -1
343   515   -1
343   525   -1
344   1070  -1
345   586   -1
346   1931  -1
347   1141  -1
348   1710  -1
349   1033  -1
350   339   -1
350   641   -1
350   1133  -1
351   610   -1
352   898   -1
352   1401  -1
354   1139  -1
355   1670  -1
356   548   -1
356   1417  -1
356   1502  -1
356   1716  -1
357   746   -1
357   873   -1
358   396   -1
358   848   -1
358   952   -1
359   1732  -1
363   601   -1
363   742   -1
364   447   -1
364   552   -1
364   1551  -1
365   588   -1
365   869   -1
368   434   -1
368   950   -1
370   444   -1
370   1743  -1
371   597   -1
371   1560  -1
373   530   -1
373   1118  -1
374   570   -1
374   1553  -1
375   1708  -1
376   872   -1
376   1635  -1
377   793   -1
377   815   -1
377   1675  -1
379   1555  -1
381   1548  -1
382   789   -1
382   1082  -1
383   418   -1
383   431   -1
384   1458  -1
385   776   -1
386   1586  -1
387   763   -1
389   505   -1
389   760   -1
389   799   -1
390   1246  -1
391   1350  -1
391   1646  -1
392   533   -1
393   1238  -1
394   455   -1
394   1629  -1
396   1194  -1
396   1608  -1
398   1264  -1
399   732   -1
399   789   -1
399   1535  -1
400   560   -1
400   778   -1
400   1064  -1
400   1607  -1
403   610   -1
404   491   -1
407   454   -1
411   803   -1
411   1485  -1
413   462   -1
414   809   -1
416   800   -1
417   869   -1
417   1228  -1
421   858   -1
423   714   -1
423   950   -1
425   463   -1
429   898   -1
434   898   -1
436   705   -1
438   946   -1
444   996   -1
454   1095  -1
455   501   -1
456   687   -1
456   1648  -1
457   1777  -1
462   847   -1
465   866   -1
466   971   -1
472   890   -1
473   974   -1
481   895   -1
483   1090  -1
485   910   -1
485   1230  -1
496   1124  -1
500   1719  -1
501   1758  -1
509   1762  -1
510   1001  -1
511   1633  -1
513   1113  -1
513   1724  -1
514   1767  -1
516   1714  -1
517   1517  -1
519   1666  -1
520   1280  -1
531   1307  -1
533   745   -1
537   739   -1
537   1474  -1
541   1504  -1
545   737   -1
547   570   -1
549   1414  -1
553   1403  -1
569   1213  -1
574   1269  -1
575   1329  -1
600   1964  -1
609   1816  -1
610   1862  -1
669   1680  -1
695   1660  -1
698   1603  -1
708   1636  -1
715   1051  -1
717   901   -1
720   915   -1
727   955   -1
730   918   -1
738   1048  -1
741   1024  -1
742   926   -1
742   982   -1
743   955   -1
743   1048  -1
745   1037  -1
746   961   -1
747   998   -1
748   1032  -1
755   1289  -1
760   1057  -1
761   944   -1
766   1504  -1
769   1260  -1
775   1037  -1
784   817   -1
785   783   -1
788   1039  -1
797   1012  -1
798   1197  -1
806   793   -1
809   1129  -1
811   1016  -1
814   1092  -1
817   1522  -1
820   986   -1
820   1019  -1
821   724   -1
821   1010  -1
824   1105  -1
829   951   -1
830   1583  -1
834   505   -1
834   1071  -1
835   1952  -1
836   998   -1
836   1078  -1
838   929   -1
838   1086  -1
839   888   -1
845   981   -1
847   713   -1
848   958   -1
852   1950  -1
853   2045  -1
858   1079  -1
862   959   -1
862   1089  -1
866   1619  -1
867   1937  -1
870   1080  -1
874   809   -1
874   1487  -1
877   1987  -1
882   1924  -1
889   1623  -1
890   1960  -1
894   1609  -1
900   1483  -1
901   1033  -1
903   1887  -1
906   1107  -1
914   782   -1
924   984   -1
925   1489  -1
927   818   -1
929   910   -1
930   898   -1
933   940   -1
937   996   -1
938   1097  -1
941   901   -1
942   1797  -1
943   1676  -1
943   1876  -1
948   876   -1
950   1078  -1
953   680   -1
953   915   -1
955   1118  -1
959   1895  -1
966   1061  -1
966   1092  -1
966   1887  -1
973   1078  -1
974   1851  -1
975   1618  -1
978   1129  -1
978   1681  -1
983   904   -1
984   1116  -1
988   1007  -1
989   964   -1
992   1831  -1
993   831   -1
996   1613  -1
1000  1682  -1
1001  1517  -1
1003  1027  -1
1008  740   -1
1012  1196  -1
1012  1521  -1
1016  1597  -1
1021  758   -1
1025  753   -1
1027  1501  -1
1027  1539  -1
1030  250   -1
1030  1633  -1
1031  1807  -1
1037  204   -1
1037  1775  -1
1039  1288  -1
1040  153   -1
1040  1631  -1
1040  1651  -1
1042  258   -1
1044  326   -1
1044  356   -1
1045  192   -1
1046  1206  -1
1051  146   -1
1051  164   -1
1052  680   -1
1060  1785  -1
1061  391   -1
1062  403   -1
1062  1782  -1
1063  118   -1
1064  64    -1
1066  1802  -1
1067  388   -1
1068  128   -1
1077  693   -1
1078  421   -1
1079  1751  -1
1080  1655  -1
1080  1800  -1
1082  195   -1
1085  18    -1
1085  409   -1
1086  1801  -1
1088  863   -1
1089  1679  -1
1091  1751  -1
1094  893   -1
1097  1091  -1
1101  1050  -1
1108  944   -1
1108  1095  -1
1111  1760  -1
1113  700   -1
1118  1731  -1
1120  1126  -1
1121  1700  -1
1121  1954  -1
1123  1678  -1
1123  2002  -1
1126  2030  -1
1127  1720  -1
1129  2047  -1
1133  2005  -1
1134  2013  -1
1135  1999  -1
1135  2016  -1
1136  1956  -1
1136  1995  -1
1137  1688  -1
1137  1920  -1
1138  1990  -1
1139  1987  -1
1141  1817  -1
1141  1969  -1
1147  1717  -1
1148  1826  -1
1149  2004  -1
1150  1926  -1
1152  1725  -1
1155  1800  -1
1155  1959  -1
1156  865   -1
1161  434   -1
1163  1914  -1
1163  1968  -1
1164  1984  -1
1165  1927  -1
1166  324   -1
1168  1902  -1
1169  1912  -1
1170  941   -1
1172  436   -1
1176  1888  -1
1176  1911  -1
1177  1850  -1
1177  1922  -1
1178  1780  -1
1180  1802  -1
1180  1828  -1
1183  1838  -1
1183  1851  -1
1185  1722  -1
1189  1768  -1
1194  1843  -1
1196  1768  -1
1197  1080  -1
1197  1984  -1
1197  2010  -1
1205  1771  -1
1206  1726  -1
1208  1763  -1
1210  1759  -1
1217  959   -1
1221  294   -1
1223  308   -1
1239  1185  -1
1240  1834  -1
1245  1837  -1
1250  737   -1
1250  1095  -1
1255  1101  -1
1263  1757  -1
1264  974   -1
1269  288   -1
1271  426   -1
1272  301   -1
1273  1095  -1
1278  1997  -1
1279  302   -1
1289  1032  -1
1292  843   -1
1295  1978  -1
1296  1277  -1
1297  730   -1
1300  1067  -1
1306  1026  -1
1307  981   -1
1310  1126  -1
1313  399   -1
1313  1030  -1
1316  1211  -1
1318  1100  -1
1320  1080  -1
1320  1306  -1
1321  1185  -1
1324  953   -1
1324  1186  -1
1324  1212  -1
1327  1294  -1
1328  1314  -1
1329  1032  -1
1330  408   -1
1331  1057  -1
1332  636   -1
1334  1030  -1
1334  1250  -1
1335  1101  -1
1336  1247  -1
1337  1093  -1
1338  1353  -1
1345  996   -1
1352  1258  -1
1353  1875  -1
1354  1234  -1
1357  1220  -1
1372  405   -1
1372  944   -1
1375  401   -1
1376  1826  -1
1378  1280  -1
1378  1315  -1
1380  1180  -1
1385  1811  -1
1386  1190  -1
1387  1197  -1
1397  1170  -1
1399  418   -1
1399  1803  -1
1400  1763  -1
1405  1177  -1
1409  1758  -1
1410  936   -1
1410  1795  -1
1420  1723  -1
1423  782   -1
1424  930   -1
1427  982   -1
1428  1706  -1
1430  1722  -1
1434  407   -1
1436  1696  -1
1438  586   -1
1439  558   -1
1441  1260  -1
1446  1251  -1
1451  1707  -1
1452  471   -1
1458  290   -1
1458  432   -1
1459  1146  -1
1460  472   -1
1462  401   -1
1465  523   -1
1469  371   -1
1469  472   -1
1472  272   -1
1473  518   -1
1473  973   -1
1474  350   -1
1475  402   -1
1476  417   -1
1476  985   -1
1477  352   -1
1478  1544  -1
1480  415   -1
1482  979   -1
1484  273   -1
1486  474   -1
1491  978   -1
1493  994   -1
1494  383   -1
1495  602   -1
1495  1242  -1
1497  1170  -1
1498  1023  -1
1500  250   -1
1500  606   -1
1501  1423  -1
1502  421   -1
1502  610   -1
1503  642   -1
1505  299   -1
1505  326   -1
1505  736   -1
1508  665   -1
1508  820   -1
1510  703   -1
1511  495   -1
1511  618   -1
1513  695   -1
1517  1035  -1
1517  1052  -1
1519  33    -1
1519  336   -1
1519  439   -1
1519  656   -1
1520  326   -1
1521  266   -1
1523  760   -1
1524  795   -1
1525  1046  -1
1527  402   -1
1528  1168  -1
1530  480   -1
1532  741   -1
1533  478   -1
1533  505   -1
1535  1051  -1
1536  1040  -1
1538  481   -1
1538  494   -1
1538  515   -1
1538  687   -1
1538  1106  -1
1538  1137  -1
1539  501   -1
1540  388   -1
1540  396   -1
1544  1045  -1
1545  317   -1
1545  511   -1
1546  519   -1
1547  1533  -1
1549  495   -1
1550  800   -1
1550  1586  -1
1552  479   -1
1552  843   -1
1553  240   -1
1553  963   -1
1554  939   -1
1554  1099  -1
1555  417   -1
1557  1094  -1
1558  256   -1
1559  360   -1
1559  850   -1
1559  1125  -1
1560  999   -1
1561  433   -1
1562  1100  -1
1563  226   -1
1564  291   -1
1564  1002  -1
1565  248   -1
1565  500   -1
1567  433   -1
1567  547   -1
1568  574   -1
1569  265   -1
1570  508   -1
1571  176   -1
1571  471   -1
1572  706   -1
1573  423   -1
1573  433   -1
1573  855   -1
1578  252   -1
1578  444   -1
1580  1068  -1
1580  1286  -1
1581  301   -1
1582  243   -1
1582  382   -1
1582  1324  -1
1583  557   -1
1584  1017  -1
1585  215   -1
1586  309   -1
1588  257   -1
1588  496   -1
1588  849   -1
1589  277   -1
1589  402   -1
1590  485   -1
1591  377   -1
1591  597   -1
1591  1344  -1
1592  500   -1
1592  1104  -1
1594  453   -1
1595  524   -1
1596  329   -1
1597  277   -1
1597  1487  -1
1597  1500  -1
1598  760   -1
1599  285   -1
1599  1070  -1
1602  489   -1
1602  1240  -1
1603  265   -1
1605  305   -1
1608  362   -1
1608  551   -1
1608  1461  -1
1610  605   -1
1612  577   -1
1612  712   -1
1612  720   -1
1612  1154  -1
1613  429   -1
1613  560   -1
1613  625   -1
1614  469   -1
1616  291   -1
1616  439   -1
1616  1092  -1
1617  235   -1
1617  521   -1
1618  479   -1
1618  723   -1
1620  431   -1
1624  408   -1
1624  1417  -1
1626  884   -1
1627  379   -1
1629  306   -1
1629  1379  -1
1630  280   -1
1630  1363  -1
1631  237   -1
1631  528   -1
1631  1412  -1
1632  587   -1
1633  729   -1
1634  1353  -1
1635  434   -1
1635  495   -1
1635  952   -1
1635  1386  -1
1636  503   -1
1636  1374  -1
1637  1057  -1
1638  509   -1
1638  796   -1
1639  775   -1
1639  862   -1
1640  279   -1
1640  335   -1
1640  1000  -1
1642  382   -1
1643  375   -1
1644  938   -1
1647  1013  -1
1648  1025  -1
1649  944   -1
1649  1197  -1
1651  1432  -1
1652  412   -1
1652  1115  -1
1652  1297  -1
1653  424   -1
1653  663   -1
1654  348   -1
1654  1193  -1
1655  783   -1
1656  361   -1
1656  925   -1
1656  1184  -1
1657  400   -1
1657  922   -1
1659  271   -1
1660  1147  -1
1661  747   -1
1662  266   -1
1662  287   -1
1662  1251  -1
1664  918   -1
1666  416   -1
1666  425   -1
1666  445   -1
1668  1135  -1
1669  608   -1
1670  698   -1
1672  984   -1
1673  1358  -1
1676  970   -1
1676  1075  -1
1677  1544  -1
1678  1115  -1
1679  1357  -1
1679  1520  -1
1683  1106  -1
1683  1409  -1
1685  706   -1
1685  1025  -1
1686  608   -1
1686  1122  -1
1688  442   -1
1688  1135  -1
1689  1356  -1
1690  593   -1
1690  1462  -1
1691  1270  -1
1692  430   -1
1692  1039  -1
1693  509   -1
1693  1326  -1
1694  1153  -1
1695  1056  -1
1696  1246  -1
1697  381   -1
1697  1281  -1
1699  326   -1
1699  848   -1
1700  517   -1
1700  1063  -1
1700  1130  -1
1701  857   -1
1701  1530  -1
1702  481   -1
1702  1187  -1
1703  431   -1
1704  438   -1
1705  505   -1
1706  897   -1
1706  1562  -1
1708  421   -1
1709  783   -1
1710  1269  -1
1711  660   -1
1711  731   -1
1711  1377  -1
1712  391   -1
1712  440   -1
1714  400   -1
1714  752   -1
1717  637   -1
1717  934   -1
1719  558   -1
1719  950   -1
1720  587   -1
1721  549   -1
1722  767   -1
1722  1020  -1
1722  1233  -1
1723  446   -1
1723  539   -1
1724  417   -1
1724  1152  -1
1724  1341  -1
1726  1236  -1
1728  221   -1
1728  437   -1
1730  541   -1
1732  1166  -1
1733  266   -1
1734  296   -1
1734  558   -1
1734  663   -1
1736  479   -1
1737  381   -1
1739  915   -1
1740  230   -1
1742  573   -1
1744  433   -1
1744  586   -1
1746  486   -1
1747  754   -1
1748  1230  -1
1751  373   -1
1753  248   -1
1753  587   -1
1755  540   -1
1755  1182  -1
1756  1540  -1
1758  429   -1
1758  806   -1
1760  646   -1
1760  868   -1
1761  640   -1
1763  470   -1
1765  1259  -1
1766  382   -1
1769  702   -1
1772  1205  -1
1772  1554  -1
1773  469   -1
1773  765   -1
1773  823   -1
1774  454   -1
1774  525   -1
1774  1423  -1
1775  377   -1
1775  391   -1
1777  632   -1
1778  1382  -1
1779  703   -1
1782  823   -1
1783  799   -1
1784  631   -1
1784  1545  -1
1784  1754  -1
1785  537   -1
1786  1438  -1
1786  1733  -1
1788  1541  -1
1792  822   -1
1792  1536  -1
1793  953   -1
1794  810   -1
1795  317   -1
1795  1572  -1
1796  546   -1
1797  340   -1
1797  614   -1
1797  1326  -1
1800  1435  -1
1801  1185  -1
1802  402   -1
1802  419   -1
1804  440   -1
1806  431   -1
1806  446   -1
1807  1867  -1
1813  1306  -1
1813  1528  -1
1813  1961  -1
1814  1275  -1
1815  747   -1
1818  1317  -1
1818  1413  -1
1818  1623  -1
1819  1165  -1
1819  1185  -1
1820  635   -1
1821  1025  -1
1825  1583  -1
1826  1613  -1
1827  833   -1
1828  316   -1
1831  374   -1
1833  1719  -1
1834  814   -1
1834  904   -1
1835  407   -1
1835  1160  -1
1838  945   -1
1839  1664  -1
1840  900   -1
1841  1329  -1
1843  1493  -1
1844  568   -1
1844  932   -1
1846  1575  -1
1847  1208  -1
1847  1589  -1
1852  1619  -1
1853  411   -1
1854  1513  -1
1855  351   -1
1858  888   -1
1860  1112  -1
1865  1439  -1
1865  1612  -1
1866  603   -1
1866  1232  -1
1868  806   -1
1870  617   -1
1871  838   -1
1871  1437  -1
1875  852   -1
1884  1047  -1
1885  520   -1
1887  629   -1
1887  689   -1
1887  881   -1
1888  1015  -1
1891  444   -1
1891  648   -1
1891  1553  -1
1892  429   -1
1895  1528  -1
1896  1556  -1
1900  1031  -1
1900  1546  -1
1902  1227  -1
1904  1522  -1
1906  923   -1
1907  693   -1
1909  698   -1
1911  1548  -1
1912  1276  -1
1912  1497  -1
1913  681   -1
1920  1576  -1
1925  700   -1
1926  1294  -1
1927  1284  -1
1929  1262  -1
1932  1382  -1
1932  1458  -1
1932  1760  -1
1935  1310  -1
1935  1362  -1
1935  1613  -1
1937  1487  -1
1938  1455  -1
1939  942   -1
1940  1611  -1
1941  1463  -1
1943  1006  -1
1946  1339  -1
1948  1064  -1
1949  946   -1
1951  745   -1
1952  1789  -1
1953  957   -1
1955  1336  -1
1959  1478  -1
1969  1439  -1
1972  1019  -1
2000  1349  -1
2010  727   -1
2018  869   -1
2023  559   -1
2026  847   -1
2028  1018  -1
2032  760   -1
2035  1049  -1
18    581   -1
20    583   -1
44    1401  -1
46    591   -1
46    588   -1
51    839   -1
68    809   -1
72    1164  -1
88    1019  -1
97    186   -1
96    1085  -1
125   1038  -1
129   761   -1
132   741   -1
133   1063  -1
134   1028  -1
149   698   -1
152   916   -1
153   1009  -1
156   1011  -1
161   773   -1
167   1059  -1
167   951   -1
169   804   -1
172   1104  -1
178   1106  -1
181   1087  -1
184   764   -1
184   967   -1
184   1040  -1
192   499   -1
196   1108  -1
197   1472  -1
201   970   -1
200   1050  -1
202   1048  -1
201   1089  -1
209   760   -1
211   1092  -1
220   819   -1
221   954   -1
228   960   -1
230   900   -1
231   946   -1
233   922   -1
233   956   -1
237   1116  -1
243   1037  -1
244   767   -1
255   1236  -1
264   833   -1
269   1503  -1
272   1239  -1
272   1506  -1
274   707   -1
274   725   -1
275   889   -1
284   1516  -1
284   1293  -1
288   678   -1
293   1190  -1
295   1479  -1
296   1204  -1
302   840   -1
304   496   -1
308   1508  -1
310   1504  -1
313   1054  -1
319   836   -1
321   901   -1
322   720   -1
323   1519  -1
325   749   -1
333   826   -1
335   1200  -1
338   1014  -1
339   1023  -1
347   1513  -1
348   633   -1
350   617   -1
351   957   -1
352   1466  -1
357   626   -1
359   1512  -1
363   1356  -1
363   651   -1
366   990   -1
366   1099  -1
368   488   -1
369   945   -1
370   1366  -1
372   556   -1
373   964   -1
374   1506  -1
376   507   -1
377   1695  -1
379   1309  -1
381   909   -1
383   1513  -1
385   831   -1
389   521   -1
389   1524  -1
391   1330  -1
391   1452  -1
392   1308  -1
393   1694  -1
396   755   -1
395   1560  -1
397   726   -1
396   1223  -1
397   1595  -1
397   1234  -1
398   1613  -1
399   622   -1
400   1493  -1
402   534   -1
402   1243  -1
403   512   -1
408   508   -1
408   959   -1
409   622   -1
409   931   -1
411   1191  -1
414   851   -1
421   826   -1
423   724   -1
423   452   -1
423   872   -1
424   1480  -1
425   863   -1
432   494   -1
436   914   -1
438   963   -1
442   472   -1
440   954   -1
440   1128  -1
453   828   -1
461   680   -1
476   683   -1
482   1013  -1
483   674   -1
489   1514  -1
488   989   -1
490   670   -1
489   1628  -1
493   1447  -1
493   1620  -1
499   1073  -1
499   1078  -1
499   1748  -1
500   991   -1
505   1711  -1
505   1068  -1
507   927   -1
507   1029  -1
506   1253  -1
509   1055  -1
509   1618  -1
512   1214  -1
511   1221  -1
512   902   -1
514   688   -1
513   1165  -1
514   1413  -1
514   1593  -1
514   971   -1
516   1273  -1
516   1121  -1
520   1520  -1
519   1615  -1
521   1078  -1
522   546   -1
523   1264  -1
523   1484  -1
523   725   -1
524   1152  -1
526   841   -1
526   1590  -1
528   685   -1
530   736   -1
530   1221  -1
530   1576  -1
539   1355  -1
539   1559  -1
546   1088  -1
550   746   -1
550   1336  -1
553   854   -1
554   735   -1
556   772   -1
556   829   -1
558   784   -1
559   816   -1
563   1306  -1
564   1336  -1
569   767   -1
569   1207  -1
571   595   -1
582   1182  -1
585   1139  -1
589   1258  -1
676   1019  -1
679   1007  -1
688   1049  -1
688   1014  -1
698   989   -1
705   952   -1
707   971   -1
726   997   -1
728   1043  -1
733   1065  -1
734   897   -1
734   1045  -1
736   722   -1
739   958   -1
748   990   -1
749   1007  -1
749   911   -1
750   969   -1
749   1299  -1
751   1041  -1
751   954   -1
753   1362  -1
754   960   -1
755   928   -1
754   1036  -1
755   1013  -1
758   901   -1
759   1297  -1
760   1039  -1
766   1242  -1
767   1051  -1
768   1306  -1
771   1053  -1
772   1076  -1
771   1279  -1
772   1244  -1
774   1255  -1
780   1477  -1
782   1480  -1
785   1077  -1
787   999   -1
789   1491  -1
790   832   -1
792   1069  -1
795   1170  -1
801   771   -1
802   1116  -1
802   1497  -1
804   749   -1
803   998   -1
804   1493  -1
804   1004  -1
806   1026  -1
807   1119  -1
808   992   -1
808   1044  -1
809   1152  -1
810   1047  -1
820   1126  -1
822   906   -1
824   582   -1
824   1040  -1
827   936   -1
826   1498  -1
828   1123  -1
828   1117  -1
830   1131  -1
829   1578  -1
830   637   -1
830   1089  -1
831   658   -1
831   734   -1
835   830   -1
836   1583  -1
841   1029  -1
842   865   -1
841   968   -1
842   909   -1
845   1055  -1
849   1583  -1
851   991   -1
852   910   -1
857   1610  -1
857   1480  -1
860   1584  -1
861   1037  -1
864   978   -1
868   1099  -1
869   1623  -1
869   835   -1
871   1036  -1
874   1616  -1
875   1607  -1
875   1981  -1
877   856   -1
881   869   -1
884   1435  -1
887   1084  -1
890   839   -1
892   854   -1
906   1466  -1
909   1120  -1
918   882   -1
923   949   -1
925   1470  -1
925   1091  -1
927   1820  -1
933   879   -1
932   1097  -1
945   1144  -1
950   1860  -1
955   1044  -1
960   927   -1
962   871   -1
962   960   -1
962   1126  -1
965   1128  -1
964   894   -1
965   842   -1
968   1112  -1
969   1050  -1
969   966   -1
972   1592  -1
974   1822  -1
983   911   -1
984   1534  -1
988   1730  -1
989   842   -1
989   1585  -1
990   1593  -1
991   1172  -1
993   889   -1
993   836   -1
997   989   -1
1000  970   -1
1001  1503  -1
1003  1173  -1
1005  749   -1
1007  805   -1
1005  783   -1
1007  1594  -1
1009  1191  -1
1008  1847  -1
1010  1552  -1
1010  1508  -1
1014  732   -1
1015  789   -1
1019  733   -1
1022  1496  -1
1023  1338  -1
1026  279   -1
1027  1782  -1
1030  353   -1
1033  303   -1
1035  1301  -1
1035  1570  -1
1035  1514  -1
1036  999   -1
1039  1552  -1
1050  1388  -1
1050  691   -1
1063  181   -1
1063  387   -1
1063  868   -1
1062  1643  -1
1068  410   -1
1076  1197  -1
1087  1777  -1
1090  749   -1
1094  844   -1
1095  1830  -1
1098  748   -1
1098  826   -1
1108  1712  -1
1111  1789  -1
1116  1825  -1
1122  707   -1
1129  444   -1
1129  1132  -1
1130  1704  -1
1131  1725  -1
1130  1795  -1
1134  1704  -1
1134  1678  -1
1134  1722  -1
1134  1834  -1
1138  1720  -1
1138  1730  -1
1143  441   -1
1145  1739  -1
1156  1739  -1
1157  457   -1
1172  1071  -1
1173  1840  -1
1175  456   -1
1187  1914  -1
1188  1818  -1
1202  1712  -1
1203  736   -1
1212  735   -1
1218  440   -1
1219  730   -1
1268  1211  -1
1276  745   -1
1287  1275  -1
1289  1223  -1
1292  1756  -1
1293  895   -1
1293  410   -1
1296  409   -1
1304  1045  -1
1309  1117  -1
1310  917   -1
1311  643   -1
1314  736   -1
1317  1155  -1
1317  1117  -1
1318  1334  -1
1329  981   -1
1329  1255  -1
1331  1143  -1
1331  1224  -1
1344  943   -1
1344  1143  -1
1346  751   -1
1349  731   -1
1364  1205  -1
1373  1868  -1
1384  1244  -1
1390  1248  -1
1410  1255  -1
1437  1718  -1
1446  413   -1
1450  1121  -1
1452  1102  -1
1465  469   -1
1479  1400  -1
1483  1221  -1
1485  1191  -1
1487  536   -1
1487  596   -1
1488  1179  -1
1489  630   -1
1491  726   -1
1492  497   -1
1492  391   -1
1493  1202  -1
1495  655   -1
1494  1013  -1
1497  1231  -1
1504  757   -1
1503  1574  -1
1508  452   -1
1514  735   -1
1515  517   -1
1514  807   -1
1516  353   -1
1515  429   -1
1515  468   -1
1516  484   -1
1523  432   -1
1523  483   -1
1527  749   -1
1530  670   -1
1530  1013  -1
1530  510   -1
1530  794   -1
1533  384   -1
1533  861   -1
1536  1143  -1
1537  556   -1
1538  379   -1
1542  1084  -1
1542  1108  -1
1546  1037  -1
1546  794   -1
1548  458   -1
1550  321   -1
1552  1086  -1
1554  784   -1
1555  348   -1
1556  345   -1
1562  768   -1
1565  493   -1
1566  787   -1
1567  1060  -1
1567  1478  -1
1574  1442  -1
1578  863   -1
1579  1352  -1
1583  1364  -1
1589  816   -1
1597  432   -1
1597  537   -1
1598  694   -1
1601  695   -1
1604  528   -1
1604  510   -1
1607  953   -1
1610  702   -1
1612  416   -1
1612  530   -1
1613  786   -1
1615  541   -1
1616  532   -1
1632  716   -1
1633  603   -1
1634  541   -1
1636  1271  -1
1641  1019  -1
1643  1146  -1
1646  694   -1
1654  904   -1
1657  1660  -1
1660  634   -1
1665  1213  -1
1664  1232  -1
1666  1341  -1
1665  880   -1
1665  1335  -1
1668  769   -1
1670  1003  -1
1673  532   -1
1674  712   -1
1674  715   -1
1674  1192  -1
1676  1309  -1
1680  1344  -1
1684  1348  -1
1690  1420  -1
1690  1059  -1
1691  850   -1
1692  1285  -1
1693  779   -1
1695  574   -1
1694  1181  -1
1696  1265  -1
1696  1303  -1
1704  1029  -1
1705  846   -1
1707  1302  -1
1707  1241  -1
1707  1292  -1
1709  496   -1
1709  920   -1
1709  1073  -1
1712  585   -1
1717  600   -1
1718  230   -1
1719  1154  -1
1719  1468  -1
1722  780   -1
1723  1000  -1
1725  1034  -1
1729  515   -1
1731  792   -1
1732  789   -1
1737  1084  -1
1735  1390  -1
1740  582   -1
1743  826   -1
1744  526   -1
1747  1489  -1
1749  1461  -1
1766  872   -1
1768  1247  -1
1773  1609  -1
1778  784   -1
1779  759   -1
1783  1297  -1
1787  682   -1
1794  438   -1
1794  1248  -1
1796  998   -1
1796  522   -1
1798  796   -1
1805  533   -1
1806  1562  -1
1808  1201  -1
1807  1340  -1
1809  1214  -1
1814  617   -1
1825  970   -1
1835  1431  -1
1842  1095  -1
1842  1572  -1
1843  1425  -1
1850  1226  -1
1850  1441  -1
1853  914   -1
1855  899   -1
1865  1071  -1
1872  603   -1
1876  1216  -1
1899  708   -1
1922  1607  -1
1968  1417  -1
1981  990   -1
1986  1002  -1
36    532   0
36    534   0
175   915   1
174   914   1
411   1549  2
410   1551  2
500   1447  3
499   1447  3
517   1523  4
518   1522  4
886   1018  5
887   1018  5
904   941   6
904   942   6
989   946   7
990   946   7
1181  1941  8
1182  1941  8
1721  649   9
1721  650   9
1746  691   10
1746  692   10
1775  651   11
1776  651   11
1900  888   12
1901  888   12
8     905   13
7     906   13
6     905   13
11    577   14
10    575   14
14    579   15
15    581   15
12    580   15
17    1005  16
19    1005  16
93    182   17
95    183   17
93    182   17
155   849   18
154   850   18
162   888   19
164   888   19
188   812   20
187   812   20
188   814   20
186   812   20
190   814   20
189   1045  21
191   1045  21
216   400   22
216   398   22
218   1042  23
219   1042  23
223   768   24
224   769   24
238   768   25
238   768   25
240   769   25
244   695   26
246   696   26
246   1230  27
245   1231  27
255   906   28
257   906   28
254   907   28
255   1216  29
257   1215  29
262   1034  30
261   1033  30
284   831   31
282   832   31
289   928   32
287   928   32
290   929   32
307   498   33
306   498   33
307   498   33
308   499   33
306   498   33
309   501   33
308   496   33
317   839   34
315   838   34
324   1501  35
324   1499  35
344   1740  36
344   1741  36
346   1740  36
344   1742  36
342   1743  36
344   1740  36
347   1741  36
364   1339  37
363   1339  37
368   1385  38
370   1386  38
367   1386  38
369   1406  39
370   1407  39
377   1565  40
379   1565  40
381   1646  41
381   1646  41
383   602   42
384   601   42
389   1342  43
391   1343  43
405   1281  44
404   1282  44
415   1213  45
415   1213  45
418   729   46
418   730   46
417   729   46
417   748   47
416   748   47
418   954   48
419   954   48
418   954   48
420   954   48
418   1036  49
418   1037  49
420   690   50
419   690   50
428   1031  51
429   1031  51
429   1119  52
430   1118  52
436   952   53
434   952   53
438   1213  54
440   1213  54
441   799   55
441   799   55
457   1236  56
456   1236  56
465   1104  57
463   1104  57
470   490   58
469   488   58
470   953   59
472   954   59
474   1105  60
472   1104  60
479   1464  61
478   1465  61
482   1243  62
482   1243  62
483   1000  63
485   1000  63
489   524   64
490   524   64
489   678   65
491   678   65
493   1025  66
493   1024  66
495   1450  67
495   1450  67
494   1450  67
496   1450  67
494   1450  67
495   1449  67
497   1449  67
495   673   68
496   675   68
494   673   68
494   667   69
495   669   69
494   998   70
496   999   70
499   1223  71
500   1223  71
502   1223  71
499   1223  71
507   550   72
506   552   72
507   1032  73
507   1032  73
509   1514  74
509   1516  74
512   1249  75
512   1248  75
512   1117  76
513   1116  76
514   728   77
515   730   77
517   1040  78
517   1040  78
517   1235  79
516   1235  79
519   950   80
518   950   80
518   1343  81
518   1344  81
519   1745  82
520   1745  82
523   1617  83
524   1616  83
527   891   84
527   890   84
525   920   85
526   919   85
527   979   86
527   979   86
528   1254  87
527   1255  87
531   717   88
530   716   88
532   963   89
532   963   89
530   1079  90
531   1080  90
532   741   91
533   741   91
533   1513  92
531   1514  92
536   727   93
537   727   93
539   920   94
540   921   94
539   695   95
541   695   95
541   1541  96
541   1542  96
543   819   97
542   818   97
544   1392  98
543   1392  98
545   1340  99
546   1340  99
547   742   100
547   742   100
546   1485  101
546   1484  101
548   1398  102
548   1398  102
549   720   103
549   720   103
549   756   104
549   757   104
550   758   104
549   1109  105
549   1109  105
549   593   106
551   592   106
552   1297  107
552   1297  107
553   708   108
553   707   108
553   714   109
555   715   109
553   714   109
558   775   110
558   774   110
557   832   111
558   833   111
560   1445  112
560   1445  112
560   1427  113
561   1427  113
560   579   114
561   578   114
562   1405  115
562   1405  115
564   813   116
562   812   116
565   657   117
566   657   117
564   660   118
566   661   118
566   786   119
566   786   119
571   699   120
571   700   120
574   1195  121
573   1194  121
575   1289  122
576   1290  122
586   1215  123
586   1216  123
591   1214  124
592   1213  124
620   707   125
621   706   125
621   708   125
654   721   126
654   722   126
658   719   127
659   721   127
676   1039  128
675   1040  128
677   1034  129
677   1035  129
696   982   130
696   980   130
703   974   131
701   974   131
703   969   132
703   968   132
708   1057  133
710   1056  133
711   974   134
709   974   134
715   922   135
715   922   135
714   922   135
715   922   135
719   1043  136
718   1042  136
720   1049  137
718   1049  137
724   981   138
725   980   138
725   1050  139
725   1050  139
726   976   140
726   976   140
728   973   141
727   973   141
728   893   142
729   892   142
729   912   143
728   913   143
729   1040  144
729   1040  144
729   1040  144
729   1353  145
729   1353  145
730   1026  146
729   1025  146
731   965   147
730   965   147
732   905   148
731   905   148
734   952   149
736   953   149
735   1398  150
734   1399  150
737   962   151
737   963   151
739   888   152
739   888   152
738   889   152
743   996   153
743   997   153
747   732   154
747   732   154
747   928   155
747   928   155
749   939   156
749   939   156
752   967   157
751   965   157
752   967   157
752   925   158
753   926   158
753   981   159
751   981   159
753   941   160
753   941   160
755   905   161
755   904   161
754   906   161
754   1326  162
753   1325  162
755   988   163
756   987   163
757   1294  164
756   1293  164
763   1260  165
763   1260  165
763   1263  166
765   1263  166
764   1255  167
765   1255  167
764   1554  168
763   1555  168
769   1088  169
769   1087  169
768   1295  170
769   1296  170
770   754   171
771   754   171
773   1238  172
772   1239  172
773   1225  173
773   1225  173
773   1252  174
774   1251  174
776   1042  175
777   1041  175
784   1035  176
785   1036  176
787   1007  177
789   1008  177
793   791   178
793   792   178
792   790   178
794   1489  179
793   1490  179
799   811   180
801   811   180
801   1071  181
800   1070  181
801   1071  181
803   1069  182
804   1070  182
802   1027  183
802   1027  183
805   824   184
803   824   184
806   1007  185
806   1008  185
806   830   186
806   831   186
808   1173  187
807   1172  187
810   609   188
811   608   188
812   543   189
812   543   189
813   823   190
812   822   190
812   1563  191
813   1562  191
814   640   192
815   641   192
814   640   192
818   693   193
818   693   193
816   991   194
816   991   194
819   585   195
817   585   195
818   1538  196
819   1539  196
820   1532  197
819   1532  197
821   566   198
821   564   198
821   1070  199
820   1069  199
822   507   200
823   507   200
824   509   200
822   618   201
822   618   201
824   739   202
823   738   202
824   666   203
823   666   203
824   900   204
825   901   204
827   711   205
827   711   205
827   802   206
827   801   206
828   969   207
828   969   207
829   1596  208
830   1597  208
830   1430  209
829   1431  209
831   618   210
832   619   210
832   527   211
831   528   211
833   687   212
831   688   212
832   789   213
832   791   213
831   1407  214
832   1407  214
833   951   215
835   950   215
836   576   216
835   575   216
836   976   217
835   976   217
837   981   218
835   981   218
837   739   219
837   740   219
837   774   220
837   774   220
843   891   221
843   893   221
845   1077  222
845   1077  222
846   1593  223
844   1593  223
848   922   224
848   922   224
850   938   225
850   939   225
851   769   226
850   769   226
852   967   227
852   967   227
852   967   227
850   967   227
852   928   228
852   928   228
853   804   229
853   804   229
853   879   230
852   878   230
856   921   231
854   920   231
855   1433  232
855   1432  232
857   949   233
859   949   233
857   1091  234
858   1092  234
859   993   235
859   994   235
861   1095  236
860   1096  236
861   1581  237
861   1581  237
861   832   238
861   832   238
861   964   239
863   965   239
862   1597  240
862   1598  240
864   937   241
864   937   241
864   1075  242
865   1076  242
865   1433  243
865   1433  243
870   1647  244
871   1648  244
872   1000  245
872   1001  245
874   936   246
875   936   246
873   936   246
874   973   247
874   973   247
880   953   248
880   954   248
884   1626  249
884   1626  249
892   809   250
892   809   250
893   810   250
893   956   251
892   955   251
894   956   251
895   1000  252
893   1000  252
897   840   253
896   839   253
899   921   254
899   921   254
898   920   254
898   1013  255
898   1012  255
899   1082  256
899   1082  256
900   1601  257
899   1603  257
902   1477  258
904   1478  258
908   923   259
908   923   259
908   923   259
907   1084  260
906   1083  260
911   889   261
910   888   261
914   936   262
913   935   262
914   1081  263
915   1082  263
914   1627  264
913   1627  264
914   922   265
914   921   265
918   980   266
918   981   266
920   853   267
918   853   267
920   870   268
919   870   268
920   870   268
922   1046  269
923   1046  269
925   939   270
925   940   270
927   1011  271
926   1013  271
929   980   272
929   981   272
929   980   272
932   687   273
933   686   273
936   925   274
937   924   274
936   1024  275
935   1025  275
937   1027  276
937   1028  276
937   1087  277
938   1087  277
940   689   278
940   690   278
939   809   279
939   809   279
940   1039  280
939   1038  280
947   820   281
946   820   281
947   1514  282
946   1515  282
951   1021  283
952   1021  283
953   1607  284
951   1608  284
955   896   285
955   896   285
956   1142  286
956   1141  286
958   1127  287
956   1127  287
961   1499  288
959   1500  288
961   889   289
960   888   289
965   705   290
963   705   290
965   705   290
963   705   290
964   704   290
966   704   290
963   705   290
965   706   290
962   705   290
966   704   290
963   703   290
965   706   290
963   707   290
964   703   290
962   800   291
962   800   291
961   867   292
961   867   292
961   1522  293
963   1522  293
963   1039  294
962   1041  294
964   1042  294
966   1042  294
965   838   295
965   838   295
965   1047  296
965   1047  296
966   864   297
966   863   297
969   1040  298
968   1040  298
969   1040  298
968   1142  299
967   1142  299
969   926   300
969   926   300
968   1116  301
969   1116  301
970   1059  302
970   1059  302
970   1107  303
971   1105  303
973   900   304
972   898   304
974   909   305
974   909   305
974   1072  306
975   1073  306
974   1072  306
975   973   307
975   973   307
976   972   307
976   1025  308
976   1026  308
976   1025  308
981   871   309
980   871   309
981   872   309
979   875   310
978   874   310
979   921   311
978   921   311
978   1083  312
978   1084  312
979   854   313
979   854   313
980   1062  314
981   1061  314
981   796   315
980   795   315
981   840   316
981   840   316
981   840   316
982   1149  317
981   1150  317
982   1150  317
983   938   318
983   938   318
987   956   319
987   956   319
989   846   320
989   845   320
991   852   321
990   851   321
991   853   321
991   942   322
992   942   322
994   723   323
993   722   323
992   725   324
993   727   324
993   1009  325
994   1010  325
995   982   326
995   983   326
996   1006  327
997   1006  327
997   955   328
997   955   328
998   957   328
997   1178  329
997   1178  329
1000  973   330
1000  973   330
1000  908   331
1001  909   331
1002  990   332
1003  990   332
1006  810   333
1005  809   333
1006  809   333
1010  1494  334
1011  1493  334
1009  1494  334
1012  772   335
1012  772   335
1011  785   336
1011  785   336
1016  745   337
1014  746   337
1016  745   337
1012  746   337
1013  1179  338
1013  1177  338
1014  1245  339
1015  1244  339
1015  1214  340
1015  1214  340
1017  1213  340
1016  1321  341
1016  1321  341
1018  883   342
1019  882   342
1018  1186  343
1018  1186  343
1018  1191  344
1018  1191  344
1021  769   345
1020  770   345
1020  768   345
1020  1326  346
1019  1327  346
1021  740   347
1021  740   347
1022  1411  348
1023  1411  348
1021  1439  349
1022  1438  349
1024  803   350
1024  803   350
1026  779   351
1025  779   351
1025  1323  352
1025  1321  352
1026  1547  353
1025  1546  353
1031  213   354
1033  212   354
1038  1365  355
1037  1366  355
1041  1284  356
1040  1283  356
1045  1627  357
1046  1626  357
1048  703   358
1049  703   358
1049  758   359
1049  759   359
1052  365   360
1052  367   360
1051  364   360
1053  1214  361
1053  1214  361
1054  761   362
1053  762   362
1056  686   363
1056  686   363
1058  703   364
1058  703   364
1058  749   365
1057  750   365
1058  1776  366
1057  1774  366
1064  1210  367
1064  1212  367
1065  412   368
1065  413   368
1069  750   369
1070  749   369
1076  1222  370
1075  1221  370
1079  686   371
1079  686   371
1080  748   372
1080  748   372
1082  824   373
1081  824   373
1101  792   374
1100  791   374
1105  784   375
1104  785   375
1107  762   376
1107  762   376
1108  691   377
1108  690   377
1108  691   377
1108  1669  378
1108  1669  378
1113  1213  379
1112  1213  379
1114  1225  380
1114  1225  380
1116  1145  381
1116  1144  381
1117  435   382
1117  435   382
1118  437   382
1123  1205  383
1121  1206  383
1122  1218  384
1121  1218  384
1125  1097  385
1125  1097  385
1152  1161  386
1152  1161  386
1153  717   387
1152  716   387
1167  734   388
1167  734   388
1174  719   389
1174  719   389
1174  719   389
1172  721   390
1172  721   390
1174  1739  391
1175  1739  391
1181  719   392
1181  719   392
1182  721   392
1184  1810  393
1183  1809  393
1184  705   394
1185  705   394
1187  715   395
1188  715   395
1188  958   396
1188  958   396
1188  1706  397
1189  1706  397
1189  709   398
1189  709   398
1196  705   399
1198  706   399
1196  705   399
1205  729   400
1204  730   400
1204  1734  401
1204  1736  401
1210  711   402
1211  711   402
1212  706   403
1212  706   403
1214  328   404
1214  328   404
1217  715   405
1217  715   405
1225  725   406
1225  724   406
1230  734   407
1231  733   407
1233  1065  408
1232  1066  408
1233  718   409
1233  718   409
1250  961   410
1251  962   410
1252  673   411
1252  673   411
1263  698   412
1265  699   412
1271  716   413
1270  715   413
1267  718   414
1266  717   414
1269  676   415
1270  675   415
1282  736   416
1283  734   416
1302  739   417
1300  739   417
1302  736   418
1304  737   418
1309  739   419
1309  741   419
1308  739   419
1309  1759  420
1309  1760  420
1314  725   421
1316  725   421
1317  732   422
1317  731   422
1322  723   423
1323  722   423
1325  1200  424
1325  1200  424
1336  731   425
1335  731   425
1345  419   426
1344  418   426
1347  736   427
1347  736   427
1364  1168  428
1363  1167  428
1366  949   429
1366  949   429
1378  764   430
1379  763   430
1380  408   431
1378  408   431
1389  1218  432
1389  1218  432
1397  946   433
1398  946   433
1398  1263  434
1399  1265  434
1400  428   435
1401  426   435
1419  1383  436
1417  1382  436
1421  433   437
1421  435   437
1423  414   438
1422  416   438
1427  776   439
1425  776   439
1428  1358  440
1428  1359  440
1436  449   441
1435  447   441
1436  445   441
1453  1094  442
1452  1094  442
1473  940   443
1474  941   443
1492  631   444
1492  631   444
1491  1229  445
1493  1229  445
1513  398   446
1512  400   446
1518  684   447
1518  684   447
1517  779   448
1517  777   448
1558  351   449
1558  353   449
1567  1121  450
1567  1121  450
1570  416   451
1569  417   451
1581  604   452
1581  605   452
1582  604   452
1579  606   452
1581  605   452
1637  593   453
1637  593   453
1641  288   454
1643  285   454
1641  286   454
1648  718   455
1648  717   455
1659  501   456
1659  500   456
1660  666   457
1660  667   457
1665  597   458
1665  598   458
1675  683   459
1675  684   459
1676  811   460
1677  810   460
1682  1303  461
1682  1302  461
1694  790   462
1695  789   462
1703  994   463
1701  994   463
1702  1290  464
1702  1288  464
1704  1253  465
1704  1252  465
1706  961   466
1706  961   466
1723  1186  467
1725  1186  467
1725  839   468
1726  840   468
1759  1194  469
1759  1195  469
1759  1194  469
1757  1195  469
1759  1194  469
1804  536   470
1804  538   470
1815  1407  471
1813  1406  471