# Filename: CLN3-561nm_416_bidi_60x_007.tif
# Puncta radius (pixels): (1.3888888888888888, 1.3888888888888888)
# Puncta radius (nm): (150, 150)
# Cluster threshold (nm): 300
# Min puncta per cluster: 2
# Voxel size (nm): (108, 108, 200)
Y     X     CLUSTER_ID
0     1380  -1
0     1586  -1
2     1674  -1
4     1595  -1
4     1648  -1
8     1657  -1
11    1387  -1
12    1642  -1
14    1381  -1
15    1648  -1
19    1658  -1
20    1672  -1
23    1394  -1
30    1670  -1
32    1656  -1
34    1668  -1
35    1384  -1
38    1401  -1
39    1679  -1
41    1411  -1
42    1666  -1
48    1645  -1
48    1677  -1
52    1408  -1
54    1672  -1
57    1396  -1
58    1407  -1
59    1666  -1
61    1395  -1
61    1403  -1
64    1666  -1
66    1414  -1
70    1401  -1
71    1658  -1
73    1400  -1
75    1652  -1
76    1409  -1
76    1418  -1
78    1654  -1
78    1668  -1
79    1676  -1
80    1403  -1
85    1418  -1
86    1406  -1
87    1413  -1
90    1408  -1
90    1675  -1
91    1651  -1
92    1399  -1
92    1417  -1
93    1683  -1
95    1408  -1
95    1688  -1
98    1654  -1
99    1677  -1
105   1682  -1
111   1397  -1
111   1675  -1
113   1403  -1
114   1670  -1
115   1412  -1
116   1684  -1
118   1416  -1
118   1655  -1
120   1406  -1
121   1396  -1
122   1653  -1
127   1410  -1
127   1684  -1
128   1406  -1
131   1679  -1
133   1658  -1
135   1409  -1
136   1663  -1
137   1651  -1
137   1678  -1
141   1672  -1
145   1667  -1
149   1654  -1
151   1663  -1
153   1685  -1
155   1680  -1
156   1649  -1
158   1419  -1
158   1684  -1
160   1659  -1
160   1671  -1
160   1675  -1
162   1403  -1
162   1412  -1
162   1423  -1
163   1645  -1
163   1679  -1
164   1655  -1
166   1402  -1
166   1430  -1
166   1668  -1
168   1438  -1
170   1408  -1
170   1427  -1
171   1414  -1
171   1443  -1
172   1666  -1
173   1647  -1
174   1435  -1
174   1677  -1
175   1660  -1
176   1425  -1
176   1671  -1
177   1419  -1
179   1434  -1
179   1655  -1
181   1415  -1
181   1418  -1
183   1451  -1
183   1666  -1
184   1411  -1
184   1429  -1
184   1441  -1
186   1415  -1
187   1647  -1
188   1449  -1
189   1423  -1
190   1659  -1
191   1456  -1
192   1434  -1
193   1424  -1
194   1443  -1
195   1464  -1
199   1431  -1
200   1454  -1
201   1467  -1
203   1446  -1
203   1480  -1
204   1472  -1
208   1448  -1
209   1453  -1
210   1460  -1
210   1464  -1
210   1480  -1
210   1485  -1
212   1469  -1
213   1489  -1
218   1463  -1
218   1470  -1
226   1472  -1
230   1480  -1
235   1     -1
461   16    -1
469   3     -1
477   36    -1
478   10    -1
486   39    -1
493   9     -1
493   33    -1
494   21    -1
498   56    -1
500   37    -1
510   67    -1
515   85    -1
517   45    -1
520   47    -1
521   91    -1
523   87    -1
526   103   -1
528   122   -1
535   107   -1
537   92    -1
539   101   -1
542   131   -1
542   143   -1
544   743   -1
544   822   -1
547   876   -1
551   155   -1
553   135   -1
558   147   -1
558   846   -1
559   825   -1
561   843   -1
562   729   -1
566   864   -1
566   1060  -1
567   139   -1
567   844   -1
571   868   -1
573   873   -1
573   1055  -1
575   1008  -1
577   886   -1
577   1029  -1
581   1024  -1
581   1090  -1
582   821   -1
583   818   -1
584   967   -1
587   1095  -1
590   663   -1
591   1066  -1
592   815   -1
592   1086  -1
592   1097  -1
593   768   -1
593   782   -1
593   805   -1
594   949   -1
594   963   -1
594   1003  -1
594   1036  -1
594   1052  -1
595   786   -1
596   1075  -1
597   802   -1
598   184   -1
598   1029  -1
599   939   -1
600   857   -1
600   903   -1
600   982   -1
600   988   -1
602   219   -1
602   635   -1
602   883   -1
602   889   -1
602   958   -1
602   1036  -1
602   1047  -1
604   865   -1
605   657   -1
605   793   -1
608   922   -1
609   867   -1
609   996   -1
610   812   -1
610   1046  -1
611   767   -1
611   844   -1
611   862   -1
611   940   -1
614   928   -1
615   769   -1
615   796   -1
617   860   -1
618   814   -1
619   902   -1
620   791   -1
621   745   -1
621   839   -1
622   761   -1
623   833   -1
623   894   -1
623   900   -1
624   777   -1
625   794   -1
625   820   -1
625   891   -1
625   946   -1
625   974   -1
626   824   -1
627   788   -1
627   813   -1
627   855   -1
627   901   -1
628   739   -1
628   800   -1
628   860   -1
628   865   -1
628   1057  -1
629   851   -1
630   1088  -1
632   1019  -1
633   969   -1
633   980   -1
636   786   -1
636   845   -1
638   829   -1
639   620   -1
641   786   -1
641   866   -1
642   627   -1
643   862   -1
643   1042  -1
645   791   -1
647   968   -1
647   1033  -1
647   1043  -1
648   1095  -1
649   862   -1
649   882   -1
650   1020  -1
650   1042  -1
651   973   -1
652   864   -1
652   984   -1
654   993   -1
655   1045  -1
656   1037  -1
656   1053  -1
657   864   -1
657   927   -1
658   624   -1
658   728   -1
658   789   -1
658   886   -1
658   937   -1
659   598   -1
659   873   -1
659   880   -1
662   985   -1
664   939   -1
664   1001  -1
665   872   -1
667   942   -1
667   956   -1
667   995   -1
668   929   -1
668   937   -1
671   775   -1
671   856   -1
672   963   -1
673   909   -1
673   922   -1
674   954   -1
674   969   -1
674   1058  -1
675   947   -1
675   973   -1
676   846   -1
676   982   -1
676   1034  -1
678   726   -1
678   914   -1
678   919   -1
679   945   -1
679   979   -1
679   1030  -1
679   1057  -1
680   963   -1
681   906   -1
681   1001  -1
682   992   -1
683   949   -1
684   934   -1
684   1070  -1
685   896   -1
685   956   -1
685   1026  -1
686   617   -1
686   942   -1
686   978   -1
686   1021  -1
686   1079  -1
686   1084  -1
687   967   -1
688   693   -1
688   932   -1
688   992   -1
689   953   -1
690   1032  -1
690   1063  -1
690   1076  -1
691   974   -1
692   569   -1
692   829   -1
692   956   -1
692   1921  -1
693   914   -1
693   983   -1
693   1029  -1
694   907   -1
694   1102  -1
695   773   -1
695   899   -1
695   904   -1
695   922   -1
695   1021  -1
696   639   -1
696   895   -1
696   930   -1
696   1080  -1
697   886   -1
697   891   -1
697   940   -1
697   948   -1
697   968   -1
698   686   -1
698   962   -1
698   980   -1
698   1015  -1
699   772   -1
699   944   -1
700   987   -1
700   1101  -1
701   714   -1
701   780   -1
701   836   -1
701   841   -1
701   1023  -1
702   823   -1
702   890   -1
702   1091  -1
703   1099  -1
703   1113  -1
704   690   -1
704   899   -1
704   978   -1
704   1083  -1
705   736   -1
705   880   -1
705   916   -1
705   967   -1
705   1019  -1
706   995   -1
706   1038  -1
706   1058  -1
706   1091  -1
707   1071  -1
707   1097  -1
708   715   -1
709   1010  -1
709   1107  -1
710   813   -1
710   974   -1
711   712   -1
711   844   -1
711   1070  -1
711   1101  -1
711   1852  -1
712   856   -1
712   1002  -1
713   906   -1
713   922   -1
713   1110  -1
713   1116  -1
714   878   -1
714   901   -1
714   1018  -1
714   1031  -1
715   673   -1
715   966   -1
715   1013  -1
716   566   -1
716   1007  -1
716   1022  -1
716   1098  -1
717   815   -1
717   848   -1
717   1126  -1
718   906   -1
718   980   -1
718   988   -1
718   1112  -1
719   778   -1
719   830   -1
719   882   -1
719   984   -1
720   560   -1
720   888   -1
720   1012  -1
720   1100  -1
721   555   -1
721   763   -1
721   900   -1
721   914   -1
721   1084  -1
722   677   -1
722   950   -1
722   1000  -1
722   1094  -1
723   711   -1
723   814   -1
723   875   -1
724   958   -1
724   995   -1
724   1082  -1
724   1113  -1
725   887   -1
725   908   -1
725   923   -1
725   946   -1
725   1121  -1
726   847   -1
726   912   -1
726   953   -1
727   813   -1
727   870   -1
727   1036  -1
727   1126  -1
728   1012  -1
728   1096  -1
729   950   -1
729   1119  -1
730   945   -1
730   1028  -1
731   822   -1
731   848   -1
731   905   -1
731   993   -1
731   1110  -1
732   577   -1
733   562   -1
733   685   -1
733   881   -1
733   935   -1
733   985   -1
734   691   -1
734   920   -1
734   1007  -1
735   719   -1
735   839   -1
735   962   -1
736   653   -1
736   878   -1
736   979   -1
736   1109  -1
737   566   -1
737   858   -1
737   863   -1
737   1012  -1
737   1032  -1
737   1132  -1
737   1137  -1
738   725   -1
738   850   -1
738   884   -1
739   842   -1
739   903   -1
740   816   -1
740   943   -1
740   1098  -1
740   1126  -1
741   847   -1
741   854   -1
741   925   -1
741   932   -1
741   997   -1
742   505   -1
742   889   -1
743   662   -1
743   992   -1
743   1114  -1
743   1135  -1
744   861   -1
744   1139  -1
745   821   -1
745   885   -1
745   921   -1
745   988   -1
745   1028  -1
746   907   -1
746   1120  -1
747   718   -1
747   930   -1
747   984   -1
747   1113  -1
748   977   -1
748   1018  -1
748   1100  -1
749   859   -1
749   915   -1
749   1157  -1
749   1173  -1
750   907   -1
750   1001  -1
751   522   -1
751   571   -1
751   607   -1
751   900   -1
751   930   -1
752   735   -1
752   763   -1
752   1112  -1
752   1140  -1
753   494   -1
753   865   -1
753   920   -1
753   942   -1
753   964   -1
753   981   -1
753   1116  -1
753   1127  -1
754   682   -1
754   910   -1
754   926   -1
755   723   -1
755   778   -1
755   859   -1
755   914   -1
755   937   -1
756   565   -1
756   675   -1
756   739   -1
756   996   -1
756   1040  -1
756   1183  -1
757   589   -1
757   713   -1
757   819   -1
757   870   -1
757   906   -1
757   968   -1
757   1129  -1
758   797   -1
758   809   -1
758   902   -1
758   1001  -1
759   875   -1
759   946   -1
759   1034  -1
759   1050  -1
760   734   -1
760   743   -1
760   933   -1
760   937   -1
760   1131  -1
760   1176  -1
761   840   -1
761   897   -1
761   911   -1
761   1116  -1
762   754   -1
762   976   -1
762   1157  -1
763   690   -1
763   788   -1
763   866   -1
763   915   -1
763   928   -1
763   1151  -1
763   1181  -1
764   747   -1
764   1032  -1
764   1112  -1
764   1164  -1
765   779   -1
765   953   -1
766   671   -1
766   909   -1
767   985   -1
767   1119  -1
767   1187  -1
768   904   -1
768   918   -1
768   972   -1
768   1060  -1
768   1079  -1
768   1147  -1
769   757   -1
769   769   -1
769   1009  -1
770   566   -1
770   690   -1
770   714   -1
770   736   -1
770   784   -1
770   913   -1
770   968   -1
770   1050  -1
770   1166  -1
771   940   -1
771   987   -1
771   1031  -1
771   1175  -1
772   763   -1
772   797   -1
772   1004  -1
772   1149  -1
773   707   -1
773   950   -1
773   1016  -1
774   570   -1
774   699   -1
774   752   -1
774   905   -1
774   977   -1
774   1172  -1
774   1180  -1
775   775   -1
775   859   -1
776   1127  -1
777   787   -1
777   794   -1
777   913   -1
777   928   -1
777   971   -1
777   1040  -1
777   1095  -1
778   570   -1
778   962   -1
779   949   -1
779   957   -1
779   1063  -1
779   1148  -1
779   1173  -1
780   622   -1
780   753   -1
780   1028  -1
780   1141  -1
781   817   -1
781   935   -1
781   989   -1
781   1113  -1
781   1125  -1
782   569   -1
782   644   -1
782   825   -1
782   1153  -1
782   1179  -1
782   1184  -1
783   902   -1
783   955   -1
783   979   -1
783   993   -1
783   1145  -1
783   1175  -1
784   918   -1
784   967   -1
784   983   -1
785   860   -1
785   878   -1
785   1151  -1
785   1171  -1
786   588   -1
786   628   -1
786   895   -1
786   1115  -1
786   1164  -1
787   581   -1
787   765   -1
787   1187  -1
788   811   -1
788   842   -1
788   1038  -1
788   1193  -1
789   716   -1
789   909   -1
789   959   -1
789   992   -1
789   1159  -1
790   965   -1
790   974   -1
790   984   -1
790   1095  -1
790   1162  -1
791   688   -1
791   850   -1
791   1186  -1
792   695   -1
792   943   -1
792   981   -1
792   1181  -1
793   708   -1
793   1041  -1
794   567   -1
794   715   -1
794   798   -1
794   893   -1
794   984   -1
794   997   -1
794   1007  -1
794   1052  -1
794   1117  -1
794   1210  -1
795   483   -1
795   907   -1
795   1074  -1
796   1027  -1
796   1131  -1
797   1034  -1
797   1175  -1
797   1207  -1
798   888   -1
798   991   -1
798   1065  -1
798   1121  -1
799   707   -1
799   963   -1
799   1023  -1
799   1178  -1
800   1126  -1
800   1167  -1
801   702   -1
801   782   -1
801   934   -1
801   1001  -1
801   1040  -1
801   1152  -1
802   696   -1
802   819   -1
802   833   -1
802   1014  -1
803   890   -1
803   969   -1
803   1046  -1
803   1082  -1
803   1144  -1
804   946   -1
804   991   -1
804   1216  -1
805   963   -1
805   1182  -1
806   804   -1
806   1042  -1
806   1136  -1
806   1151  -1
806   1172  -1
806   1192  -1
807   818   -1
807   841   -1
807   1013  -1
807   1031  -1
808   708   -1
808   744   -1
808   892   -1
809   1036  -1
808   1167  -1
809   567   -1
809   940   -1
809   974   -1
809   1010  -1
809   1112  -1
810   945   -1
810   1007  -1
810   1080  -1
810   1090  -1
811   857   -1
811   992   -1
811   1029  -1
812   466   -1
812   556   -1
812   578   -1
812   895   -1
812   901   -1
812   1069  -1
812   1099  -1
812   1191  -1
812   1197  -1
813   910   -1
814   1016  -1
814   1095  -1
815   573   -1
815   818   -1
815   987   -1
815   1012  -1
816   592   -1
816   799   -1
816   943   -1
816   1086  -1
816   1107  -1
817   890   -1
817   991   -1
817   1227  -1
818   1046  -1
818   1091  -1
818   1129  -1
819   481   -1
819   1110  -1
820   765   -1
820   856   -1
820   913   -1
820   1098  -1
821   812   -1
821   920   -1
821   946   -1
822   955   -1
822   979   -1
822   994   -1
822   1187  -1
823   482   -1
823   775   -1
823   1033  -1
823   1051  -1
823   1132  -1
823   1199  -1
823   1231  -1
824   584   -1
824   1007  -1
824   1104  -1
825   719   -1
825   838   -1
825   944   -1
825   973   -1
826   715   -1
826   916   -1
826   1072  -1
827   949   -1
827   978   -1
828   885   -1
828   963   -1
828   1198  -1
829   634   -1
829   923   -1
829   995   -1
829   1069  -1
830   474   -1
830   968   -1
830   1090  -1
830   1171  -1
831   866   -1
831   989   -1
831   1045  -1
831   1098  -1
831   1205  -1
831   1217  -1
832   954   -1
832   958   -1
832   978   -1
832   1020  -1
833   591   -1
833   728   -1
833   1061  -1
833   1072  -1
834   619   -1
834   806   -1
834   1193  -1
835   869   -1
835   901   -1
835   1209  -1
836   702   -1
836   842   -1
836   848   -1
836   970   -1
836   1049  -1
836   1113  -1
837   683   -1
837   835   -1
837   946   -1
837   1073  -1
838   580   -1
838   589   -1
838   950   -1
838   1011  -1
838   1042  -1
838   1217  -1
839   706   -1
839   978   -1
839   1127  -1
839   1229  -1
840   699   -1
840   750   -1
840   972   -1
840   1152  -1
840   1184  -1
841   718   -1
841   805   -1
841   812   -1
841   902   -1
841   967   -1
841   1159  -1
842   746   -1
842   852   -1
842   1200  -1
843   858   -1
843   976   -1
843   1148  -1
843   1165  -1
844   588   -1
844   816   -1
844   839   -1
844   896   -1
844   928   -1
844   972   -1
844   996   -1
844   1057  -1
844   1089  -1
845   945   -1
845   1022  -1
845   1062  -1
845   1136  -1
846   954   -1
847   570   -1
847   762   -1
847   1075  -1
847   1208  -1
848   903   -1
848   941   -1
848   1110  -1
848   1205  -1
849   1010  -1
849   1025  -1
849   1175  -1
850   617   -1
850   872   -1
850   965   -1
850   1048  -1
850   1092  -1
850   1104  -1
851   984   -1
851   996   -1
851   1187  -1
852   590   -1
852   815   -1
852   899   -1
852   957   -1
853   488   -1
853   1083  -1
853   1198  -1
854   864   -1
854   1120  -1
855   1061  -1
855   1067  -1
855   1211  -1
855   1228  -1
856   816   -1
856   820   -1
856   887   -1
856   914   -1
856   1041  -1
856   1050  -1
857   899   -1
858   910   -1
858   986   -1
858   991   -1
859   588   -1
859   701   -1
859   932   -1
859   1032  -1
859   1181  -1
860   622   -1
860   1010  -1
860   1171  -1
861   660   -1
861   789   -1
861   918   -1
861   1221  -1
862   939   -1
862   1060  -1
862   1161  -1
862   1189  -1
862   1213  -1
863   528   -1
863   1079  -1
863   1179  -1
864   544   -1
864   947   -1
865   581   -1
865   586   -1
865   922   -1
865   992   -1
865   1014  -1
866   693   -1
866   1201  -1
867   1196  -1
868   1084  -1
869   818   -1
869   888   -1
869   1215  -1
869   1222  -1
870   736   -1
870   836   -1
870   1043  -1
871   593   -1
871   619   -1
871   1027  -1
871   1135  -1
871   1195  -1
872   759   -1
872   1186  -1
873   686   -1
873   773   -1
873   1098  -1
873   1122  -1
874   599   -1
874   740   -1
874   1040  -1
874   1235  -1
875   781   -1
875   1102  -1
876   479   -1
876   838   -1
876   916   -1
876   953   -1
877   534   -1
877   638   -1
877   660   -1
877   699   -1
877   854   -1
877   986   -1
877   1044  -1
878   795   -1
878   834   -1
879   827   -1
879   966   -1
879   996   -1
879   1163  -1
880   582   -1
880   629   -1
880   702   -1
880   849   -1
880   935   -1
880   1002  -1
880   1102  -1
881   621   -1
881   951   -1
882   783   -1
882   896   -1
882   1041  -1
882   1146  -1
883   1029  -1
883   1191  -1
884   987   -1
885   724   -1
885   1107  -1
886   484   -1
886   699   -1
886   1039  -1
887   1195  -1
887   1214  -1
888   659   -1
888   689   -1
888   1032  -1
888   1071  -1
888   1109  -1
889   941   -1
889   976   -1
889   1051  -1
889   1202  -1
889   1219  -1
890   792   -1
890   826   -1
890   1006  -1
890   1243  -1
891   676   -1
891   699   -1
891   730   -1
891   983   -1
891   1038  -1
891   1048  -1
892   667   -1
892   723   -1
892   1023  -1
892   1124  -1
893   703   -1
893   820   -1
893   991   -1
893   1019  -1
894   915   -1
894   929   -1
894   1081  -1
894   1087  -1
895   690   -1
895   1011  -1
895   1141  -1
895   1150  -1
895   1244  -1
896   571   -1
896   666   -1
896   800   -1
896   954   -1
897   589   -1
897   980   -1
897   1014  -1
897   1065  -1
897   1210  -1
898   682   -1
898   828   -1
898   881   -1
898   909   -1
898   1059  -1
898   1231  -1
899   1001  -1
899   1028  -1
899   1075  -1
899   1179  -1
900   786   -1
900   1032  -1
900   1199  -1
901   574   -1
901   806   -1
901   998   -1
901   1093  -1
901   1127  -1
902   669   -1
902   769   -1
902   854   -1
902   906   -1
902   932   -1
902   1103  -1
902   1141  -1
902   1224  -1
903   684   -1
903   830   -1
903   902   -1
903   1015  -1
904   676   -1
904   727   -1
904   778   -1
904   817   -1
904   983   -1
904   1004  -1
905   850   -1
905   992   -1
906   523   -1
906   531   -1
906   769   -1
906   1021  -1
907   921   -1
907   1159  -1
907   1208  -1
907   1231  -1
908   750   -1
908   1121  -1
908   1220  -1
909   804   -1
909   1002  -1
909   1032  -1
909   1049  -1
909   1053  -1
909   1103  -1
909   1135  -1
910   675   -1
910   966   -1
910   1025  -1
910   1038  -1
910   1148  -1
911   807   -1
911   905   -1
911   914   -1
911   941   -1
911   970   -1
911   1098  -1
912   576   -1
912   683   -1
912   705   -1
912   749   -1
912   933   -1
912   1224  -1
913   670   -1
913   731   -1
913   774   -1
913   791   -1
913   895   -1
913   980   -1
913   1084  -1
914   938   -1
914   1205  -1
915   812   -1
915   1095  -1
915   1235  -1
916   666   -1
916   818   -1
916   1191  -1
916   1220  -1
917   597   -1
917   909   -1
917   993   -1
918   644   -1
918   921   -1
918   987   -1
918   1024  -1
919   533   -1
919   658   -1
919   998   -1
919   1016  -1
919   1085  -1
919   1146  -1
919   1215  -1
920   1208  -1
920   1239  -1
921   586   -1
921   662   -1
921   666   -1
921   670   -1
921   760   -1
921   795   -1
921   971   -1
922   616   -1
922   801   -1
922   862   -1
922   997   -1
922   1030  -1
922   1040  -1
923   679   -1
923   747   -1
923   787   -1
923   1024  -1
924   809   -1
924   1066  -1
924   1182  -1
924   1220  -1
925   568   -1
925   626   -1
925   797   -1
925   836   -1
925   841   -1
925   849   -1
926   791   -1
926   888   -1
926   972   -1
926   1214  -1
927   639   -1
927   742   -1
927   894   -1
927   1031  -1
928   477   -1
928   620   -1
928   683   -1
928   687   -1
928   907   -1
928   940   -1
928   1043  -1
928   1071  -1
928   1092  -1
928   1136  -1
929   542   -1
929   754   -1
929   980   -1
929   1005  -1
929   1229  -1
930   594   -1
930   652   -1
930   698   -1
930   709   -1
930   767   -1
930   802   -1
930   890   -1
930   1017  -1
931   580   -1
931   781   -1
931   824   -1
931   864   -1
931   933   -1
931   965   -1
931   992   -1
931   1158  -1
932   599   -1
932   645   -1
933   555   -1
933   658   -1
933   702   -1
933   756   -1
933   1062  -1
933   1070  -1
934   625   -1
934   718   -1
934   796   -1
934   890   -1
934   987   -1
935   543   -1
935   573   -1
935   587   -1
935   740   -1
935   785   -1
935   895   -1
935   1106  -1
935   1199  -1
935   1232  -1
936   562   -1
936   608   -1
936   639   -1
937   485   -1
937   556   -1
937   679   -1
937   1144  -1
937   1175  -1
938   533   -1
938   645   -1
938   746   -1
938   757   -1
938   786   -1
938   807   -1
938   848   -1
938   983   -1
938   1037  -1
938   1068  -1
939   612   -1
939   665   -1
939   768   -1
939   773   -1
939   779   -1
939   1007  -1
940   512   -1
940   548   -1
940   653   -1
940   722   -1
940   1117  -1
940   1231  -1
941   797   -1
941   864   -1
941   901   -1
941   937   -1
941   973   -1
941   977   -1
941   1220  -1
942   559   -1
942   764   -1
942   853   -1
942   1040  -1
943   606   -1
943   616   -1
943   647   -1
943   685   -1
943   768   -1
943   835   -1
943   915   -1
944   701   -1
944   1016  -1
945   694   -1
945   796   -1
945   910   -1
945   1069  -1
945   1223  -1
946   756   -1
946   791   -1
946   840   -1
946   906   -1
946   1013  -1
946   1019  -1
946   1215  -1
947   556   -1
947   569   -1
947   594   -1
947   641   -1
947   733   -1
947   881   -1
947   955   -1
948   682   -1
948   688   -1
948   937   -1
949   550   -1
949   578   -1
949   693   -1
949   748   -1
949   807   -1
949   848   -1
949   862   -1
949   972   -1
950   564   -1
950   574   -1
950   1097  -1
951   613   -1
951   656   -1
951   677   -1
951   711   -1
951   736   -1
951   844   -1
951   927   -1
951   1028  -1
951   1145  -1
952   799   -1
952   1040  -1
952   1093  -1
953   604   -1
953   697   -1
953   771   -1
953   913   -1
953   1086  -1
954   692   -1
954   764   -1
954   818   -1
954   980   -1
954   1227  -1
955   658   -1
955   785   -1
955   814   -1
955   1003  -1
955   1008  -1
955   1063  -1
955   1170  -1
956   686   -1
956   740   -1
956   1041  -1
956   1224  -1
957   768   -1
957   1014  -1
957   1220  -1
958   497   -1
958   965   -1
959   673   -1
959   693   -1
959   773   -1
959   793   -1
959   988   -1
959   998   -1
960   629   -1
960   654   -1
960   662   -1
960   804   -1
960   920   -1
960   1091  -1
960   1188  -1
960   1263  -1
961   487   -1
961   569   -1
961   602   -1
961   830   -1
961   1009  -1
961   1037  -1
961   1227  -1
961   1277  -1
962   577   -1
962   607   -1
962   690   -1
962   1046  -1
962   1115  -1
962   1155  -1
963   784   -1
963   922   -1
963   1081  -1
963   1215  -1
964   596   -1
964   617   -1
964   663   -1
964   719   -1
964   728   -1
964   928   -1
964   1053  -1
964   1189  -1
964   1199  -1
965   642   -1
965   801   -1
965   807   -1
965   823   -1
965   1233  -1
966   671   -1
966   779   -1
966   818   -1
966   917   -1
967   884   -1
967   927   -1
967   996   -1
967   1023  -1
967   1042  -1
967   1064  -1
968   575   -1
968   642   -1
968   687   -1
968   708   -1
968   826   -1
968   1075  -1
969   626   -1
970   673   -1
970   931   -1
970   948   -1
970   1102  -1
971   615   -1
971   829   -1
971   1005  -1
971   1119  -1
971   1147  -1
972   596   -1
972   625   -1
972   732   -1
972   794   -1
972   910   -1
972   940   -1
972   1025  -1
972   1192  -1
972   1231  -1
973   802   -1
973   927   -1
973   1036  -1
973   1152  -1
973   1207  -1
974   611   -1
974   922   -1
974   956   -1
974   1097  -1
974   1273  -1
975   577   -1
975   628   -1
975   879   -1
975   943   -1
975   1203  -1
976   640   -1
976   704   -1
976   819   -1
976   882   -1
976   895   -1
976   1238  -1
977   666   -1
977   751   -1
977   876   -1
977   915   -1
977   932   -1
977   952   -1
977   1017  -1
977   1149  -1
978   597   -1
978   831   -1
978   919   -1
979   541   -1
980   768   -1
980   793   -1
980   817   -1
980   826   -1
980   1219  -1
981   658   -1
981   940   -1
981   1014  -1
981   1072  -1
981   1204  -1
982   487   -1
982   529   -1
982   936   -1
982   1223  -1
983   630   -1
983   1075  -1
983   1250  -1
984   589   -1
984   644   -1
984   663   -1
984   769   -1
984   784   -1
984   930   -1
984   951   -1
984   957   -1
984   1163  -1
984   1240  -1
984   1284  -1
985   597   -1
985   647   -1
985   855   -1
986   813   -1
986   1106  -1
986   1244  -1
987   843   -1
987   895   -1
987   1114  -1
987   1223  -1
988   661   -1
988   836   -1
988   906   -1
988   1030  -1
988   1047  -1
988   1230  -1
989   612   -1
989   650   -1
989   779   -1
989   854   -1
989   957   -1
989   1058  -1
990   674   -1
990   802   -1
990   1294  -1
991   523   -1
991   617   -1
991   785   -1
991   838   -1
991   968   -1
991   1006  -1
991   1206  -1
992   910   -1
992   915   -1
993   495   -1
993   609   -1
993   621   -1
993   821   -1
993   952   -1
993   1065  -1
994   845   -1
994   925   -1
994   1043  -1
994   1086  -1
994   1274  -1
994   1284  -1
995   615   -1
995   891   -1
995   1028  -1
996   683   -1
996   957   -1
996   1244  -1
996   1290  -1
997   552   -1
997   936   -1
997   945   -1
997   1018  -1
997   1089  -1
997   1118  -1
998   607   -1
998   662   -1
998   730   -1
998   978   -1
998   1222  -1
999   500   -1
999   788   -1
999   1004  -1
999   1259  -1
1000  585   -1
1000  971   -1
1000  1065  -1
1000  1319  -1
1001  524   -1
1001  813   -1
1001  919   -1
1001  983   -1
1002  842   -1
1002  899   -1
1002  908   -1
1002  943   -1
1002  950   -1
1002  1076  -1
1002  1279  -1
1003  580   -1
1003  680   -1
1003  779   -1
1003  889   -1
1003  1097  -1
1004  794   -1
1004  953   -1
1004  970   -1
1005  809   -1
1005  822   -1
1005  831   -1
1005  915   -1
1005  1038  -1
1005  1063  -1
1005  1290  -1
1006  520   -1
1006  836   -1
1006  846   -1
1006  892   -1
1006  1113  -1
1007  737   -1
1007  814   -1
1007  911   -1
1007  920   -1
1007  988   -1
1007  1008  -1
1007  1020  -1
1007  1045  -1
1007  1055  -1
1008  808   -1
1008  840   -1
1008  887   -1
1008  902   -1
1008  938   -1
1008  946   -1
1009  844   -1
1009  853   -1
1009  863   -1
1009  952   -1
1009  1227  -1
1010  610   -1
1010  868   -1
1010  906   -1
1010  1081  -1
1011  563   -1
1011  618   -1
1011  623   -1
1011  882   -1
1011  1067  -1
1011  1109  -1
1011  1279  -1
1012  592   -1
1012  870   -1
1013  683   -1
1013  915   -1
1013  1021  -1
1014  693   -1
1014  961   -1
1014  986   -1
1014  1025  -1
1015  549   -1
1015  872   -1
1015  888   -1
1016  566   -1
1016  613   -1
1016  803   -1
1016  843   -1
1017  503   -1
1017  955   -1
1017  1076  -1
1017  1130  -1
1017  1146  -1
1017  1322  -1
1018  714   -1
1018  1106  -1
1019  508   -1
1019  685   -1
1019  881   -1
1019  1092  -1
1020  640   -1
1020  692   -1
1020  698   -1
1020  710   -1
1020  907   -1
1020  910   -1
1020  1167  -1
1020  1227  -1
1020  1327  -1
1021  536   -1
1021  566   -1
1021  827   -1
1021  838   -1
1021  893   -1
1021  898   -1
1021  954   -1
1021  1127  -1
1022  548   -1
1022  886   -1
1022  924   -1
1022  944   -1
1022  959   -1
1022  1033  -1
1022  1051  -1
1022  1163  -1
1022  1343  -1
1023  616   -1
1023  906   -1
1023  1075  -1
1023  1231  -1
1024  544   -1
1024  563   -1
1025  570   -1
1025  645   -1
1025  993   -1
1025  1014  -1
1025  1237  -1
1025  1244  -1
1026  839   -1
1026  862   -1
1026  959   -1
1026  972   -1
1026  990   -1
1026  1005  -1
1026  1223  -1
1027  504   -1
1027  552   -1
1027  578   -1
1027  922   -1
1027  945   -1
1027  951   -1
1027  1043  -1
1027  1099  -1
1028  522   -1
1028  848   -1
1028  902   -1
1028  1021  -1
1028  1351  -1
1029  828   -1
1029  873   -1
1029  987   -1
1029  1010  -1
1029  1053  -1
1029  1083  -1
1029  1089  -1
1030  544   -1
1030  560   -1
1030  583   -1
1030  637   -1
1030  681   -1
1030  694   -1
1030  715   -1
1030  726   -1
1030  866   -1
1030  897   -1
1030  1040  -1
1030  1071  -1
1031  686   -1
1031  751   -1
1031  995   -1
1031  1026  -1
1031  1217  -1
1032  511   -1
1032  863   -1
1032  967   -1
1032  1015  -1
1032  1034  -1
1032  1354  -1
1033  548   -1
1033  566   -1
1033  943   -1
1033  948   -1
1033  1152  -1
1033  1260  -1
1034  737   -1
1034  922   -1
1034  974   -1
1034  1075  -1
1034  1106  -1
1034  1179  -1
1035  509   -1
1035  560   -1
1035  908   -1
1035  936   -1
1035  1078  -1
1035  1095  -1
1036  501   -1
1036  963   -1
1036  978   -1
1036  1054  -1
1036  1099  -1
1037  520   -1
1037  716   -1
1037  842   -1
1037  969   -1
1037  1013  -1
1037  1159  -1
1038  582   -1
1038  639   -1
1038  912   -1
1038  1000  -1
1038  1184  -1
1039  875   -1
1040  597   -1
1040  712   -1
1040  926   -1
1040  934   -1
1040  981   -1
1040  1021  -1
1040  1102  -1
1040  1110  -1
1040  1173  -1
1040  1180  -1
1040  1247  -1
1041  866   -1
1041  919   -1
1041  955   -1
1041  1167  -1
1041  1229  -1
1041  1338  -1
1042  698   -1
1042  859   -1
1042  898   -1
1042  1106  -1
1043  594   -1
1043  930   -1
1043  1001  -1
1043  1007  -1
1043  1043  -1
1044  960   -1
1044  967   -1
1044  1219  -1
1045  566   -1
1045  917   -1
1045  1019  -1
1046  561   -1
1046  703   -1
1046  723   -1
1046  832   -1
1046  888   -1
1046  904   -1
1046  976   -1
1046  981   -1
1046  1038  -1
1046  1163  -1
1047  707   -1
1047  728   -1
1047  879   -1
1047  1233  -1
1048  598   -1
1048  847   -1
1048  965   -1
1048  1024  -1
1048  1044  -1
1048  1224  -1
1049  715   -1
1049  951   -1
1049  1056  -1
1049  1089  -1
1049  1246  -1
1049  1356  -1
1050  892   -1
1050  1334  -1
1051  702   -1
1051  960   -1
1051  1239  -1
1052  712   -1
1052  885   -1
1052  895   -1
1052  923   -1
1052  985   -1
1052  1232  -1
1052  1339  -1
1053  777   -1
1053  1022  -1
1053  1031  -1
1053  1045  -1
1053  1243  -1
1054  659   -1
1055  526   -1
1055  897   -1
1056  842   -1
1056  903   -1
1056  939   -1
1056  1215  -1
1057  956   -1
1057  982   -1
1057  992   -1
1057  999   -1
1057  1005  -1
1057  1085  -1
1058  863   -1
1058  876   -1
1058  911   -1
1058  1234  -1
1058  1255  -1
1059  678   -1
1059  883   -1
1059  1377  -1
1061  840   -1
1061  870   -1
1061  959   -1
1061  965   -1
1061  969   -1
1061  1022  -1
1062  648   -1
1062  1068  -1
1062  1085  -1
1062  1261  -1
1062  1357  -1
1063  844   -1
1063  861   -1
1063  1283  -1
1066  576   -1
1066  609   -1
1066  961   -1
1066  1025  -1
1066  1246  -1
1067  942   -1
1067  1021  -1
1067  1072  -1
1067  1100  -1
1068  588   -1
1068  633   -1
1068  689   -1
1068  911   -1
1068  1015  -1
1068  1061  -1
1069  921   -1
1069  1260  -1
1070  713   -1
1070  743   -1
1070  839   -1
1070  958   -1
1070  984   -1
1070  990   -1
1071  832   -1
1071  864   -1
1071  885   -1
1071  934   -1
1071  966   -1
1071  1003  -1
1071  1031  -1
1071  1036  -1
1072  577   -1
1072  672   -1
1072  795   -1
1072  1095  -1
1072  1189  -1
1072  1219  -1
1073  818   -1
1073  849   -1
1073  925   -1
1073  1361  -1
1074  651   -1
1074  1201  -1
1075  994   -1
1075  1048  -1
1075  1434  -1
1076  686   -1
1076  918   -1
1076  1250  -1
1076  1261  -1
1077  632   -1
1077  1023  -1
1078  905   -1
1078  944   -1
1078  976   -1
1078  1254  -1
1079  583   -1
1080  597   -1
1080  619   -1
1080  625   -1
1080  833   -1
1080  921   -1
1080  965   -1
1080  992   -1
1080  1017  -1
1080  1392  -1
1081  632   -1
1081  738   -1
1081  949   -1
1081  954   -1
1081  970   -1
1081  1091  -1
1081  1098  -1
1082  899   -1
1082  909   -1
1083  531   -1
1083  782   -1
1083  879   -1
1083  987   -1
1083  1242  -1
1083  1262  -1
1084  741   -1
1084  1431  -1
1085  857   -1
1085  904   -1
1085  920   -1
1085  926   -1
1085  1020  -1
1085  1068  -1
1085  1437  -1
1086  735   -1
1086  930   -1
1086  941   -1
1086  996   -1
1086  1088  -1
1086  1415  -1
1087  656   -1
1087  761   -1
1087  840   -1
1087  867   -1
1087  889   -1
1087  1249  -1
1088  601   -1
1088  680   -1
1088  911   -1
1088  947   -1
1089  924   -1
1089  1004  -1
1089  1012  -1
1089  1215  -1
1089  1256  -1
1090  522   -1
1090  645   -1
1090  676   -1
1090  754   -1
1090  856   -1
1090  952   -1
1090  988   -1
1091  892   -1
1091  1065  -1
1091  1084  -1
1092  779   -1
1092  902   -1
1092  908   -1
1092  1007  -1
1092  1052  -1
1092  1058  -1
1093  838   -1
1093  1435  -1
1094  606   -1
1095  855   -1
1095  872   -1
1095  998   -1
1095  1056  -1
1095  1063  -1
1096  1215  -1
1096  1396  -1
1097  623   -1
1097  657   -1
1097  726   -1
1097  993   -1
1097  1002  -1
1097  1026  -1
1097  1034  -1
1097  1432  -1
1098  855   -1
1098  863   -1
1098  877   -1
1098  941   -1
1098  967   -1
1098  1020  -1
1099  607   -1
1099  869   -1
1099  894   -1
1099  905   -1
1099  911   -1
1099  973   -1
1099  977   -1
1099  984   -1
1100  633   -1
1100  643   -1
1100  665   -1
1100  946   -1
1100  1049  -1
1101  1413  -1
1102  848   -1
1102  899   -1
1102  934   -1
1102  1002  -1
1103  951   -1
1103  1209  -1
1104  973   -1
1104  1031  -1
1104  1045  -1
1106  860   -1
1106  957   -1
1106  963   -1
1106  993   -1
1107  898   -1
1107  970   -1
1107  985   -1
1107  1015  -1
1107  1067  -1
1108  634   -1
1108  884   -1
1108  979   -1
1108  1095  -1
1109  588   -1
1109  659   -1
1109  1039  -1
1109  1134  -1
1110  1113  -1
1111  857   -1
1111  1001  -1
1111  1047  -1
1111  1088  -1
1111  1097  -1
1111  1437  -1
1112  669   -1
1112  853   -1
1112  862   -1
1112  946   -1
1112  964   -1
1112  975   -1
1112  990   -1
1112  1035  -1
1112  1267  -1
1113  1043  -1
1113  1108  -1
1113  1136  -1
1114  634   -1
1114  653   -1
1114  876   -1
1114  889   -1
1114  952   -1
1114  1024  -1
1115  873   -1
1115  1488  -1
1116  672   -1
1116  819   -1
1116  827   -1
1116  1002  -1
1116  1014  -1
1116  1030  -1
1116  1174  -1
1116  1274  -1
1117  996   -1
1117  1108  -1
1117  1134  -1
1118  813   -1
1118  1035  -1
1119  802   -1
1119  840   -1
1119  887   -1
1119  965   -1
1119  1095  -1
1119  1154  -1
1119  1454  -1
1120  946   -1
1120  978   -1
1120  1073  -1
1120  1115  -1
1121  634   -1
1121  1043  -1
1121  1048  -1
1121  1107  -1
1122  652   -1
1122  848   -1
1122  882   -1
1122  969   -1
1122  974   -1
1122  1025  -1
1122  1029  -1
1122  1080  -1
1122  1090  -1
1122  1126  -1
1122  1133  -1
1122  1140  -1
1122  1144  -1
1122  1476  -1
1122  1500  -1
1123  666   -1
1123  995   -1
1123  1055  -1
1123  1481  -1
1123  1514  -1
1124  641   -1
1124  844   -1
1124  870   -1
1124  892   -1
1124  963   -1
1124  1019  -1
1124  1086  -1
1124  1102  -1
1124  1167  -1
1125  853   -1
1125  959   -1
1125  1008  -1
1125  1221  -1
1125  1521  -1
1126  795   -1
1126  940   -1
1126  973   -1
1126  1096  -1
1126  1146  -1
1126  1153  -1
1127  624   -1
1127  1013  -1
1128  650   -1
1128  674   -1
1128  850   -1
1128  1001  -1
1128  1103  -1
1128  1108  -1
1128  1125  -1
1128  1163  -1
1128  1172  -1
1129  815   -1
1129  863   -1
1129  1114  -1
1130  654   -1
1130  983   -1
1130  1158  -1
1130  1498  -1
1131  844   -1
1131  858   -1
1131  870   -1
1131  942   -1
1131  1042  -1
1131  1210  -1
1132  919   -1
1132  937   -1
1132  1016  -1
1132  1048  -1
1132  1151  -1
1132  1175  -1
1133  657   -1
1133  838   -1
1133  911   -1
1133  947   -1
1133  995   -1
1133  1069  -1
1133  1117  -1
1133  1182  -1
1134  801   -1
1134  1004  -1
1134  1104  -1
1134  1206  -1
1135  623   -1
1135  632   -1
1135  685   -1
1135  853   -1
1135  896   -1
1135  901   -1
1136  663   -1
1136  835   -1
1136  982   -1
1136  1084  -1
1136  1170  -1
1137  676   -1
1137  960   -1
1137  977   -1
1137  987   -1
1137  1007  -1
1137  1032  -1
1137  1503  -1
1137  1529  -1
1138  798   -1
1138  857   -1
1138  1017  -1
1138  1120  -1
1138  1523  -1
1139  962   -1
1139  1144  -1
1139  1162  -1
1139  1212  -1
1140  807   -1
1140  836   -1
1140  934   -1
1140  987   -1
1140  1104  -1
1140  1131  -1
1140  1202  -1
1140  1218  -1
1141  585   -1
1141  856   -1
1141  1010  -1
1141  1097  -1
1141  1139  -1
1141  1159  -1
1141  1177  -1
1141  1539  -1
1142  911   -1
1142  957   -1
1142  970   -1
1142  1034  -1
1142  1169  -1
1143  898   -1
1143  1133  -1
1144  660   -1
1144  667   -1
1144  814   -1
1144  998   -1
1144  1112  -1
1144  1149  -1
1144  1193  -1
1144  1507  -1
1145  833   -1
1145  964   -1
1145  1022  -1
1145  1159  -1
1145  1218  -1
1146  864   -1
1147  955   -1
1147  1118  -1
1147  1187  -1
1147  1531  -1
1148  860   -1
1148  922   -1
1148  1154  -1
1148  1192  -1
1149  852   -1
1149  983   -1
1149  1002  -1
1149  1008  -1
1149  1197  -1
1150  833   -1
1150  911   -1
1150  1572  -1
1151  993   -1
1152  1033  -1
1152  1224  -1
1153  936   -1
1153  997   -1
1153  1178  -1
1153  1193  -1
1153  1250  -1
1154  630   -1
1154  846   -1
1154  986   -1
1154  1002  -1
1154  1185  -1
1155  926   -1
1155  932   -1
1155  942   -1
1156  982   -1
1156  1188  -1
1156  1535  -1
1157  652   -1
1157  988   -1
1157  1125  -1
1157  1208  -1
1157  1571  -1
1158  636   -1
1158  996   -1
1158  1016  -1
1158  1079  -1
1158  1198  -1
1158  1214  -1
1158  1554  -1
1159  792   -1
1159  812   -1
1159  845   -1
1159  1030  -1
1161  834   -1
1161  940   -1
1161  1535  -1
1162  919   -1
1162  924   -1
1162  974   -1
1162  1005  -1
1162  1043  -1
1163  658   -1
1163  949   -1
1163  986   -1
1164  957   -1
1164  1301  -1
1165  811   -1
1165  1317  -1
1166  787   -1
1167  650   -1
1168  966   -1
1168  1291  -1
1169  827   -1
1169  833   -1
1169  1226  -1
1169  1287  -1
1170  839   -1
1170  944   -1
1170  985   -1
1170  1204  -1
1171  979   -1
1171  1000  -1
1171  1273  -1
1171  1311  -1
1172  667   -1
1172  848   -1
1172  916   -1
1172  1011  -1
1173  785   -1
1174  663   -1
1174  841   -1
1174  852   -1
1174  908   -1
1175  999   -1
1175  1154  -1
1176  835   -1
1176  1295  -1
1177  848   -1
1177  946   -1
1177  972   -1
1177  1201  -1
1178  964   -1
1178  1007  -1
1179  826   -1
1179  904   -1
1180  1247  -1
1180  1315  -1
1181  950   -1
1181  969   -1
1181  979   -1
1181  1161  -1
1181  1203  -1
1182  832   -1
1182  1013  -1
1183  944   -1
1183  1019  -1
1184  654   -1
1184  981   -1
1184  1130  -1
1185  952   -1
1185  1381  -1
1186  680   -1
1186  1038  -1
1187  942   -1
1187  1026  -1
1187  1257  -1
1188  669   -1
1188  795   -1
1188  1140  -1
1188  1291  -1
1189  1002  -1
1189  1014  -1
1189  1167  -1
1189  1277  -1
1190  1109  -1
1191  783   -1
1191  1115  -1
1191  1200  -1
1192  936   -1
1192  1220  -1
1192  1255  -1
1193  1237  -1
1193  1283  -1
1194  1018  -1
1194  1174  -1
1195  825   -1
1195  1246  -1
1196  1287  -1
1196  1353  -1
1197  652   -1
1197  1126  -1
1197  1369  -1
1198  1108  -1
1198  1145  -1
1198  1281  -1
1198  1325  -1
1199  676   -1
1199  779   -1
1199  943   -1
1199  1152  -1
1199  1302  -1
1199  1348  -1
1200  959   -1
1200  1043  -1
1200  1175  -1
1201  788   -1
1201  1179  -1
1202  1167  -1
1202  1391  -1
1203  987   -1
1203  1317  -1
1204  829   -1
1204  1040  -1
1204  1282  -1
1204  1347  -1
1205  671   -1
1205  1008  -1
1205  1154  -1
1206  1002  -1
1206  1030  -1
1207  678   -1
1207  973   -1
1208  948   -1
1208  1326  -1
1209  919   -1
1209  1034  -1
1209  1131  -1
1209  1298  -1
1209  1339  -1
1210  1023  -1
1210  1098  -1
1212  962   -1
1212  1162  -1
1212  1275  -1
1212  1314  -1
1214  903   -1
1215  661   -1
1215  934   -1
1215  953   -1
1215  975   -1
1215  1352  -1
1216  962   -1
1216  1041  -1
1217  896   -1
1217  949   -1
1217  986   -1
1217  998   -1
1217  1268  -1
1218  917   -1
1218  1010  -1
1219  927   -1
1219  1070  -1
1219  1075  -1
1219  1108  -1
1219  1114  -1
1220  913   -1
1221  907   -1
1221  1094  -1
1224  962   -1
1224  1010  -1
1224  1051  -1
1224  1082  -1
1225  866   -1
1225  951   -1
1225  1092  -1
1227  1035  -1
1227  1100  -1
1227  1111  -1
1229  965   -1
1229  1071  -1
1230  674   -1
1230  953   -1
1230  1028  -1
1230  1089  -1
1230  1129  -1
1230  1324  -1
1231  928   -1
1231  1040  -1
1232  970   -1
1233  894   -1
1233  921   -1
1233  938   -1
1233  1059  -1
1235  929   -1
1236  708   -1
1236  952   -1
1236  1041  -1
1236  1170  -1
1237  947   -1
1237  990   -1
1237  997   -1
1239  966   -1
1239  1103  -1
1239  1167  -1
1240  700   -1
1240  871   -1
1240  918   -1
1240  993   -1
1241  690   -1
1241  893   -1
1241  1097  -1
1241  1268  -1
1242  1006  -1
1243  1010  -1
1244  1155  -1
1245  956   -1
1245  968   -1
1246  1096  -1
1247  1013  -1
1248  715   -1
1248  1282  -1
1249  900   -1
1249  918   -1
1249  931   -1
1249  1031  -1
1249  1055  -1
1249  1070  -1
1250  985   -1
1250  1151  -1
1250  1168  -1
1251  1390  -1
1252  954   -1
1252  995   -1
1252  1365  -1
1254  856   -1
1254  897   -1
1254  944   -1
1255  923   -1
1255  928   -1
1255  1000  -1
1255  1010  -1
1256  1005  -1
1256  1017  -1
1256  1116  -1
1257  1369  -1
1258  881   -1
1258  954   -1
1259  898   -1
1259  989   -1
1260  923   -1
1260  1143  -1
1261  874   -1
1261  1066  -1
1262  1269  -1
1262  1361  -1
1263  883   -1
1263  1117  -1
1264  991   -1
1264  1137  -1
1264  1250  -1
1264  1261  -1
1265  1027  -1
1267  892   -1
1267  1010  -1
1267  1402  -1
1269  948   -1
1269  993   -1
1269  1388  -1
1272  931   -1
1272  1130  -1
1274  905   -1
1274  924   -1
1275  875   -1
1275  889   -1
1275  914   -1
1275  918   -1
1275  1270  -1
1276  1286  -1
1277  1009  -1
1279  927   -1
1279  944   -1
1279  1024  -1
1280  882   -1
1280  897   -1
1281  1244  -1
1282  873   -1
1282  887   -1
1282  1130  -1
1283  866   -1
1284  963   -1
1284  1249  -1
1284  1255  -1
1285  958   -1
1285  1288  -1
1285  1312  -1
1285  1397  -1
1286  1021  -1
1287  1332  -1
1289  1003  -1
1289  1402  -1
1291  1356  -1
1292  760   -1
1292  818   -1
1292  902   -1
1293  886   -1
1293  1037  -1
1294  879   -1
1294  896   -1
1295  892   -1
1296  793   -1
1296  873   -1
1296  948   -1
1297  921   -1
1298  877   -1
1298  1146  -1
1299  1177  -1
1299  1242  -1
1299  1404  -1
1300  885   -1
1300  958   -1
1301  890   -1
1301  1263  -1
1301  1295  -1
1301  1368  -1
1302  972   -1
1303  933   -1
1303  1162  -1
1303  1178  -1
1304  1034  -1
1304  1392  -1
1305  805   -1
1305  954   -1
1305  1381  -1
1306  1250  -1
1306  1360  -1
1307  1218  -1
1309  902   -1
1309  979   -1
1309  1341  -1
1311  877   -1
1311  1367  -1
1312  963   -1
1312  1390  -1
1313  882   -1
1313  901   -1
1313  1301  -1
1314  1018  -1
1316  915   -1
1316  963   -1
1316  968   -1
1316  1336  -1
1316  1407  -1
1317  996   -1
1317  1370  -1
1318  835   -1
1319  1386  -1
1320  814   -1
1321  949   -1
1321  1050  -1
1322  889   -1
1322  1417  -1
1323  980   -1
1323  1376  -1
1325  1243  -1
1326  1291  -1
1327  971   -1
1327  991   -1
1327  1230  -1
1328  1373  -1
1330  1177  -1
1331  960   -1
1331  1379  -1
1331  1408  -1
1332  878   -1
1332  1014  -1
1332  1393  -1
1333  813   -1
1333  883   -1
1333  967   -1
1333  978   -1
1333  997   -1
1333  1245  -1
1334  914   -1
1335  1010  -1
1335  1240  -1
1336  898   -1
1336  1308  -1
1338  864   -1
1338  1207  -1
1339  963   -1
1340  1229  -1
1343  1153  -1
1343  1213  -1
1344  985   -1
1345  1231  -1
1347  880   -1
1347  993   -1
1348  1035  -1
1349  894   -1
1349  1024  -1
1350  1052  -1
1350  1240  -1
1350  1249  -1
1351  855   -1
1352  1005  -1
1352  1320  -1
1353  1086  -1
1353  1262  -1
1354  870   -1
1354  876   -1
1354  897   -1
1358  864   -1
1360  890   -1
1362  1141  -1
1362  1223  -1
1362  1380  -1
1364  936   -1
1365  1393  -1
1367  1043  -1
1368  965   -1
1370  931   -1
1371  914   -1
1371  926   -1
1373  1120  -1
1375  1409  -1
1376  927   -1
1376  973   -1
1377  949   -1
1377  1037  -1
1377  1286  -1
1377  1377  -1
1378  1400  -1
1380  1054  -1
1380  1386  -1
1382  996   -1
1384  1268  -1
1384  1290  -1
1387  995   -1
1387  1287  -1
1388  962   -1
1391  984   -1
1393  1088  -1
1395  986   -1
1396  998   -1
1398  956   -1
1399  991   -1
1399  1002  -1
1402  1168  -1
1405  1199  -1
1405  1334  -1
1407  1021  -1
1407  1193  -1
1410  1010  -1
1410  1156  -1
1414  1030  -1
1418  1051  -1
1418  1069  -1
1418  1239  -1
1418  1379  -1
1420  1021  -1
1420  1026  -1
1420  1057  -1
1421  1252  -1
1422  1211  -1
1423  1086  -1
1424  1028  -1
1424  1048  -1
1425  1094  -1
1426  1214  -1
1426  1229  -1
1427  1071  -1
1427  1225  -1
1429  1105  -1
1430  1046  -1
1430  1059  -1
1431  1033  -1
1431  1233  -1
1432  1028  -1
1432  1084  -1
1433  1118  -1
1435  1074  -1
1436  1114  -1
1436  1233  -1
1438  1105  -1
1442  1082  -1
1442  1114  -1
1442  1143  -1
1443  1125  -1
1444  1266  -1
1445  1083  -1
1445  1103  -1
1447  1273  -1
1448  1121  -1
1448  1141  -1
1448  1261  -1
1450  1081  -1
1450  1144  -1
1450  1254  -1
1451  1126  -1
1453  1151  -1
1454  1105  -1
1454  1245  -1
1456  1285  -1
1457  1122  -1
1457  1281  -1
1458  1274  -1
1461  1145  -1
1462  1265  -1
1462  1273  -1
1463  1150  -1
1465  1156  -1
1466  1300  -1
1470  1495  -1
1471  1320  -1
1472  1506  -1
1473  1444  -1
1474  1502  -1
1477  1298  -1
1479  1497  -1
1480  1305  -1
1480  1379  -1
1484  1328  -1
1486  1332  -1
1487  1381  -1
1492  1336  -1
1493  1300  -1
1497  1365  -1
1498  1378  -1
1498  1396  -1
1499  1381  -1
1501  1376  -1
1504  1426  -1
1505  1430  -1
1505  1441  -1
1506  1330  -1
1508  1365  -1
1509  1355  -1
1509  1370  -1
1514  1335  -1
1515  1374  -1
147   1403  -1
217   1484  -1
222   1481  -1
545   838   -1
564   819   -1
566   1101  -1
568   1084  -1
569   700   -1
578   865   -1
581   878   -1
581   894   -1
583   692   -1
587   834   -1
588   971   -1
589   656   -1
592   1076  -1
593   876   -1
595   982   -1
596   816   -1
600   1056  -1
600   631   -1
600   828   -1
600   871   -1
603   849   -1
603   945   -1
605   811   -1
604   910   -1
607   742   -1
611   745   -1
611   968   -1
615   882   -1
616   843   -1
617   873   -1
620   1060  -1
621   907   -1
621   1027  -1
623   733   -1
628   724   -1
632   974   -1
635   725   -1
634   1068  -1
635   1081  -1
635   1060  -1
638   772   -1
638   799   -1
639   929   -1
638   1045  -1
639   1091  -1
639   997   -1
642   716   -1
642   963   -1
643   890   -1
643   954   -1
645   612   -1
648   964   -1
648   1005  -1
649   951   -1
650   988   -1
653   714   -1
652   797   -1
653   844   -1
658   742   -1
656   739   -1
664   609   -1
664   847   -1
668   758   -1
671   834   -1
671   570   -1
671   874   -1
675   888   -1
677   794   -1
677   902   -1
677   589   -1
678   1068  -1
679   613   -1
680   568   -1
680   693   -1
681   708   -1
683   973   -1
683   1060  -1
686   1059  -1
686   715   -1
685   1046  -1
685   1064  -1
687   927   -1
686   986   -1
687   1008  -1
688   901   -1
689   962   -1
689   1054  -1
690   1070  -1
691   586   -1
691   893   -1
692   969   -1
692   1109  -1
693   950   -1
694   1087  -1
695   1112  -1
697   1033  -1
697   645   -1
697   855   -1
698   914   -1
700   900   -1
700   995   -1
701   1107  -1
705   1063  -1
706   999   -1
707   1032  -1
709   549   -1
710   1131  -1
711   1024  -1
711   1122  -1
712   734   -1
713   991   -1
715   728   -1
716   646   -1
718   932   -1
717   1075  -1
721   1050  -1
726   1015  -1
725   786   -1
727   1004  -1
724   1003  -1
725   1089  -1
725   1138  -1
726   933   -1
727   774   -1
727   986   -1
728   700   -1
728   831   -1
729   1056  -1
730   551   -1
730   729   -1
732   989   -1
733   950   -1
733   818   -1
734   929   -1
734   1121  -1
740   585   -1
742   653   -1
741   974   -1
741   1002  -1
744   951   -1
745   1098  -1
746   750   -1
746   872   -1
746   741   -1
750   945   -1
750   509   -1
750   993   -1
751   1102  -1
752   1022  -1
754   1046  -1
757   892   -1
758   1135  -1
759   853   -1
758   960   -1
759   989   -1
761   636   -1
761   973   -1
762   1139  -1
762   797   -1
763   728   -1
765   894   -1
768   743   -1
766   944   -1
766   813   -1
766   964   -1
767   805   -1
767   960   -1
769   700   -1
770   934   -1
769   1160  -1
770   1044  -1
772   880   -1
771   998   -1
772   1155  -1
772   856   -1
775   825   -1
774   1050  -1
774   1067  -1
775   919   -1
775   981   -1
777   839   -1
777   1132  -1
778   744   -1
778   982   -1
779   1165  -1
779   589   -1
780   1079  -1
780   1189  -1
782   772   -1
783   1135  -1
785   758   -1
784   882   -1
785   948   -1
784   999   -1
785   972   -1
786   723   -1
787   576   -1
789   702   -1
790   492   -1
790   760   -1
789   805   -1
790   836   -1
790   923   -1
790   1174  -1
791   952   -1
790   1080  -1
792   930   -1
792   1171  -1
794   477   -1
794   972   -1
794   1139  -1
796   901   -1
797   593   -1
797   692   -1
799   690   -1
797   914   -1
800   913   -1
801   573   -1
800   883   -1
800   978   -1
802   632   -1
802   596   -1
802   940   -1
804   873   -1
804   879   -1
804   1109  -1
805   709   -1
806   897   -1
809   1072  -1
808   1196  -1
810   725   -1
811   934   -1
811   1180  -1
810   1211  -1
811   967   -1
812   996   -1
812   1133  -1
812   1184  -1
816   706   -1
812   836   -1
812   949   -1
812   1000  -1
813   1225  -1
813   920   -1
814   1173  -1
816   760   -1
817   963   -1
819   786   -1
822   986   -1
824   590   -1
827   625   -1
827   894   -1
826   903   -1
827   703   -1
827   1114  -1
828   1167  -1
830   465   -1
829   593   -1
829   766   -1
830   982   -1
829   1229  -1
830   570   -1
831   600   -1
832   875   -1
832   942   -1
833   1227  -1
833   908   -1
834   911   -1
835   486   -1
835   995   -1
836   760   -1
840   774   -1
839   876   -1
841   602   -1
840   642   -1
840   846   -1
841   946   -1
842   593   -1
843   1155  -1
843   1211  -1
844   765   -1
845   827   -1
845   847   -1
846   695   -1
846   1140  -1
847   632   -1
847   781   -1
847   1146  -1
849   591   -1
848   1016  -1
850   688   -1
849   696   -1
851   845   -1
850   891   -1
851   972   -1
850   977   -1
850   991   -1
851   1056  -1
852   786   -1
851   1152  -1
851   1156  -1
852   1168  -1
853   580   -1
853   652   -1
853   1206  -1
854   1222  -1
856   614   -1
859   855   -1
859   712   -1
858   726   -1
859   776   -1
863   842   -1
863   1109  -1
865   767   -1
865   708   -1
866   1185  -1
867   962   -1
868   1037  -1
867   1127  -1
868   655   -1
870   480   -1
870   712   -1
869   718   -1
870   1235  -1
870   606   -1
870   841   -1
871   1002  -1
870   1168  -1
879   572   -1
876   571   -1
872   747   -1
871   826   -1
872   683   -1
873   1241  -1
875   485   -1
874   523   -1
875   546   -1
874   1109  -1
876   526   -1
875   691   -1
877   568   -1
878   714   -1
878   543   -1
878   634   -1
879   693   -1
879   921   -1
880   575   -1
881   735   -1
880   911   -1
881   1073  -1
880   1181  -1
881   799   -1
883   909   -1
883   941   -1
882   1023  -1
883   1235  -1
883   1055  -1
883   1076  -1
884   787   -1
885   818   -1
884   1125  -1
885   803   -1
885   1019  -1
887   462   -1
887   695   -1
887   533   -1
887   814   -1
888   734   -1
888   905   -1
889   968   -1
888   992   -1
889   581   -1
891   1014  -1
891   574   -1
893   741   -1
892   1069  -1
894   710   -1
895   1113  -1
894   1221  -1
896   838   -1
896   1207  -1
897   834   -1
898   524   -1
900   661   -1
900   658   -1
900   801   -1
901   813   -1
902   647   -1
903   1169  -1
903   747   -1
903   1057  -1
903   1156  -1
905   699   -1
908   853   -1
908   1093  -1
907   1116  -1
908   998   -1
909   664   -1
912   713   -1
910   595   -1
910   754   -1
910   769   -1
911   785   -1
911   553   -1
912   1229  -1
913   1108  -1
912   1197  -1
914   737   -1
915   724   -1
917   726   -1
915   1226  -1
916   656   -1
915   1127  -1
916   1003  -1
916   1162  -1
917   901   -1
920   821   -1
920   551   -1
920   712   -1
923   756   -1
923   990   -1
923   898   -1
924   1012  -1
924   874   -1
925   579   -1
926   602   -1
927   782   -1
927   1238  -1
927   858   -1
928   919   -1
931   604   -1
931   667   -1
930   975   -1
931   1168  -1
933   1137  -1
933   879   -1
934   907   -1
933   1047  -1
934   1183  -1
934   1241  -1
935   852   -1
936   945   -1
935   1093  -1
939   730   -1
939   879   -1
940   1082  -1
940   1184  -1
942   579   -1
942   1099  -1
942   744   -1
942   752   -1
945   1186  -1
946   705   -1
946   932   -1
946   987   -1
946   1233  -1
948   715   -1
947   1236  -1
948   923   -1
950   1234  -1
950   1071  -1
951   485   -1
953   1233  -1
953   1281  -1
955   989   -1
955   584   -1
955   755   -1
956   908   -1
955   1101  -1
957   668   -1
956   1256  -1
958   813   -1
959   834   -1
958   969   -1
958   1284  -1
960   1080  -1
961   474   -1
961   910   -1
961   932   -1
961   1023  -1
963   1238  -1
963   612   -1
966   586   -1
966   1003  -1
968   567   -1
967   712   -1
968   1240  -1
969   1157  -1
970   648   -1
970   761   -1
970   882   -1
971   1215  -1
971   853   -1
972   1060  -1
971   1222  -1
972   1305  -1
975   656   -1
973   702   -1
974   644   -1
975   760   -1
974   833   -1
977   800   -1
977   844   -1
976   901   -1
976   997   -1
977   691   -1
978   899   -1
978   1110  -1
981   868   -1
978   870   -1
979   697   -1
980   788   -1
980   846   -1
981   900   -1
982   570   -1
982   689   -1
982   669   -1
982   943   -1
982   1267  -1
985   823   -1
986   861   -1
986   881   -1
985   982   -1
986   482   -1
986   525   -1
986   543   -1
986   792   -1
987   872   -1
987   925   -1
988   569   -1
989   640   -1
989   821   -1
988   849   -1
989   860   -1
990   1130  -1
991   943   -1
990   1286  -1
992   865   -1
991   893   -1
991   904   -1
991   1217  -1
992   1001  -1
993   727   -1
993   1094  -1
994   537   -1
995   732   -1
994   969   -1
995   966   -1
995   1108  -1
995   963   -1
996   1310  -1
996   595   -1
996   753   -1
999   904   -1
997   906   -1
999   495   -1
998   1036  -1
998   1046  -1
1000  835   -1
1000  877   -1
999   998   -1
1002  1000  -1
999   1215  -1
999   1236  -1
1001  964   -1
1000  991   -1
1002  750   -1
1001  872   -1
1001  1289  -1
1002  707   -1
1003  605   -1
1005  1146  -1
1007  995   -1
1007  981   -1
1009  758   -1
1009  876   -1
1009  552   -1
1009  963   -1
1010  960   -1
1009  971   -1
1010  745   -1
1010  941   -1
1010  955   -1
1011  980   -1
1011  544   -1
1011  899   -1
1013  687   -1
1012  810   -1
1014  927   -1
1014  851   -1
1014  930   -1
1014  1293  -1
1015  951   -1
1015  1053  -1
1015  1304  -1
1016  664   -1
1017  675   -1
1018  865   -1
1017  894   -1
1017  1063  -1
1017  1126  -1
1017  1311  -1
1019  656   -1
1020  852   -1
1020  621   -1
1020  1082  -1
1022  931   -1
1022  761   -1
1023  917   -1
1022  971   -1
1024  984   -1
1025  871   -1
1026  690   -1
1026  1310  -1
1026  1038  -1
1026  1108  -1
1027  1064  -1
1027  1306  -1
1029  548   -1
1028  964   -1
1030  1095  -1
1030  962   -1
1030  1006  -1
1031  881   -1
1034  881   -1
1031  922   -1
1033  628   -1
1034  891   -1
1034  957   -1
1034  1018  -1
1034  724   -1
1035  820   -1
1035  1220  -1
1036  699   -1
1036  633   -1
1037  1083  -1
1037  854   -1
1038  625   -1
1038  1007  -1
1042  568   -1
1039  569   -1
1040  610   -1
1039  1039  -1
1040  1323  -1
1041  676   -1
1041  1036  -1
1041  1238  -1
1041  1242  -1
1042  1025  -1
1043  825   -1
1044  994   -1
1044  622   -1
1044  1049  -1
1046  512   -1
1045  865   -1
1047  985   -1
1046  992   -1
1047  1032  -1
1047  853   -1
1049  680   -1
1048  1098  -1
1049  901   -1
1049  1011  -1
1055  718   -1
1052  832   -1
1052  876   -1
1052  911   -1
1053  1105  -1
1053  1379  -1
1053  1059  -1
1055  868   -1
1055  943   -1
1056  965   -1
1055  1250  -1
1056  647   -1
1057  837   -1
1057  970   -1
1056  1073  -1
1061  824   -1
1058  1265  -1
1059  641   -1
1059  848   -1
1058  893   -1
1058  1039  -1
1058  1068  -1
1059  1107  -1
1060  907   -1
1060  1382  -1
1062  616   -1
1063  855   -1
1063  993   -1
1063  1008  -1
1064  790   -1
1065  916   -1
1064  1064  -1
1064  1412  -1
1066  932   -1
1066  981   -1
1067  836   -1
1066  849   -1
1066  1358  -1
1068  893   -1
1070  903   -1
1067  904   -1
1067  1045  -1
1069  614   -1
1069  874   -1
1069  1350  -1
1071  507   -1
1072  1064  -1
1074  657   -1
1074  940   -1
1075  759   -1
1076  781   -1
1076  784   -1
1075  1093  -1
1076  613   -1
1077  830   -1
1076  837   -1
1077  844   -1
1078  1056  -1
1078  642   -1
1081  643   -1
1078  876   -1
1079  1028  -1
1079  1073  -1
1081  846   -1
1081  941   -1
1081  981   -1
1080  1052  -1
1081  602   -1
1082  798   -1
1087  1220  -1
1089  653   -1
1088  1423  -1
1090  511   -1
1093  512   -1
1091  688   -1
1091  864   -1
1090  969   -1
1090  1022  -1
1092  938   -1
1092  984   -1
1092  1408  -1
1091  1414  -1
1092  669   -1
1092  914   -1
1093  736   -1
1094  941   -1
1097  610   -1
1103  958   -1
1102  744   -1
1102  804   -1
1102  1022  -1
1103  1036  -1
1104  903   -1
1105  946   -1
1105  1009  -1
1106  1038  -1
1106  669   -1
1107  746   -1
1106  1050  -1
1108  513   -1
1108  646   -1
1107  867   -1
1108  940   -1
1107  1027  -1
1110  1101  -1
1108  1103  -1
1112  1103  -1
1112  1121  -1
1108  1273  -1
1109  687   -1
1108  922   -1
1109  895   -1
1110  608   -1
1110  836   -1
1110  997   -1
1110  1006  -1
1111  970   -1
1112  1220  -1
1112  1227  -1
1113  709   -1
1114  846   -1
1114  981   -1
1114  1154  -1
1114  1075  -1
1115  956   -1
1115  1082  -1
1115  1093  -1
1116  865   -1
1116  910   -1
1116  1429  -1
1117  1138  -1
1122  1158  -1
1119  1157  -1
1119  1444  -1
1119  1447  -1
1119  539   -1
1119  877   -1
1119  986   -1
1119  1010  -1
1120  1148  -1
1120  1436  -1
1120  1439  -1
1119  1473  -1
1121  899   -1
1122  928   -1
1123  917   -1
1124  1112  -1
1124  1122  -1
1126  819   -1
1125  979   -1
1127  811   -1
1126  951   -1
1127  1024  -1
1127  1027  -1
1127  1047  -1
1128  804   -1
1129  1074  -1
1134  1141  -1
1129  1141  -1
1129  1135  -1
1128  1199  -1
1130  809   -1
1129  1083  -1
1130  975   -1
1132  973   -1
1131  1459  -1
1132  964   -1
1132  1090  -1
1131  1235  -1
1134  971   -1
1136  1056  -1
1133  1055  -1
1133  1120  -1
1135  1163  -1
1134  1187  -1
1135  906   -1
1136  1239  -1
1137  1232  -1
1137  608   -1
1138  956   -1
1139  1154  -1
1141  1039  -1
1141  917   -1
1143  915   -1
1143  922   -1
1143  945   -1
1144  1030  -1
1143  1083  -1
1145  990   -1
1145  1122  -1
1147  605   -1
1146  653   -1
1146  827   -1
1147  947   -1
1147  1028  -1
1148  1014  -1
1148  1135  -1
1148  1204  -1
1149  1201  -1
1150  628   -1
1150  902   -1
1149  1047  -1
1151  640   -1
1153  833   -1
1153  1512  -1
1154  978   -1
1156  882   -1
1156  839   -1
1158  841   -1
1157  906   -1
1156  910   -1
1158  1023  -1
1158  1088  -1
1160  1009  -1
1163  998   -1
1165  996   -1
1163  1078  -1
1165  979   -1
1165  1012  -1
1167  1009  -1
1166  1234  -1
1167  1065  -1
1169  656   -1
1168  926   -1
1169  822   -1
1171  994   -1
1171  1069  -1
1171  962   -1
1173  1021  -1
1174  1219  -1
1180  929   -1
1176  955   -1
1176  987   -1
1178  840   -1
1179  940   -1
1179  795   -1
1182  935   -1
1182  986   -1
1183  996   -1
1182  1144  -1
1182  1272  -1
1184  650   -1
1184  1000  -1
1185  845   -1
1184  1240  -1
1185  645   -1
1186  792   -1
1187  987   -1
1188  1174  -1
1188  1368  -1
1189  1131  -1
1189  1222  -1
1189  835   -1
1190  1394  -1
1193  778   -1
1193  892   -1
1196  835   -1
1195  1165  -1
1195  1241  -1
1195  1264  -1
1196  932   -1
1196  1011  -1
1197  1004  -1
1198  1205  -1
1199  831   -1
1199  1016  -1
1200  917   -1
1202  922   -1
1202  964   -1
1201  1219  -1
1205  942   -1
1205  1174  -1
1206  659   -1
1208  1313  -1
1208  1278  -1
1212  680   -1
1213  1157  -1
1214  853   -1
1213  898   -1
1214  943   -1
1215  1049  -1
1215  1086  -1
1215  1309  -1
1218  843   -1
1219  854   -1
1219  971   -1
1218  1325  -1
1221  944   -1
1222  1037  -1
1221  1342  -1
1224  696   -1
1224  1305  -1
1225  1002  -1
1225  690   -1
1226  970   -1
1227  888   -1
1228  910   -1
1228  932   -1
1228  983   -1
1230  663   -1
1229  940   -1
1229  1145  -1
1230  666   -1
1231  1272  -1
1234  903   -1
1234  1320  -1
1236  1068  -1
1238  864   -1
1240  1349  -1
1243  1320  -1
1244  1027  -1
1246  1101  -1
1248  1132  -1
1248  1079  -1
1249  949   -1
1252  988   -1
1253  905   -1
1253  1128  -1
1253  1268  -1
1255  1041  -1
1255  1027  -1
1263  934   -1
1259  1284  -1
1259  1226  -1
1261  1027  -1
1263  1087  -1
1261  1089  -1
1265  751   -1
1266  918   -1
1266  980   -1
1267  727   -1
1271  1127  -1
1272  1409  -1
1274  1398  -1
1275  985   -1
1276  1000  -1
1278  765   -1
1279  1331  -1
1279  886   -1
1283  1409  -1
1283  907   -1
1286  914   -1
1284  916   -1
1287  784   -1
1287  763   -1
1289  1138  -1
1290  775   -1
1291  932   -1
1294  941   -1
1294  1000  -1
1296  1161  -1
1299  1349  -1
1301  806   -1
1300  1232  -1
1303  785   -1
1303  985   -1
1306  896   -1
1307  798   -1
1306  1402  -1
1310  848   -1
1308  914   -1
1308  1186  -1
1308  1208  -1
1309  1277  -1
1310  796   -1
1314  823   -1
1315  1416  -1
1315  860   -1
1317  1000  -1
1317  1191  -1
1318  1361  -1
1321  1255  -1
1323  844   -1
1323  1319  -1
1325  909   -1
1326  1197  -1
1328  1308  -1
1332  1207  -1
1334  820   -1
1336  990   -1
1338  837   -1
1339  853   -1
1339  1218  -1
1340  980   -1
1341  1248  -1
1341  1194  -1
1344  1192  -1
1351  910   -1
1354  1154  -1
1359  1372  -1
1360  1015  -1
1365  1019  -1
1365  1091  -1
1367  953   -1
1368  1216  -1
1371  1016  -1
1375  1246  -1
1376  1228  -1
1379  1150  -1
1382  1043  -1
1382  1046  -1
1383  980   -1
1386  1299  -1
1386  1296  -1
1390  1002  -1
1399  1025  -1
1409  1054  -1
1411  1190  -1
1413  1044  -1
1415  1021  -1
1416  1218  -1
1415  1358  -1
1416  1035  -1
1416  1176  -1
1419  1219  -1
1423  1397  -1
1426  1054  -1
1428  1389  -1
1427  1393  -1
1439  1126  -1
1443  1129  -1
1444  1382  -1
1448  1278  -1
1449  1085  -1
1449  1090  -1
1452  1137  -1
1455  1113  -1
1456  1238  -1
1459  1139  -1
1461  1155  -1
1462  1163  -1
1472  1481  -1
1476  1469  -1
1483  1287  -1
1490  1309  -1
1500  1370  -1
545   844   0
546   844   0
614   892   1
613   892   1
660   605   2
664   606   2
662   605   2
678   1048  3
678   1047  3
697   1076  4
699   1075  4
734   1085  5
732   1086  5
747   698   6
746   697   6
790   1132  7
791   1132  7
841   795   8
843   794   8
954   535   9
953   535   9
955   535   9
966   966   10
965   966   10
977   837   11
976   836   11
978   837   11
979   907   12
980   909   12
1011  1290  13
1012  1289  13
1042  883   14
1042  885   14
1052  566   15
1051  566   15
1063  885   16
1065  884   16
1075  898   17
1074  896   17
1117  860   18
1117  862   18
1118  860   18
1135  1096  19
1134  1094  19
1144  850   20
1144  851   20
1146  940   21
1144  939   21
1190  1213  22
1191  1212  22
545   735   23
544   736   23
558   874   24
556   873   24
566   888   25
566   888   25
572   858   26
573   859   26
574   808   27
574   809   27
576   857   28
576   856   28
585   906   29
586   906   29
591   955   30
591   955   30
596   668   31
597   667   31
602   928   32
601   928   32
604   1066  33
605   1066  33
605   1051  34
605   1051  34
609   883   35
611   883   35
611   1059  36
609   1059  36
620   852   37
619   851   37
624   1007  38
622   1007  38
625   806   39
625   805   39
630   833   40
632   833   40
645   744   41
644   743   41
649   767   42
651   770   42
651   768   42
651   772   42
651   1054  43
649   1054  43
652   599   44
651   598   44
666   968   45
666   968   45
666   966   45
676   928   46
677   928   46
676   928   46
677   928   46
676   927   46
678   928   46
674   927   46
678   930   46
676   1042  47
676   1043  47
683   835   48
681   834   48
683   700   49
682   699   49
684   1017  50
685   1016  50
686   923   51
685   921   51
690   1049  52
688   1048  52
688   911   53
688   911   53
689   767   54
688   766   54
690   1091  55
691   1089  55
691   926   56
691   928   56
693   1070  57
693   1070  57
693   1070  57
693   1070  57
693   1070  57
693   1070  57
693   1070  57
693   1070  57
693   1070  57
694   1071  57
693   1070  57
694   1071  57
693   1070  57
696   1070  57
699   1054  58
699   1054  58
700   1052  58
700   648   59
701   648   59
702   1007  60
702   1007  60
702   1006  60
702   1007  60
705   1008  61
705   1007  61
702   702   62
701   703   62
710   886   63
710   886   63
709   886   63
710   886   63
709   886   63
710   886   63
709   886   63
711   886   63
709   887   63
710   885   63
712   886   63
708   886   63
712   888   63
709   888   63
710   885   63
707   886   63
712   886   63
708   1118  64
708   1118  64
709   1075  65
709   1076  65
711   694   66
710   695   66
714   1094  67
712   1094  67
713   1080  68
713   1079  68
715   1106  69
715   1106  69
715   1066  70
715   1066  70
718   692   71
717   692   71
719   935   72
720   936   72
720   938   72
719   944   73
720   944   73
722   1018  74
723   1016  74
724   708   75
725   706   75
723   968   76
723   968   76
724   1131  77
724   1131  77
725   1043  78
724   1044  78
725   1103  79
725   1103  79
726   1101  79
725   1145  80
724   1144  80
728   961   81
727   960   81
728   958   81
728   973   82
729   974   82
731   1090  83
730   1089  83
732   1091  83
729   1089  83
728   1087  83
730   899   84
731   901   84
731   890   85
733   891   85
731   889   85
732   1127  86
734   1127  86
737   912   87
737   913   87
737   912   87
737   913   87
737   912   87
737   913   87
736   912   87
738   912   87
735   912   87
739   914   87
735   914   87
733   911   87
739   912   87
736   520   88
736   520   88
735   545   89
736   546   89
737   1142  90
735   1142  90
737   1093  91
736   1091  91
738   987   92
738   987   92
739   552   93
738   552   93
739   1156  94
740   1157  94
742   567   95
742   568   95
743   899   96
742   900   96
743   936   97
743   938   97
747   1129  98
747   1128  98
751   810   99
751   809   99
751   877   100
750   877   100
754   1150  101
754   1150  101
753   1149  101
756   1150  101
752   1149  101
755   1149  101
751   1149  101
757   1107  102
756   1106  102
758   1168  103
757   1170  103
759   502   104
759   502   104
759   1018  105
759   1017  105
762   554   106
761   553   106
763   1124  107
763   1124  107
763   1124  107
762   1125  107
761   1123  107
765   1124  107
762   1147  108
762   1147  108
764   990   109
764   990   109
764   990   109
766   741   110
768   740   110
766   1042  111
767   1042  111
766   1136  112
765   1137  112
768   874   113
768   874   113
767   874   113
769   491   114
769   492   114
769   611   115
768   611   115
775   988   116
775   988   116
775   492   117
776   493   117
777   577   118
777   577   118
778   577   118
776   577   118
779   1034  119
779   1034  119
779   1034  119
779   1034  119
778   1035  119
777   1034  119
781   635   120
780   634   120
781   877   121
781   879   121
783   469   122
785   470   122
784   1013  123
784   1013  123
784   709   124
785   708   124
789   793   125
789   793   125
790   610   126
789   609   126
790   903   127
789   904   127
791   1154  128
791   1154  128
791   1154  128
791   1154  128
793   1152  129
793   1152  129
793   866   130
793   866   130
792   866   130
793   866   130
792   867   130
793   630   131
794   630   131
792   1145  132
794   1145  132
794   961   133
794   961   133
795   931   134
795   931   134
797   766   135
796   767   135
798   754   136
798   754   136
802   901   137
801   900   137
801   901   137
803   899   137
800   987   138
801   987   138
802   800   139
802   801   139
802   823   140
802   823   140
804   1156  141
804   1156  141
804   468   142
805   468   142
805   1163  143
804   1161  143
812   1041  144
812   1040  144
813   705   145
812   706   145
813   708   145
813   958   146
814   957   146
814   928   147
816   929   147
814   1033  148
816   1034  148
816   1036  148
816   582   149
815   582   149
815   1006  150
816   1005  150
816   486   151
817   485   151
817   742   152
817   743   152
819   720   153
819   721   153
821   720   153
818   876   154
819   877   154
820   1204  155
820   1205  155
819   1204  155
821   1125  156
823   1124  156
825   984   157
826   985   157
823   1211  158
823   1209  158
824   1212  158
824   962   159
824   960   159
829   1145  160
829   1145  160
829   1145  160
829   1145  160
830   1144  160
827   1143  161
827   1143  161
827   1143  161
827   1143  161
826   875   162
827   874   162
828   1024  163
828   1024  163
829   697   164
833   698   164
831   698   164
830   794   165
831   795   165
830   794   165
829   795   165
831   748   166
832   748   166
831   748   166
832   748   166
831   747   166
830   928   167
831   927   167
832   1033  168
831   1034  168
834   1015  169
832   1014  169
832   1200  170
832   1200  170
832   883   171
834   883   171
832   1001  172
832   1002  172
833   936   173
834   936   173
841   939   174
841   938   174
842   864   175
842   864   175
841   1004  176
843   1006  176
842   1005  176
845   1213  177
846   1212  177
845   1233  178
844   1234  178
846   728   179
847   729   179
849   1142  180
850   1141  180
849   594   181
851   595   181
848   767   182
848   767   182
849   935   183
848   936   183
849   864   184
850   864   184
850   883   185
851   882   185
851   969   186
853   968   186
851   561   187
852   560   187
852   738   188
853   739   188
852   766   189
853   765   189
853   1022  190
852   1023  190
855   757   191
855   757   191
857   852   192
857   852   192
856   853   192
856   1154  193
856   1155  193
859   475   194
859   473   194
859   680   195
860   679   195
860   969   196
860   968   196
860   965   196
861   966   196
860   1205  197
861   1204  197
861   980   198
860   979   198
861   616   199
862   615   199
861   825   200
862   826   200
866   1131  201
865   1131  201
867   644   202
868   644   202
873   571   203
873   572   203
872   571   203
873   572   203
873   571   203
872   571   203
873   573   203
874   574   203
873   933   204
873   933   204
874   993   205
872   992   205
874   1207  206
874   1207  206
874   592   207
876   591   207
875   1181  208
875   1181  208
875   1181  208
877   810   209
878   810   209
876   809   209
880   980   210
880   979   210
880   980   210
880   979   210
880   980   210
880   979   210
880   980   210
880   979   210
880   980   210
879   980   210
881   979   210
879   980   210
881   979   210
880   981   210
882   979   210
881   978   210
882   982   210
878   980   210
878   1176  211
879   1176  211
879   1208  212
880   1208  212
881   715   213
883   715   213
885   716   213
883   755   214
881   755   214
883   588   215
882   589   215
885   826   216
885   826   216
887   544   217
887   544   217
887   1140  218
886   1142  218
890   1101  219
890   1103  219
892   716   220
892   716   220
894   648   221
895   647   221
894   648   221
895   647   221
895   649   221
894   749   222
894   750   222
894   1094  223
895   1094  223
897   1095  223
894   470   224
894   469   224
897   744   225
898   743   225
897   1189  226
897   1189  226
900   706   227
899   705   227
900   779   228
900   780   228
901   716   229
903   717   229
901   860   230
901   860   230
901   959   231
900   958   231
902   1010  232
903   1009  232
905   475   233
906   475   233
906   942   234
907   943   234
907   672   235
906   671   235
906   1083  236
907   1082  236
909   714   237
909   714   237
909   822   238
910   823   238
909   950   239
909   949   239
910   987   240
910   988   240
912   961   241
910   961   241
913   1211  242
915   1210  242
911   1210  242
913   956   243
913   957   243
914   1070  244
915   1071  244
917   570   245
917   570   245
920   698   246
919   697   246
919   699   246
921   474   247
921   475   247
921   474   247
921   476   247
920   475   247
920   472   247
923   474   247
922   824   248
920   824   248
923   825   248
919   928   249
920   927   249
920   1155  250
920   1155  250
923   717   251
923   717   251
925   649   252
925   650   252
924   649   252
924   690   253
923   691   253
927   556   254
927   556   254
926   557   254
926   555   254
926   734   255
927   734   255
926   732   255
926   774   256
927   773   256
930   716   257
930   716   257
931   811   258
931   811   258
930   811   258
931   813   258
931   923   259
931   923   259
931   923   259
933   681   260
933   682   260
937   906   261
937   906   261
937   906   261
934   929   262
934   927   262
935   763   263
935   763   263
934   912   264
935   912   264
934   979   265
934   980   265
936   1078  266
935   1077  266
937   838   267
938   837   267
938   922   268
938   921   268
938   970   269
937   970   269
940   659   270
940   659   270
940   659   270
941   659   270
940   660   270
941   1240  271
939   1240  271
942   538   272
942   538   272
942   538   272
942   537   272
944   538   272
942   537   272
943   540   272
941   945   273
941   947   273
942   713   274
943   713   274
943   821   275
944   820   275
945   651   276
945   651   276
946   653   276
946   630   277
945   632   277
951   472   278
950   472   278
954   622   279
956   621   279
955   874   280
956   875   280
958   648   281
959   648   281
959   822   282
959   822   282
963   1033  283
963   1032  283
960   1033  284
958   1034  284
960   981   285
960   981   285
961   682   286
962   682   286
964   681   286
961   681   286
962   684   286
964   891   287
964   890   287
965   942   288
964   944   288
965   940   288
968   1149  289
966   1150  289
969   525   290
967   526   290
966   769   291
968   769   291
968   812   292
966   811   292
969   1082  293
969   1083  293
969   1018  294
969   1017  294
971   848   295
971   848   295
971   915   296
971   916   296
972   486   297
972   486   297
972   655   298
972   654   298
974   778   299
973   778   299
975   764   300
974   763   300
977   720   301
975   721   301
976   937   302
977   936   302
978   962   303
977   960   303
977   963   303
979   991   304
980   990   304
980   924   305
981   925   305
979   945   306
979   945   306
981   607   307
980   608   307
983   908   308
986   910   308
984   909   308
982   968   309
982   966   309
982   776   310
983   776   310
984   1006  311
984   1005  311
985   1292  312
984   1291  312
986   915   313
985   916   313
986   915   313
988   922   314
988   922   314
989   923   314
988   921   314
989   666   315
991   666   315
989   681   316
989   681   316
991   939   317
992   939   317
993   688   318
992   689   318
991   797   319
991   796   319
992   888   320
991   887   320
994   905   321
994   905   321
992   976   322
991   976   322
994   987   323
994   988   323
994   806   324
994   807   324
995   839   325
995   840   325
997   1010  326
997   1011  326
998   859   327
998   858   327
1000  860   327
1001  861   327
1001  863   327
999   913   328
998   913   328
998   961   329
998   962   329
1001  926   330
1002  926   330
1004  925   330
1000  926   330
1002  933   331
1000  932   331
1002  666   332
1003  666   332
1002  664   332
1002  806   333
1001  805   333
1002  1146  334
1001  1147  334
1007  1071  335
1010  1071  335
1009  1070  335
1010  671   336
1008  671   336
1009  827   337
1009  827   337
1009  967   338
1011  967   338
1008  968   338
1009  1028  339
1008  1030  339
1009  1089  340
1008  1089  340
1010  776   341
1011  777   341
1013  943   342
1014  942   342
1011  944   342
1013  832   343
1013  834   343
1012  817   344
1012  819   344
1012  821   344
1012  934   345
1013  935   345
1012  1092  346
1013  1093  346
1012  1168  347
1013  1169  347
1015  901   348
1015  901   348
1017  900   348
1015  1337  349
1014  1336  349
1015  1337  349
1015  977   350
1014  978   350
1016  857   351
1016  854   351
1016  856   351
1017  858   351
1017  920   352
1017  921   352
1019  922   352
1015  1048  353
1016  1049  353
1016  1071  354
1015  1070  354
1017  969   355
1017  969   355
1018  940   356
1017  941   356
1017  975   357
1019  975   357
1018  1052  358
1019  1053  358
1018  1112  359
1020  1112  359
1021  1119  360
1020  1119  360
1020  1121  360
1020  860   361
1021  861   361
1021  994   362
1020  993   362
1022  1288  363
1022  1287  363
1024  834   364
1024  836   364
1026  593   365
1025  593   365
1025  844   366
1025  845   366
1025  934   367
1027  935   367
1027  917   368
1027  915   368
1029  858   369
1028  857   369
1030  909   370
1028  908   370
1030  907   370
1028  1330  371
1028  1331  371
1032  706   372
1032  705   372
1032  706   372
1032  928   373
1031  927   373
1033  1171  374
1032  1171  374
1033  1171  374
1033  834   375
1034  832   375
1033  834   375
1035  832   375
1037  890   376
1038  890   376
1038  1251  377
1036  1250  377
1039  903   378
1038  901   378
1038  915   379
1038  915   379
1042  941   380
1042  941   380
1042  941   380
1042  941   380
1042  941   380
1042  941   380
1042  941   380
1042  941   380
1042  941   380
1042  941   380
1042  941   380
1042  941   380
1041  943   380
1042  941   380
1041  943   380
1042  941   380
1043  945   380
1041  941   380
1041  943   380
1043  944   380
1042  941   380
1044  945   380
1041  943   380
1042  946   380
1041  941   380
1044  945   380
1042  943   380
1042  946   380
1042  941   380
1044  945   380
1041  943   380
1042  947   380
1041  941   380
1043  943   380
1042  945   380
1042  947   380
1042  941   380
1044  945   380
1044  943   380
1041  943   380
1040  941   380
1042  947   380
1043  940   380
1042  944   380
1044  945   380
1044  943   380
1040  941   380
1041  945   380
1044  940   380
1042  947   380
1042  941   380
1039  944   380
1041  943   380
1042  939   380
1044  945   380
1044  942   380
1043  947   380
1040  940   380
1039  945   380
1044  940   380
1046  943   380
1039  942   380
1042  945   380
1039  947   380
1041  571   381
1042  572   381
1041  571   381
1042  572   381
1041  573   381
1043  571   381
1041  571   381
1043  574   381
1043  572   381
1040  574   381
1040  1356  382
1041  1357  382
1041  648   383
1041  648   383
1048  817   384
1048  817   384
1045  818   385
1045  817   385
1046  925   386
1046  925   386
1046  925   386
1046  924   386
1047  925   386
1050  1003  387
1051  1002  387
1050  748   388
1051  748   388
1050  851   389
1051  850   389
1052  648   390
1052  649   390
1052  935   391
1051  936   391
1052  971   392
1051  971   392
1051  1194  393
1052  1195  393
1053  720   394
1052  719   394
1053  674   395
1053  675   395
1055  578   396
1055  577   396
1059  822   397
1058  823   397
1058  1047  398
1058  1047  398
1059  777   399
1059  776   399
1058  921   400
1058  921   400
1058  977   401
1058  977   401
1061  1091  402
1061  1091  402
1062  1090  402
1061  1091  402
1063  1092  402
1060  1096  403
1060  1096  403
1060  1096  403
1059  951   404
1059  951   404
1060  628   405
1062  627   405
1061  976   406
1063  977   406
1063  895   407
1064  894   407
1064  926   408
1065  926   408
1064  950   409
1065  950   409
1063  952   409
1067  949   409
1065  1080  410
1063  1080  410
1066  881   411
1066  880   411
1065  881   411
1066  1236  412
1065  1238  412
1068  1235  412
1074  973   413
1072  974   413
1074  973   413
1072  906   414
1073  906   414
1075  1013  415
1075  1013  415
1075  1013  415
1075  1013  415
1075  1014  415
1075  1013  415
1075  1014  415
1075  1013  415
1076  1014  415
1075  1014  415
1077  1013  415
1075  1013  415
1073  1015  415
1078  1015  415
1075  910   416
1076  910   416
1075  1102  417
1076  1103  417
1075  1101  417
1075  743   418
1076  742   418
1076  823   419
1078  824   419
1078  930   420
1077  928   420
1077  931   420
1075  927   420
1079  928   420
1075  1033  421
1076  1032  421
1077  859   422
1077  859   422
1079  1001  423
1079  1002  423
1078  1001  423
1079  1002  423
1078  1001  423
1079  1002  423
1078  1001  423
1079  1001  423
1079  1002  423
1078  1001  423
1078  939   424
1077  941   424
1077  1194  425
1078  1196  425
1080  915   426
1079  914   426
1079  1041  427
1079  1042  427
1083  996   428
1081  997   428
1082  1086  429
1082  1087  429
1082  1416  430
1082  1415  430
1085  641   431
1086  640   431
1087  1039  432
1085  1038  432
1086  1037  432
1088  1040  432
1088  959   433
1088  959   433
1089  959   433
1087  975   434
1089  974   434
1089  1027  435
1088  1026  435
1089  1073  436
1089  1072  436
1091  845   437
1091  845   437
1091  1457  438
1091  1456  438
1093  932   439
1092  933   439
1092  931   439
1093  933   439
1093  930   439
1094  933   439
1093  809   440
1093  808   440
1095  843   441
1095  843   441
1097  846   442
1096  846   442
1096  927   443
1095  926   443
1096  922   443
1095  924   443
1098  887   444
1098  887   444
1098  887   444
1099  886   444
1098  887   444
1099  886   444
1098  887   444
1099  886   444
1098  887   444
1099  886   444
1098  887   444
1099  886   444
1098  887   444
1099  886   444
1098  887   444
1099  886   444
1098  887   444
1099  886   444
1098  888   444
1099  886   444
1099  888   444
1098  889   444
1099  886   444
1098  887   444
1098  889   444
1098  885   444
1099  888   444
1099  885   444
1096  886   444
1098  889   444
1101  887   444
1099  884   444
1096  887   444
1097  700   445
1097  701   445
1097  917   446
1098  917   446
1098  955   447
1099  956   447
1099  958   447
1101  961   448
1101  960   448
1101  961   448
1105  677   449
1105  677   449
1104  678   449
1103  996   450
1104  997   450
1106  877   451
1107  879   451
1106  876   451
1105  1084  452
1107  1084  452
1105  1262  453
1105  1261  453
1107  703   454
1108  703   454
1110  1125  455
1110  1125  455
1110  1124  455
1110  1125  455
1110  1124  455
1110  1125  455
1110  1124  455
1110  1125  455
1109  1124  455
1110  1125  455
1115  1126  455
1109  1125  455
1114  1125  455
1110  1124  455
1115  1126  455
1109  1124  455
1114  1125  455
1108  1126  455
1112  1124  455
1110  1125  455
1115  1126  455
1110  1127  455
1113  1126  455
1108  1122  455
1116  1125  455
1107  1125  455
1110  765   456
1110  766   456
1110  870   457
1110  869   457
1111  959   458
1111  959   458
1111  1078  459
1112  1077  459
1112  1223  460
1110  1223  460
1113  1010  461
1113  1009  461
1111  1011  461
1112  1057  462
1111  1056  462
1112  1149  463
1113  1149  463
1114  899   464
1113  899   464
1115  898   464
1117  1064  465
1115  1065  465
1117  1063  465
1119  1066  466
1121  1066  466
1115  684   467
1114  683   467
1117  1056  468
1117  1055  468
1117  1056  468
1116  1054  468
1117  992   469
1118  990   469
1117  993   469
1117  1087  470
1119  1086  470
1118  1089  470
1117  1070  471
1118  1069  471
1118  1103  472
1118  1101  472
1118  1161  473
1118  1161  473
1118  1168  474
1120  1168  474
1117  1170  474
1118  936   475
1118  936   475
1122  1161  476
1121  1162  476
1119  1172  477
1121  1173  477
1121  855   478
1120  853   478
1124  859   479
1126  861   479
1123  861   479
1124  859   479
1125  862   479
1121  861   479
1125  924   480
1127  923   480
1123  925   480
1125  924   480
1123  989   481
1124  990   481
1127  1180  482
1127  1180  482
1125  1179  482
1124  1178  482
1127  1180  482
1125  1034  483
1125  1037  483
1126  1035  483
1127  1034  483
1126  967   484
1128  966   484
1125  969   484
1129  879   485
1128  879   485
1129  959   486
1129  959   486
1133  1137  487
1132  1137  487
1133  1138  487
1132  1144  488
1131  1143  488
1132  1144  488
1131  1053  489
1130  1053  489
1135  1052  490
1136  1053  490
1135  1061  491
1133  1060  491
1133  1194  492
1134  1195  492
1135  1065  493
1136  1065  493
1135  1078  494
1134  1078  494
1137  848   495
1135  847   495
1137  1109  496
1135  1110  496
1138  1109  496
1139  866   497
1137  867   497
1139  866   497
1137  867   497
1141  865   497
1138  1125  498
1136  1125  498
1137  1198  499
1139  1197  499
1140  996   500
1139  996   500
1139  1070  501
1139  1069  501
1142  842   502
1142  842   502
1142  842   502
1142  842   502
1142  842   502
1143  841   502
1141  843   502
1143  841   502
1141  843   502
1142  841   502
1142  844   502
1143  843   502
1141  842   502
1142  846   502
1141  1046  503
1140  1044  503
1142  978   504
1142  977   504
1142  1522  505
1143  1522  505
1142  928   506
1143  927   506
1143  982   507
1145  981   507
1142  983   507
1146  1099  508
1146  1098  508
1145  1101  508
1146  1181  509
1146  1182  509
1147  969   510
1146  969   510
1147  1143  511
1148  1143  511
1148  1148  512
1148  1146  512
1150  1173  513
1148  1174  513
1149  1214  514
1148  1214  514
1149  1540  515
1150  1540  515
1152  970   516
1152  969   516
1153  644   517
1152  643   517
1153  922   518
1153  922   518
1160  853   519
1157  853   519
1161  852   519
1157  853   519
1160  853   519
1157  853   519
1161  852   519
1160  854   519
1157  853   519
1161  851   519
1159  854   519
1162  852   519
1157  853   519
1160  854   519
1161  851   519
1162  854   519
1157  854   519
1158  852   519
1162  852   519
1160  855   519
1160  853   519
1156  853   519
1158  851   519
1164  851   519
1158  855   519
1161  851   519
1162  854   519
1156  854   519
1164  853   519
1156  850   519
1157  977   520
1156  976   520
1159  978   520
1155  1116  521
1157  1116  521
1156  1066  522
1157  1065  522
1159  960   523
1159  960   523
1159  929   524
1159  929   524
1160  622   525
1160  621   525
1163  825   526
1163  826   526
1162  963   527
1163  962   527
1163  1089  528
1164  1088  528
1166  791   529
1166  792   529
1169  1007  530
1170  1006  530
1169  659   531
1170  659   531
1170  972   532
1170  973   532
1170  972   532
1169  973   532
1171  972   532
1171  1114  533
1170  1115  533
1171  1192  534
1172  1191  534
1171  1032  535
1171  1033  535
1173  1320  536
1173  1318  536
1175  936   537
1176  936   537
1175  936   537
1175  938   537
1176  935   537
1176  1226  538
1175  1225  538
1176  1244  539
1178  1244  539
1177  929   540
1177  929   540
1177  1038  541
1178  1040  541
1177  1037  541
1178  1018  542
1179  1019  542
1182  841   543
1181  840   543
1181  843   543
1179  1252  544
1180  1251  544
1182  991   545
1182  991   545
1181  991   545
1182  1190  546
1181  1191  546
1184  1004  547
1183  1006  547
1185  1005  547
1183  1024  548
1182  1024  548
1190  964   549
1187  962   549
1188  964   549
1190  990   550
1188  990   550
1189  1309  551
1189  1311  551
1189  656   552
1189  656   552
1191  1099  553
1191  1098  553
1190  1148  554
1190  1147  554
1194  956   555
1193  954   555
1192  955   555
1194  800   556
1195  799   556
1193  1194  557
1194  1193  557
1200  806   558
1200  806   558
1201  1009  559
1200  1010  559
1202  1011  559
1202  947   560
1202  947   560
1204  687   561
1203  687   561
1206  912   562
1205  911   562
1206  1366  563
1206  1368  563
1209  966   564
1209  966   564
1209  966   564
1208  967   564
1209  966   564
1211  924   565
1211  924   565
1215  891   566
1216  889   566
1221  1086  567
1220  1085  567
1223  992   568
1223  991   568
1222  993   568
1224  1278  569
1225  1277  569
1229  916   570
1230  916   570
1229  916   570
1231  918   570
1229  1046  571
1229  1046  571
1230  1046  571
1231  1347  572
1231  1347  572
1233  725   573
1233  726   573
1233  1143  574
1232  1144  574
1234  965   575
1234  966   575
1240  934   576
1238  935   576
1240  933   576
1240  901   577
1239  902   577
1241  1158  578
1240  1159  578
1246  1139  579
1245  1140  579
1247  1004  580
1248  1004  580
1248  1021  581
1249  1021  581
1252  1220  582
1253  1219  582
1254  1295  583
1255  1296  583
1256  1198  584
1257  1199  584
1257  1277  585
1256  1276  585
1257  1317  586
1256  1318  586
1259  727   587
1260  728   587
1260  933   588
1260  933   588
1258  932   588
1260  1005  589
1260  1006  589
1262  1157  590
1262  1157  590
1263  1215  591
1264  1214  591
1267  1368  592
1267  1370  592
1268  1035  593
1269  1035  593
1267  1279  594
1268  1279  594
1269  1167  595
1268  1168  595
1272  1051  596
1272  1052  596
1281  1291  597
1281  1291  597
1288  1133  598
1287  1133  598
1289  974   599
1289  974   599
1296  1420  600
1295  1421  600
1306  974   601
1307  975   601
1308  926   602
1308  926   602
1309  845   603
1308  845   603
1311  1057  604
1311  1056  604
1312  956   605
1312  955   605
1314  1153  606
1313  1154  606
1317  1375  607
1317  1376  607
1317  1375  607
1317  1376  607
1316  1375  607
1317  1162  608
1317  1162  608
1320  1191  609
1320  1191  609
1320  1191  609
1320  1191  609
1320  1192  609
1320  1191  609
1320  1192  609
1319  1235  610
1319  1236  610
1319  809   611
1321  809   611
1330  848   612
1330  849   612
1335  832   613
1336  832   613
1336  973   614
1336  973   614
1337  922   615
1338  923   615
1342  870   616
1343  869   616
1342  1090  617
1343  1090  617
1343  1311  618
1343  1311  618
1347  920   619
1348  921   619
1351  1234  620
1350  1233  620
1352  1353  621
1353  1351  621
1355  847   622
1354  846   622
1373  1030  623
1374  1031  623
1415  1190  624
1415  1191  624
1421  1078  625
1421  1078  625
1420  1078  625
1422  1078  625
1420  1078  625
1422  1078  625
1420  1077  625
1422  1078  625
1420  1078  625
1422  1078  625
1420  1077  625
1420  1078  625
1422  1078  625
1420  1077  625
1422  1078  625
1419  1077  625
1422  1077  625
1419  1078  625
1419  1076  625
1422  1078  625
1421  1079  625
1418  1077  625
1425  1078  625
1421  1076  625
1418  1079  625
1421  1081  625
1424  1077  625
1420  1078  625
1423  1081  625
1425  1203  626
1425  1202  626
1428  1236  627
1427  1237  627
1464  1139  628
1465  1139  628
1464  1140  628
1465  1140  628
1464  1139  628
1462  1140  628
1467  1139  628
1464  1142  628
1460  1259  629
1460  1259  629
1461  1258  629
1485  1347  630
1483  1347  630