# Filename: CLN3-561nm_416_ctrl_60x_013.tif
# Puncta radius (pixels): (1.3888888888888888, 1.3888888888888888)
# Puncta radius (nm): (150, 150)
# Cluster threshold (nm): 300
# Voxel size (nm): (108, 108)
Y     X
0     641
0     701
0     767
0     809
0     1221
2     1177
2     1630
4     839
5     1183
4     1220
5     623
5     854
6     331
6     1146
10    924
10    1171
12    1605
13    1228
14    732
14    1312
17    1162
18    148
18    474
18    845
19    494
19    1136
21    608
21    829
21    852
21    1087
22    984
22    1033
22    1298
24    789
25    538
26    667
26    902
28    240
29    859
31    1737
32    109
32    655
32    1166
33    989
33    1128
34    1588
35    782
35    1059
35    1264
36    518
36    935
37    635
37    1260
38    653
38    983
38    1244
38    1654
38    1734
39    496
39    548
39    850
39    891
39    1320
41    911
41    1546
42    605
42    1181
42    1446
43    451
44    489
44    1869
45    820
45    894
45    1655
48    1188
48    1628
49    137
49    383
49    568
49    847
49    1167
49    1496
50    739
50    823
51    938
51    1075
52    1564
53    411
54    649
54    1158
55    322
55    373
55    772
56    444
56    848
57    389
57    1029
57    1346
57    1674
59    1183
60    640
60    662
60    1153
61    671
61    1285
62    756
62    842
63    376
63    663
63    1020
63    1275
64    1184
65    314
65    424
66    525
66    673
67    925
68    360
68    1132
70    753
69    821
69    997
69    1014
69    1074
70    532
70    1683
71    1022
72    744
72    984
72    1004
73    238
73    981
74    942
75    250
75    951
75    1110
75    1344
76    278
76    675
77    456
77    948
78    936
80    604
80    928
81    725
81    915
81    1219
82    904
82    907
83    897
83    1628
83    1840
84    656
84    883
84    890
84    966
84    1552
84    1597
85    991
85    1264
86    877
86    1647
87    824
87    854
88    465
88    673
88    1311
89    747
89    1236
90    144
90    523
91    374
91    781
91    1528
92    1276
93    672
94    654
94    958
95    782
95    2001
96    1079
96    1511
98    618
98    1597
101   777
101   782
102   1850
103   726
104   495
104   575
104   1661
104   1684
106   994
107   305
108   1677
109   644
111   723
111   760
111   1014
111   1405
112   594
112   630
112   968
113   741
114   1202
114   1585
114   1701
115   505
115   697
115   874
115   1403
116   984
117   645
118   1229
119   657
119   687
120   625
120   1099
121   784
121   902
121   950
122   983
122   1688
123   606
123   1030
124   1583
125   653
125   1117
126   644
126   822
126   948
126   968
126   1195
127   1358
127   1747
128   238
128   992
129   916
129   986
129   1094
129   1565
130   295
130   665
130   1310
130   1599
131   476
131   963
132   754
132   1183
133   685
133   1084
133   1995
134   1451
135   845
135   1700
136   790
138   730
137   1691
138   444
138   1433
139   952
140   1031
141   716
142   758
143   622
143   646
143   1244
143   1480
144   576
144   1003
144   1036
146   645
146   1830
147   170
147   535
147   740
147   1665
148   845
148   966
148   1717
149   615
149   1282
150   1004
151   640
151   1291
151   1379
151   1763
152   437
152   835
152   1300
152   1364
152   1392
153   624
153   671
153   1304
155   653
155   899
156   998
156   1017
156   1108
156   1407
156   1476
157   186
157   692
157   1041
157   1461
157   1632
158   1094
159   720
159   804
159   1508
159   1523
159   1937
160   819
160   1112
160   1626
161   1194
161   1462
163   1138
164   858
166   227
165   1066
165   1955
166   647
166   1460
166   1546
167   664
167   708
168   816
168   1052
168   1071
170   617
170   676
170   926
170   1085
170   1574
171   1094
171   1535
172   1115
172   1856
173   870
173   1078
173   1482
173   1520
174   1185
174   1196
175   712
176   728
176   734
177   609
177   689
177   807
178   1034
178   1794
179   628
179   797
179   1093
180   396
180   830
181   578
181   1747
182   1368
182   1598
183   800
183   1284
184   730
184   1190
184   1593
184   1812
185   952
185   1066
185   1137
186   1127
186   1403
186   1735
187   748
187   838
187   981
187   1077
187   1375
188   764
188   1147
188   1391
189   1170
190   399
190   571
191   1187
192   842
193   804
193   962
193   1000
193   1066
193   1143
193   1312
194   817
196   623
196   1061
197   938
197   946
197   1141
197   1592
198   484
198   911
198   1132
198   1625
199   1045
199   1289
200   356
200   774
201   748
201   761
201   791
201   840
202   755
202   1245
202   1331
202   1814
203   572
203   1090
203   1178
204   263
204   712
204   867
204   888
204   920
205   777
205   1173
205   1812
205   1875
206   824
206   1296
207   817
207   1639
208   1151
209   986
210   814
211   776
211   854
212   988
212   1029
212   1163
213   1008
214   735
214   782
214   1050
214   1156
214   1507
215   415
215   532
216   1095
216   1489
217   693
217   875
217   1258
217   1764
218   743
218   847
218   893
218   904
218   930
218   957
219   734
219   1484
220   323
220   991
221   763
222   1051
222   1242
222   1508
223   968
226   383
226   1286
227   937
227   1193
227   1619
229   742
229   855
229   1042
231   723
231   760
231   843
231   989
231   1002
231   1458
232   293
233   517
233   835
235   265
235   823
236   463
236   818
236   977
237   852
237   1591
238   954
238   1488
239   554
239   995
240   1440
241   338
241   761
241   949
242   1158
242   1276
243   548
243   827
243   1486
243   1859
244   374
244   573
244   736
244   804
244   848
244   1172
244   1438
244   1654
244   1758
245   934
246   751
247   510
247   1447
247   1722
248   728
248   760
248   948
249   735
249   1292
249   1418
249   1787
250   1121
251   617
251   692
251   1126
251   1157
252   1552
253   219
253   1061
254   262
254   886
255   637
256   1013
256   1749
257   631
257   824
257   1080
257   1309
257   1354
258   624
259   1340
259   1582
260   543
261   779
261   1424
262   769
262   1459
263   691
263   1007
263   1159
264   1167
264   1234
266   776
266   783
266   801
267   949
268   404
268   687
268   1063
268   1080
268   1322
268   1786
269   1457
270   674
270   884
270   1086
270   1185
270   1534
271   591
271   1432
271   1736
272   911
272   1254
272   1791
273   406
273   715
273   1638
274   691
274   1131
275   720
275   771
275   853
275   897
275   938
275   1518
276   467
276   1183
276   1421
276   1848
277   666
277   759
277   1241
277   1275
277   1410
277   1415
277   1476
278   1144
278   1316
279   670
279   707
279   726
279   879
279   978
279   1208
280   1067
280   1171
280   1374
281   875
282   641
282   717
282   735
282   777
282   1446
284   903
284   1412
285   709
285   1473
286   360
286   676
286   808
286   1062
286   1424
287   1006
287   1180
287   1699
288   736
288   905
288   1029
288   1120
288   1143
288   1547
288   1714
289   410
289   626
289   781
289   786
290   755
290   968
290   1193
290   1370
292   705
293   916
293   1638
294   595
294   1744
295   700
295   739
295   765
296   401
296   1071
296   1387
297   758
297   904
298   681
298   820
298   1379
298   1411
298   1526
299   622
299   1368
299   1726
300   1111
300   1704
301   405
301   1208
302   833
302   1488
302   1651
303   1009
303   1015
303   1102
303   1232
303   1827
304   718
304   1133
304   1287
304   1718
304   1839
305   1411
306   1400
307   1394
307   1706
308   922
308   1027
308   1030
308   1061
308   1078
309   867
309   1162
309   1354
309   1599
310   723
310   815
310   917
310   1036
310   1074
310   1735
311   800
311   1128
312   568
312   805
312   1013
312   1123
312   1159
312   1201
313   549
313   959
313   1730
314   856
315   1020
316   890
316   896
316   944
318   924
318   1178
318   1386
318   1444
319   1482
320   470
320   806
320   1021
321   453
321   781
321   1223
321   1487
321   1610
322   843
322   1426
322   1557
323   1348
324   812
324   1437
325   1161
326   907
326   1113
326   1244
326   1442
326   1458
326   1463
327   967
328   1218
328   1403
328   1470
329   640
329   1737
330   647
330   729
330   1485
331   558
331   826
331   992
331   1270
331   1336
333   535
333   784
334   873
334   1078
334   1710
335   1727
336   827
337   706
337   1519
337   1681
338   536
338   759
338   1009
338   1123
338   1631
340   886
340   1525
341   1070
341   1168
341   1503
342   1149
342   1676
342   1736
342   1781
343   784
343   795
343   1046
343   1549
343   1776
344   883
344   978
344   1198
344   1317
344   1670
345   487
345   638
345   1635
345   1709
346   1435
346   1512
347   1111
348   1402
349   1006
349   1655
349   1771
350   513
350   1180
350   1298
350   1709
351   986
351   1026
352   628
352   837
352   1162
352   1362
352   1539
353   498
353   777
353   854
353   868
353   1436
354   926
354   1003
354   1023
354   1504
355   1036
355   1530
355   1673
356   1608
357   1105
357   1177
357   1337
357   1544
357   1639
358   807
358   885
358   1316
358   1429
358   1452
359   1006
359   1129
359   1402
360   542
360   1033
360   1184
360   1416
361   519
361   624
361   999
362   1126
362   1191
362   1274
362   1572
362   1595
362   1678
363   845
363   879
363   1099
364   1027
365   308
365   721
365   1577
365   1700
365   1725
366   962
366   1685
367   644
367   711
367   1534
368   628
368   870
368   1373
369   1415
369   1426
370   571
370   667
370   1046
370   1093
370   1440
371   539
371   852
371   968
371   973
371   1475
371   1679
372   515
372   1645
374   880
373   1424
373   1435
373   1502
374   734
374   1074
374   1721
375   956
375   1008
375   1279
375   1601
376   874
376   1129
377   708
377   1110
377   1306
377   1317
378   928
378   1358
378   1566
379   565
380   1438
380   1667
381   722
381   1047
381   1210
381   1412
381   1477
381   1533
381   1546
381   1569
381   1607
382   519
382   744
382   1349
382   1499
383   551
383   718
383   955
383   1659
384   1645
385   775
385   992
385   1681
386   506
386   767
386   934
386   1559
387   687
387   699
387   1127
387   1426
387   1638
388   1023
389   889
389   1027
389   1297
390   1607
391   915
391   1121
391   1301
391   1383
391   1702
392   517
392   973
392   1262
392   1358
393   701
393   760
393   991
393   1046
393   1313
393   1351
394   681
394   711
394   839
394   1040
394   1614
394   1642
395   722
395   725
395   770
395   986
395   1287
395   1404
396   609
396   693
396   1306
396   1679
397   710
397   836
397   957
398   1280
398   1607
399   491
399   827
399   858
399   867
399   1017
399   1076
399   1213
399   1251
400   616
400   903
400   966
400   1056
400   1585
400   1693
401   488
401   852
401   1291
401   1560
403   684
403   694
403   700
403   1010
403   1273
403   1313
403   1658
404   712
404   919
404   1030
405   876
405   944
405   1009
405   1214
405   1440
405   1595
405   1639
406   632
406   898
406   1287
407   697
407   796
407   882
407   1446
407   1601
408   871
408   955
408   1076
408   1300
408   1477
409   498
409   691
409   703
410   714
410   788
410   807
410   905
410   1452
411   879
411   1293
411   1526
411   1671
412   710
412   766
412   1458
413   727
413   1428
413   1497
413   1505
414   799
414   811
414   819
414   1591
415   574
415   701
415   739
415   758
415   786
415   1021
415   1324
416   478
416   716
416   1110
416   1421
417   842
417   1106
417   1135
418   721
418   890
418   946
418   1118
418   1526
419   768
419   812
419   865
419   881
419   962
419   971
420   1530
421   712
421   898
421   1442
421   1480
421   1591
421   1641
422   1648
423   876
423   1278
424   719
424   740
424   928
424   1036
424   1513
425   726
425   765
425   846
425   951
425   1058
425   1088
425   1222
426   831
426   837
426   864
426   1545
426   1606
426   1613
427   476
427   899
427   1174
427   1624
428   1121
428   1150
428   1189
429   437
429   468
429   735
429   825
429   1224
430   727
430   1258
431   747
431   912
431   1141
431   1182
431   1631
432   942
432   956
432   1027
432   1396
433   442
433   742
433   1407
433   1418
433   1521
433   1553
433   1656
434   759
434   873
434   1399
434   1650
434   1691
435   726
435   732
435   784
435   795
435   810
436   698
436   802
436   1066
436   1226
436   1289
437   773
437   937
437   1205
437   1672
438   485
438   735
438   1036
438   1527
439   827
439   1328
440   742
440   776
440   1032
440   1086
440   1182
440   1255
441   761
441   863
441   952
441   1198
442   421
442   815
442   1603
443   707
443   1138
443   1211
443   1299
443   1437
443   1455
443   1609
444   1078
444   1256
444   1517
445   726
445   749
445   785
445   835
445   867
445   892
445   1344
446   758
446   778
446   818
446   991
446   1277
446   1448
446   1461
446   1525
447   704
447   765
447   770
447   1149
447   1598
447   1664
448   862
448   1002
448   1125
449   412
449   1101
449   1255
450   739
450   880
450   1156
450   1310
450   1571
451   745
451   789
451   953
451   1011
451   1136
451   1236
451   1612
452   453
452   783
452   815
452   923
452   1115
453   411
453   803
453   833
453   1039
453   1059
454   731
454   1101
454   1279
454   1288
455   139
455   940
455   1221
456   885
456   893
456   902
457   819
457   925
457   981
457   1118
457   1404
457   1521
458   1509
458   1607
459   790
459   832
459   963
459   1496
460   324
460   889
460   1057
460   1435
460   1456
461   736
461   804
461   1404
461   1561
462   723
462   843
462   913
463   731
463   836
463   873
463   1120
464   1197
464   1462
464   1495
465   717
465   1021
466   1085
466   1214
466   1330
467   338
468   772
468   850
468   856
468   1194
469   893
469   985
469   1423
470   978
470   1441
471   833
471   839
471   970
471   1418
471   1502
471   1515
472   716
472   1116
472   1280
473   430
473   722
473   1101
473   1564
474   810
474   1008
474   1123
474   1491
475   1003
476   872
476   917
476   950
477   596
477   718
477   1451
478   711
478   822
478   840
478   1456
479   836
479   1396
479   1606
480   715
480   737
480   1158
480   1190
480   1301
481   854
481   945
481   1080
481   1164
482   865
482   937
482   965
482   1455
482   1494
483   826
483   883
483   1168
484   712
485   915
486   821
486   856
486   965
486   1137
486   1257
486   1614
487   806
487   1007
487   1049
487   1055
487   1198
488   404
488   727
488   1317
488   1457
488   1482
489   862
489   1021
489   1295
489   1343
489   1585
490   346
490   717
490   813
490   1092
490   1462
491   1004
491   1039
491   1056
491   1139
491   1575
492   358
492   849
492   881
493   1096
493   1134
493   1146
493   1350
493   1484
494   1197
494   1329
494   1434
495   1058
495   1068
496   281
496   664
496   995
496   1124
496   1186
496   1430
497   613
497   723
497   1136
498   820
498   975
498   1080
498   1107
498   1470
499   1540
500   846
500   1356
500   1565
501   596
501   1132
502   854
502   907
502   1008
502   1182
503   369
503   811
503   1301
504   902
505   360
505   731
505   1187
506   1102
506   1163
506   1470
507   807
507   1139
507   1560
508   804
509   1309
510   960
511   714
511   867
511   1102
512   912
512   1282
512   1378
513   1163
514   782
514   1359
514   1467
515   752
515   1039
516   1332
517   1036
517   1098
517   1555
517   1563
518   802
518   881
518   1166
519   888
519   1248
519   1268
519   1350
519   1495
520   459
520   1067
520   1245
520   1612
520   1658
521   1009
522   890
523   997
523   1275
523   1550
524   992
524   1445
525   761
525   792
525   942
525   959
525   1081
525   1092
526   928
526   1173
526   1290
526   1624
527   934
527   978
528   440
528   1046
528   1057
528   1187
528   1537
529   788
529   1379
530   1023
530   1051
531   983
532   1158
532   1322
532   1443
533   931
534   536
534   799
534   1101
534   1133
534   1165
535   784
535   876
537   790
537   1138
538   1091
538   1201
539   1157
540   1219
540   1637
541   1169
543   955
543   1174
543   1616
544   769
544   899
544   1199
544   1345
545   971
546   1403
546   1482
547   1213
548   530
548   1010
548   1129
549   792
551   764
551   983
551   1133
553   881
553   1400
554   961
554   971
554   1129
554   1326
554   1616
556   776
557   817
557   1001
557   1007
557   1333
558   756
558   934
559   924
559   957
560   1040
560   1151
561   1301
562   895
562   1032
563   769
563   1418
564   883
564   1125
564   1394
565   1279
566   1321
567   782
568   776
568   1178
569   1235
570   505
570   765
571   569
571   781
571   1127
572   905
572   1616
575   908
575   1012
575   1302
576   1432
577   1265
578   1250
579   586
579   776
579   979
579   1211
580   1114
580   1232
581   989
581   1171
582   760
582   1079
583   609
583   913
584   744
584   1144
584   1316
586   751
587   1030
587   1136
587   1268
589   635
589   1127
589   1228
590   867
590   896
591   1417
592   892
592   1039
592   1234
593   746
593   1258
594   1089
595   753
595   995
595   1038
596   1082
596   1136
596   1236
598   1026
599   970
599   1062
599   1074
600   1353
601   746
601   937
602   763
602   1081
604   514
604   1159
606   745
609   495
609   1276
610   751
610   1043
612   741
613   909
615   1175
615   1337
617   1216
618   746
619   943
619   1209
620   1650
622   1225
623   757
623   761
624   1130
624   1192
625   903
627   759
627   939
627   989
629   1272
631   1264
633   1280
634   1100
634   1683
635   1180
635   1308
636   1130
637   977
638   937
639   879
640   948
642   722
642   924
643   1056
645   857
647   1258
648   459
648   750
648   755
650   869
650   1129
650   1673
651   988
652   1092
652   1099
653   978
654   1131
656   1041
657   1258
659   448
659   984
659   1437
661   1255
662   1045
664   1119
665   889
665   1070
666   1009
666   1233
667   976
668   1193
669   432
669   919
670   1147
671   1050
672   1129
673   1701
674   975
675   1190
676   1112
677   1235
678   420
679   1209
679   1228
679   1269
680   1292
682   1713
682   1722
683   1030
684   948
684   1226
685   1214
687   1130
689   950
690   1407
690   1716
692   751
692   786
692   1085
693   1294
694   952
694   970
695   1705
696   1726
697   952
698   1044
702   912
702   1006
708   1006
709   929
709   1324
710   787
710   938
710   974
711   960
712   980
712   1719
712   1742
713   1024
715   951
715   1010
716   928
716   1642
717   792
717   937
717   1738
718   1023
719   944
721   1016
722   1073
723   1728
724   986
725   972
725   1297
727   964
729   957
729   1037
732   1058
732   1222
733   1046
735   1030
736   414
736   1001
737   825
737   1067
738   1241
738   1539
739   936
740   931
740   982
740   1756
741   1143
742   1116
743   918
743   1215
744   823
744   1085
746   1073
747   912
747   1097
748   1023
751   1462
753   1091
754   1045
755   1515
757   1749
758   819
761   980
764   1080
764   1484
768   996
770   952
770   1073
771   1031
772   967
772   1163
773   1135
773   1232
775   954
777   1001
777   1034
778   961
778   983
778   1126
781   1466
782   906
786   1027
787   973
787   1155
789   977
789   1174
790   984
790   997
791   1032
791   1037
792   1473
792   1762
793   1151
794   972
795   1002
795   1409
796   1190
798   868
798   988
800   1014
803   1041
803   1313
803   1767
804   1781
807   992
807   1011
808   954
810   841
812   1269
814   1037
817   950
818   987
822   964
823   1340
828   1026
832   1008
834   889
840   1018
846   13
846   1267
850   1780
852   1002
853   402
859   878
862   89
864   1016
865   916
866   1715
867   146
867   1043
868   396
870   1782
871   391
872   413
876   1028
876   1267
877   205
877   895
880   391
881   937
884   1018
889   1219
894   49
897   1248
900   130
902   1034
906   929
907   1754
915   1759
916   939
916   1632
920   519
920   975
924   959
924   1012
925   978
926   287
928   397
929   567
934   195
937   345
940   1592
942   1773
943   395
948   1767
949   1505
950   619
952   1213
955   1780
956   1768
957   1518
960   268
960   1568
962   354
965   348
965   396
965   2027
968   632
969   1776
969   2001
970   639
973   295
973   1551
973   1779
975   2021
976   386
976   631
978   773
979   260
984   283
984   369
984   1750
985   1209
986   1194
990   1183
991   334
991   1545
991   1763
992   1459
994   1552
995   1771
998   1773
999   322
1001  1937
1002  1930
1004  378
1006  1522
1007  349
1008  1754
1009  291
1009  1899
1011  1877
1013  319
1013  369
1013  1512
1013  1852
1015  264
1016  1928
1017  728
1019  619
1019  1735
1020  633
1020  1591
1021  354
1022  315
1022  1866
1025  1503
1025  1839
1026  1833
1027  625
1027  1728
1028  335
1029  296
1029  377
1029  1543
1029  1880
1029  1921
1030  288
1031  356
1031  1537
1031  1730
1033  1486
1035  1462
1037  1208
1038  772
1038  1756
1039  1824
1041  1744
1044  390
1046  433
1047  1418
1048  374
1049  1731
1049  1801
1050  618
1052  1410
1054  412
1055  400
1055  1511
1055  1785
1058  1717
1061  1765
1062  1578
1063  1795
1063  1820
1065  1734
1066  1689
1067  210
1067  289
1067  1376
1068  616
1068  1852
1070  1457
1071  1487
1073  1434
1073  1596
1073  1754
1075  1375
1077  1473
1077  1814
1078  1360
1078  1506
1079  1392
1080  701
1081  1676
1081  1863
1082  1399
1082  1825
1083  696
1083  706
1085  1218
1085  1435
1085  1601
1087  1582
1087  1608
1088  1496
1088  1800
1090  241
1090  1599
1091  449
1091  807
1091  1506
1092  1362
1093  330
1093  708
1094  325
1094  698
1096  1507
1097  448
1097  689
1098  1310
1099  1715
1100  299
1101  1607
1102  710
1102  729
1102  1704
1103  409
1103  447
1104  310
1105  1544
1105  1646
1106  1443
1107  607
1108  1267
1108  1668
1109  347
1109  693
1110  137
1110  256
1111  642
1113  1462
1114  1250
1116  1687
1119  285
1119  633
1120  1282
1121  485
1122  273
1122  1395
1123  1359
1124  635
1126  204
1126  1460
1127  985
1127  1305
1128  325
1128  1227
1128  1292
1129  1488
1131  186
1133  1238
1134  1419
1134  1728
1135  1447
1135  1500
1135  1716
1137  151
1137  192
1139  1647
1140  1357
1140  1369
1140  1420
1140  1457
1142  612
1142  1390
1143  316
1144  692
1144  1480
1145  1288
1147  50
1147  667
1147  955
1148  27
1148  1388
1148  1467
1150  125
1152  667
1152  1258
1153  1404
1155  303
1156  295
1157  10
1157  148
1157  572
1157  879
1157  1246
1157  1386
1158  97
1158  1421
1160  671
1161  123
1161  1313
1162  521
1162  635
1162  882
1162  1355
1164  684
1165  624
1165  715
1165  1257
1167  256
1171  634
1171  922
1171  1341
1172  48
1172  97
1173  581
1173  1648
1174  238
1174  434
1174  681
1175  733
1175  1350
1175  1367
1176  579
1177  710
1178  653
1178  674
1178  685
1179  497
1179  585
1179  661
1179  725
1180  1287
1181  742
1182  715
1183  1259
1184  925
1184  1128
1185  695
1186  275
1186  917
1187  1364
1188  270
1188  1163
1189  80
1189  265
1189  679
1189  1123
1189  1386
1191  429
1191  649
1191  1278
1193  524
1193  1211
1195  740
1195  910
1196  754
1196  1185
1197  154
1197  745
1198  241
1199  558
1200  249
1200  704
1200  1268
1201  711
1201  835
1201  848
1201  933
1201  1297
1202  643
1202  754
1202  921
1203  721
1203  1394
1204  266
1204  827
1204  1086
1206  413
1206  1225
1207  137
1207  567
1208  516
1208  629
1208  839
1209  193
1210  440
1210  638
1212  251
1212  1048
1213  232
1213  642
1215  1688
1217  646
1218  490
1218  1170
1219  203
1219  741
1220  183
1220  611
1220  639
1220  1306
1221  515
1221  765
1221  1185
1221  1193
1222  543
1222  772
1222  1067
1222  1300
1223  41
1223  473
1224  479
1224  1115
1224  1412
1225  189
1225  234
1225  1165
1227  731
1227  1135
1230  227
1230  290
1231  221
1233  292
1234  375
1234  775
1235  735
1235  1010
1235  1171
1236  427
1236  451
1237  284
1237  1222
1237  1262
1238  1150
1239  567
1239  1090
1240  288
1240  733
1240  1406
1242  402
1242  567
1243  554
1244  506
1244  542
1244  718
1245  681
1246  114
1246  979
1246  1635
1247  460
1247  807
1247  1012
1247  1041
1247  1098
1248  457
1249  166
1249  818
1250  288
1250  708
1250  713
1250  1075
1251  473
1252  434
1252  1196
1254  995
1254  1037
1255  226
1255  808
1256  390
1256  460
1256  499
1257  1129
1257  1266
1257  1393
1258  171
1258  1161
1258  1414
1259  269
1259  1031
1259  1419
1260  194
1260  618
1260  992
1261  628
1261  639
1261  1290
1262  328
1262  819
1263  402
1263  1053
1265  1249
1265  1383
1267  521
1267  1132
1269  542
1269  1061
1270  497
1271  839
1271  984
1272  385
1273  142
1273  456
1273  650
1274  283
1274  379
1276  185
1276  330
1276  415
1276  503
1276  1028
1276  1388
1277  155
1277  251
1277  1155
1277  1290
1278  565
1278  1411
1278  1654
1279  71
1279  378
1279  1210
1281  868
1283  294
1283  421
1283  1139
1284  658
1284  1279
1285  213
1285  1368
1286  433
1287  1260
1288  765
1288  1129
1290  194
1292  392
1292  583
1292  1248
1293  985
1294  524
1294  1148
1294  1166
1294  1183
1296  321
1297  142
1297  1018
1298  407
1299  605
1299  1680
1300  562
1300  875
1300  1260
1303  196
1304  161
1304  646
1305  471
1306  125
1307  149
1307  453
1307  1662
1309  419
1309  1004
1310  1301
1311  526
1312  871
1313  612
1313  1003
1314  113
1314  378
1316  128
1316  386
1317  390
1317  1258
1318  470
1320  297
1320  630
1320  975
1321  394
1322  491
1322  1117
1324  454
1325  135
1325  314
1326  169
1326  297
1327  146
1327  524
1327  1101
1328  363
1331  450
1331  944
1331  1122
1332  103
1333  1086
1334  117
1335  185
1335  223
1335  269
1335  562
1336  1402
1337  985
1337  1099
1337  1177
1340  279
1340  981
1341  159
1342  350
1342  959
1344  188
1344  1389
1345  152
1346  269
1346  585
1346  603
1346  972
1346  1393
1347  1064
1348  276
1348  430
1349  264
1349  349
1350  367
1351  129
1351  631
1351  1114
1353  270
1353  377
1353  568
1353  994
1354  292
1354  553
1355  438
1355  475
1355  518
1356  186
1356  944
1356  1249
1357  640
1358  153
1358  420
1358  460
1358  597
1359  318
1359  479
1361  285
1361  334
1361  1157
1362  483
1363  140
1363  247
1363  253
1363  594
1363  616
1364  967
1365  178
1366  103
1366  380
1366  1339
1366  1406
1368  408
1369  966
1369  1085
1370  394
1370  977
1370  1014
1370  1156
1371  205
1372  190
1372  541
1374  397
1374  495
1374  1066
1375  296
1376  985
1376  1386
1377  168
1377  287
1377  384
1377  479
1377  709
1378  212
1378  1401
1379  292
1380  441
1380  879
1381  202
1381  209
1381  279
1381  654
1381  1021
1381  1024
1382  271
1382  527
1383  1230
1384  232
1384  542
1384  592
1384  758
1385  150
1385  651
1386  1187
1387  266
1387  484
1387  1091
1388  177
1388  213
1388  383
1389  114
1389  976
1390  96
1390  466
1391  1260
1392  148
1392  433
1392  550
1392  598
1392  628
1392  1022
1393  139
1393  196
1393  669
1395  343
1395  674
1396  264
1396  389
1396  430
1396  591
1397  104
1398  392
1398  581
1398  686
1399  1014
1399  1410
1400  422
1401  627
1401  888
1401  996
1402  204
1402  598
1402  733
1403  215
1403  517
1403  590
1403  968
1404  394
1404  404
1404  984
1404  1115
1405  89
1406  215
1407  270
1407  681
1407  1081
1408  415
1409  152
1410  148
1410  585
1411  1228
1413  376
1413  1015
1414  552
1415  467
1415  2018
1416  403
1416  454
1417  957
1419  359
1419  707
1420  468
1421  279
1421  514
1422  547
1422  1016
1423  193
1423  200
1423  1062
1424  592
1426  604
1427  552
1430  478
1430  508
1431  237
1431  339
1431  347
1431  504
1432  561
1432  568
1433  136
1434  401
1434  618
1436  376
1436  486
1436  995
1436  1000
1437  87
1437  565
1438  180
1439  418
1439  460
1440  287
1441  578
1442  431
1442  547
1442  999
1443  352
1443  519
1445  606
1445  941
1445  1417
1446  420
1446  950
1446  1921
1448  22
1448  615
1450  966
1450  1014
1452  416
1452  490
1453  527
1455  552
1456  412
1457  332
1459  649
1459  667
1461  948
1462  356
1462  396
1462  474
1462  591
1463  504
1463  1026
1465  421
1466  20
1468  176
1468  640
1470  133
1470  612
1470  984
1472  391
1472  442
1472  827
1473  48
1473  159
1473  196
1473  546
1473  635
1474  122
1474  281
1474  566
1475  201
1476  497
1477  151
1477  648
1478  185
1478  304
1478  368
1479  415
1480  276
1480  617
1480  656
1481  443
1483  306
1485  473
1485  658
1486  625
1486  1031
1487  391
1487  411
1493  426
1493  664
1495  126
1496  346
1497  1036
1497  1386
1501  48
1501  188
1501  514
1502  531
1504  440
1504  453
1505  760
1506  196
1506  200
1506  652
1507  328
1507  458
1509  191
1510  464
1510  599
1510  675
1511  272
1511  309
1511  426
1511  662
1513  652
1515  197
1515  589
1516  189
1516  577
1520  80
1521  654
1522  617
1523  588
1524  277
1525  159
1525  198
1525  211
1526  286
1527  219
1528  597
1529  670
1530  336
1531  185
1533  662
1541  848
1543  155
1543  298
1543  603
1544  162
1546  134
1547  74
1548  258
1548  465
1550  656
1552  607
1552  833
1554  253
1555  649
1555  660
1558  603
1565  609
1569  265
1569  623
1571  613
1571  648
1571  656
1573  186
1574  242
1574  663
1577  334
1578  677
1579  652
1579  666
1579  1008
1580  659
1581  156
1582  270
1583  992
1585  27
1585  294
1585  673
1587  275
1588  500
1588  989
1589  639
1589  644
1589  672
1591  577
1595  69
1595  214
1595  230
1595  322
1595  350
1598  619
1598  653
1598  753
1599  57
1603  200
1604  227
1607  192
1608  405
1609  720
1611  176
1611  641
1613  985
1616  116
1617  727
1619  267
1620  987
1623  171
1624  347
1630  391
1630  628
1631  269
1632  203
1633  713
1636  436
1637  327
1638  455
1641  269
1642  227
1644  448
1648  289
1649  438
1651  487
1652  222
1652  254
1654  425
1654  608
1655  265
1655  396
1660  456
1668  663
1670  409
1670  976
1673  269
1677  284
1681  763
1683  276
1683  541
1685  260
1687  512
1689  532
1689  702
1689  963
1691  286
1691  347
1694  536
1695  399
1695  980
1697  526
1698  394
1698  492
1698  563
1701  582
1706  334
1707  555
1708  409
1714  715
1715  391
1715  417
1715  705
1715  944
1720  358
1720  476
1725  338
1725  952
1726  601
1731  612
1732  938
1739  597
1741  610
1747  769
1756  626
1759  691
1761  721
1767  696
1768  686
1772  642
1776  672
1791  742
1796  681
1804  724
1804  807
1805  695
1806  1044
1806  1098
1806  1150
1814  1091
1816  1117
1817  1044
1818  760
1819  752
1820  1120
1822  1197
1825  714
1828  697
1829  1120
1830  1093
1832  1029
1836  713
1837  740
1837  1214
1838  1206
1843  1206
1845  1202
1853  1191
1857  989
1862  991
1879  1247
1892  1248
1897  1295
1898  970
1898  1259
1899  1243
1902  987
1904  1281
1908  968
1923  1066
1926  1062
1934  1244
1935  999
1936  1114
1940  1025
1941  1127
1948  1048
1951  1009
1962  1093
1970  1123
1972  1148
1978  1386
1991  1141
2017  1177
2021  1143
2026  1141
2026  1149
2027  1168
2034  1051
2036  1242
2047  1063