# Filename: CLN3-561nm_416_ctrl_60x_010.tif
# Puncta radius (pixels): (1.3888888888888888, 1.3888888888888888)
# Puncta radius (nm): (150, 150)
# Cluster threshold (nm): 300
# Min puncta per cluster: 2
# Voxel size (nm): (108, 108, 200)
Y     X     CLUSTER_ID
3     1206  -1
5     446   -1
5     466   -1
8     294   -1
8     849   -1
11    884   -1
12    517   -1
12    1655  -1
16    458   -1
18    416   -1
18    1654  -1
19    896   -1
21    306   -1
23    996   -1
23    1115  -1
25    935   -1
25    1089  -1
27    1516  -1
30    1136  -1
30    1706  -1
32    1054  -1
35    568   -1
35    728   -1
36    646   -1
36    822   -1
36    1156  -1
37    436   -1
38    424   -1
39    231   -1
39    747   -1
39    1519  -1
39    1559  -1
40    895   -1
40    1456  -1
42    323   -1
44    1496  -1
45    613   -1
47    1225  -1
48    784   -1
49    441   -1
50    413   -1
51    390   -1
51    573   -1
51    1584  -1
53    622   -1
56    411   -1
58    378   -1
58    1153  -1
58    1204  -1
58    1300  -1
60    593   -1
60    601   -1
60    1565  -1
61    1283  -1
62    400   -1
63    311   -1
64    653   -1
64    663   -1
65    441   -1
65    1679  -1
67    577   -1
67    1501  -1
68    1242  -1
69    407   -1
70    579   -1
72    467   -1
73    511   -1
75    1709  -1
76    604   -1
77    732   -1
77    830   -1
78    805   -1
78    1092  -1
79    664   -1
80    1161  -1
81    798   -1
83    303   -1
83    463   -1
84    597   -1
84    1552  -1
85    634   -1
85    665   -1
88    577   -1
90    1186  -1
91    749   -1
91    972   -1
93    302   -1
93    588   -1
93    1435  -1
93    1512  -1
94    567   -1
94    795   -1
94    976   -1
94    1234  -1
94    1492  -1
97    1112  -1
97    1719  -1
98    845   -1
98    1196  -1
100   1455  -1
101   398   -1
101   445   -1
103   779   -1
105   446   -1
106   468   -1
106   593   -1
106   840   -1
107   476   -1
107   509   -1
109   528   -1
109   1408  -1
109   1659  -1
110   135   -1
110   712   -1
110   803   -1
111   437   -1
111   492   -1
112   984   -1
113   710   -1
114   562   -1
114   991   -1
115   1582  -1
116   1426  -1
117   978   -1
118   523   -1
118   1297  -1
118   1481  -1
119   399   -1
119   517   -1
119   1272  -1
120   1284  -1
121   353   -1
123   252   -1
123   694   -1
123   858   -1
124   501   -1
125   795   -1
127   447   -1
127   525   -1
128   491   -1
131   1099  -1
132   420   -1
132   639   -1
133   550   -1
133   704   -1
133   845   -1
133   1227  -1
134   428   -1
134   817   -1
134   1275  -1
135   506   -1
135   1106  -1
136   978   -1
137   493   -1
137   566   -1
137   971   -1
138   989   -1
140   237   -1
140   645   -1
141   285   -1
142   373   -1
143   480   -1
145   1368  -1
146   634   -1
148   470   -1
148   736   -1
148   1546  -1
149   808   -1
149   1255  -1
149   1583  -1
150   606   -1
150   872   -1
150   1592  -1
150   1656  -1
153   740   -1
153   1230  -1
153   1719  -1
153   1811  -1
154   491   -1
154   708   -1
154   1472  -1
155   319   -1
155   527   -1
157   764   -1
158   514   -1
158   587   -1
158   673   -1
159   487   -1
160   379   -1
160   1459  -1
161   264   -1
161   528   -1
161   1214  -1
162   605   -1
165   586   -1
166   787   -1
166   1104  -1
167   385   -1
167   1723  -1
168   326   -1
168   633   -1
169   533   -1
170   748   -1
170   1461  -1
171   248   -1
173   308   -1
175   376   -1
175   448   -1
175   1717  -1
177   1523  -1
178   287   -1
178   551   -1
178   820   -1
179   1576  -1
180   773   -1
180   827   -1
181   1511  -1
182   624   -1
182   1473  -1
182   1606  -1
183   1685  -1
184   803   -1
184   842   -1
184   1228  -1
184   1568  -1
186   446   -1
186   1434  -1
186   1532  -1
186   2029  -1
187   1026  -1
187   1585  -1
188   491   -1
188   786   -1
189   631   -1
189   986   -1
189   1578  -1
190   500   -1
190   660   -1
190   1594  -1
191   733   -1
192   1318  -1
192   1382  -1
193   271   -1
193   1334  -1
194   583   -1
195   657   -1
195   1241  -1
195   1373  -1
196   695   -1
196   830   -1
200   1553  -1
201   310   -1
201   577   -1
201   1486  -1
202   274   -1
202   569   -1
202   820   -1
202   1017  -1
203   215   -1
203   438   -1
203   595   -1
203   1451  -1
204   1623  -1
205   1405  -1
210   483   -1
210   1391  -1
211   580   -1
213   1330  -1
214   451   -1
214   1197  -1
217   1373  -1
218   1215  -1
218   1608  -1
219   210   -1
219   1343  -1
219   1699  -1
220   1570  -1
221   824   -1
222   436   -1
222   516   -1
223   691   -1
223   1614  -1
224   667   -1
226   1033  -1
228   1385  -1
227   1579  -1
228   414   -1
228   612   -1
228   1665  -1
229   527   -1
229   1513  -1
229   1909  -1
230   724   -1
232   186   -1
232   454   -1
233   283   -1
233   447   -1
233   479   -1
233   533   -1
234   337   -1
234   507   -1
234   855   -1
235   430   -1
235   503   -1
236   288   -1
236   349   -1
237   79    -1
238   532   -1
238   853   -1
238   1396  -1
239   490   -1
240   320   -1
240   820   -1
240   888   -1
241   1509  -1
242   463   -1
243   1404  -1
243   1531  -1
243   1586  -1
244   302   -1
246   734   -1
246   1527  -1
246   1609  -1
248   463   -1
248   1592  -1
249   453   -1
249   859   -1
249   868   -1
251   194   -1
251   1016  -1
252   496   -1
254   755   -1
255   620   -1
255   705   -1
257   1458  -1
257   1570  -1
257   1729  -1
259   478   -1
260   618   -1
260   921   -1
260   1848  -1
261   1561  -1
261   1795  -1
262   1432  -1
264   1681  -1
265   1008  -1
266   1262  -1
266   1616  -1
267   1094  -1
267   1399  -1
268   497   -1
268   1200  -1
268   1368  -1
269   244   -1
269   455   -1
269   1622  -1
272   699   -1
272   1055  -1
274   425   -1
275   1595  -1
277   332   -1
277   445   -1
278   921   -1
280   1264  -1
281   1635  -1
283   466   -1
283   632   -1
285   947   -1
287   1506  -1
287   1869  -1
288   271   -1
288   641   -1
289   1257  -1
291   476   -1
291   892   -1
292   1316  -1
293   415   -1
293   941   -1
293   1986  -1
295   248   -1
295   1700  -1
296   734   -1
296   1762  -1
298   433   -1
298   1056  -1
299   456   -1
299   1431  -1
300   280   -1
300   1825  -1
301   508   -1
301   523   -1
301   1540  -1
302   645   -1
302   728   -1
303   288   -1
303   318   -1
303   406   -1
303   1337  -1
303   1425  -1
303   1717  -1
303   2005  -1
304   1196  -1
305   463   -1
305   892   -1
305   1634  -1
306   636   -1
306   1287  -1
306   1317  -1
307   1210  -1
307   1671  -1
309   1516  -1
309   1859  -1
310   499   -1
310   1305  -1
310   1328  -1
311   1684  -1
312   373   -1
313   197   -1
313   398   -1
313   1548  -1
313   1716  -1
314   309   -1
314   1734  -1
314   1807  -1
315   377   -1
315   409   -1
315   1622  -1
316   619   -1
316   1352  -1
316   1639  -1
316   1828  -1
317   1091  -1
319   448   -1
319   1164  -1
320   1149  -1
320   1154  -1
320   1587  -1
321   534   -1
322   418   -1
322   732   -1
323   496   -1
323   1192  -1
324   1544  -1
324   1861  -1
326   1103  -1
326   1459  -1
326   1479  -1
327   1299  -1
328   402   -1
328   1971  -1
329   281   -1
329   922   -1
330   739   -1
330   979   -1
330   1472  -1
330   1946  -1
331   338   -1
331   398   -1
331   1169  -1
331   1755  -1
332   300   -1
332   1529  -1
333   926   -1
333   1180  -1
333   1556  -1
333   1907  -1
334   1338  -1
334   1984  -1
335   495   -1
335   1516  -1
336   371   -1
336   470   -1
336   1571  -1
337   204   -1
337   712   -1
339   1370  -1
339   1504  -1
340   930   -1
340   1293  -1
341   1342  -1
341   1489  -1
342   172   -1
342   1494  -1
343   1468  -1
344   944   -1
344   1769  -1
345   1504  -1
345   1826  -1
345   1868  -1
345   1920  -1
346   1849  -1
348   1372  -1
349   223   -1
349   291   -1
349   377   -1
350   425   -1
352   1299  -1
352   1485  -1
353   117   -1
353   488   -1
353   1097  -1
353   1386  -1
354   661   -1
356   655   -1
356   1224  -1
356   1359  -1
356   1608  -1
356   1894  -1
357   1571  -1
358   1446  -1
358   1726  -1
359   261   -1
359   373   -1
359   716   -1
359   1185  -1
359   1228  -1
359   1673  -1
360   1718  -1
360   1750  -1
361   779   -1
361   818   -1
362   727   -1
362   1392  -1
362   1554  -1
363   794   -1
363   839   -1
363   1786  -1
364   698   -1
364   1514  -1
366   1880  -1
366   1926  -1
367   686   -1
367   690   -1
367   883   -1
367   1718  -1
368   250   -1
369   1306  -1
370   1108  -1
371   384   -1
371   1777  -1
371   1834  -1
372   394   -1
372   1703  -1
374   377   -1
374   822   -1
374   1553  -1
374   1909  -1
375   157   -1
376   383   -1
376   1969  -1
377   1903  -1
378   746   -1
378   1391  -1
378   1508  -1
379   704   -1
379   1328  -1
380   1615  -1
381   98    -1
381   360   -1
381   371   -1
381   403   -1
381   435   -1
381   769   -1
381   1319  -1
381   1426  -1
381   1491  -1
381   1555  -1
382   712   -1
382   1431  -1
382   1738  -1
383   725   -1
384   1238  -1
384   1351  -1
384   1971  -1
385   1089  -1
385   1445  -1
385   1634  -1
386   349   -1
386   373   -1
386   410   -1
386   1245  -1
386   1488  -1
386   1589  -1
386   1767  -1
387   697   -1
387   1399  -1
387   1417  -1
388   361   -1
388   400   -1
388   1360  -1
389   1233  -1
389   1470  -1
389   1983  -1
390   206   -1
390   441   -1
391   1466  -1
391   1509  -1
392   435   -1
392   1577  -1
393   894   -1
393   1104  -1
395   685   -1
395   1463  -1
396   1128  -1
397   214   -1
397   457   -1
397   1499  -1
397   1564  -1
398   1173  -1
399   1517  -1
400   356   -1
400   1074  -1
400   1412  -1
401   109   -1
401   1153  -1
401   1581  -1
403   266   -1
403   1471  -1
403   1482  -1
404   1054  -1
404   1114  -1
404   1406  -1
404   1422  -1
404   1627  -1
405   1080  -1
405   1227  -1
405   1400  -1
405   1609  -1
406   93    -1
406   1143  -1
406   1412  -1
407   1110  -1
407   1150  -1
407   1943  -1
408   828   -1
408   1385  -1
408   1537  -1
409   726   -1
409   822   -1
409   1463  -1
409   1712  -1
410   1255  -1
411   1236  -1
411   1576  -1
412   88    -1
412   1158  -1
413   1417  -1
413   1555  -1
414   342   -1
414   1366  -1
415   1151  -1
415   1668  -1
416   147   -1
416   1488  -1
417   572   -1
417   711   -1
417   1726  -1
418   99    -1
418   610   -1
418   1478  -1
420   373   -1
420   1144  -1
422   439   -1
422   1816  -1
423   384   -1
423   1381  -1
424   622   -1
424   1010  -1
426   667   -1
426   2006  -1
427   590   -1
427   768   -1
427   1037  -1
428   237   -1
430   1614  -1
431   151   -1
431   986   -1
432   218   -1
432   1496  -1
433   1338  -1
435   103   -1
435   1166  -1
436   93    -1
437   968   -1
438   281   -1
438   891   -1
440   144   -1
440   1563  -1
441   230   -1
442   590   -1
442   945   -1
442   1459  -1
442   1492  -1
443   93    -1
443   221   -1
443   1555  -1
444   933   -1
444   974   -1
444   1387  -1
444   1484  -1
445   742   -1
446   640   -1
446   772   -1
446   918   -1
446   1462  -1
446   1998  -1
447   624   -1
448   332   -1
448   1097  -1
448   1457  -1
449   621   -1
450   121   -1
450   907   -1
450   1602  -1
452   87    -1
452   740   -1
452   1102  -1
453   936   -1
453   1116  -1
453   1639  -1
453   1682  -1
454   199   -1
454   226   -1
455   1297  -1
455   1463  -1
455   1998  -1
456   1075  -1
456   1586  -1
456   1649  -1
457   770   -1
457   1539  -1
457   1568  -1
458   253   -1
458   394   -1
458   1324  -1
458   1354  -1
459   274   -1
460   1702  -1
461   636   -1
461   799   -1
461   1082  -1
461   1462  -1
461   1516  -1
462   693   -1
463   990   -1
463   1783  -1
464   298   -1
464   319   -1
466   1539  -1
467   1005  -1
467   1166  -1
468   601   -1
468   1521  -1
469   224   -1
469   1337  -1
469   1828  -1
470   197   -1
471   1037  -1
472   310   -1
472   583   -1
473   320   -1
474   830   -1
474   1857  -1
475   173   -1
475   233   -1
475   1478  -1
476   789   -1
476   944   -1
477   1000  -1
478   1642  -1
478   1878  -1
479   132   -1
479   689   -1
480   1301  -1
480   1738  -1
481   810   -1
481   1472  -1
482   1426  -1
482   1535  -1
482   1652  -1
482   1677  -1
484   695   -1
484   1121  -1
485   231   -1
485   318   -1
486   1446  -1
487   687   -1
487   884   -1
488   96    -1
488   904   -1
489   287   -1
489   1255  -1
490   61    -1
492   225   -1
492   1400  -1
493   2001  -1
494   74    -1
494   1053  -1
494   1270  -1
495   1044  -1
495   1406  -1
496   1603  -1
497   647   -1
497   1124  -1
498   44    -1
498   1396  -1
499   327   -1
499   971   -1
500   596   -1
500   1569  -1
500   1624  -1
501   669   -1
501   1465  -1
502   159   -1
502   273   -1
502   657   -1
502   1006  -1
502   1355  -1
503   45    -1
503   1081  -1
503   1308  -1
503   1449  -1
503   1563  -1
504   722   -1
504   1042  -1
505   673   -1
506   1103  -1
506   1613  -1
507   884   -1
508   57    -1
508   155   -1
508   1259  -1
509   1130  -1
509   1300  -1
510   641   -1
510   824   -1
510   1067  -1
510   1233  -1
511   209   -1
511   324   -1
511   695   -1
511   1009  -1
512   36    -1
512   336   -1
512   1005  -1
513   1390  -1
513   2006  -1
514   870   -1
515   722   -1
515   1110  -1
516   1991  -1
517   119   -1
518   1301  -1
518   1653  -1
519   890   -1
519   1584  -1
521   192   -1
521   1619  -1
522   304   -1
522   960   -1
525   678   -1
525   901   -1
526   1094  -1
526   1444  -1
526   1632  -1
527   1390  -1
528   264   -1
529   54    -1
529   943   -1
529   1129  -1
529   1359  -1
529   1597  -1
531   683   -1
531   1368  -1
531   1550  -1
532   94    -1
532   217   -1
533   824   -1
533   1042  -1
533   1167  -1
534   298   -1
535   27    -1
535   724   -1
536   530   -1
536   1353  -1
537   322   -1
537   663   -1
539   1159  -1
540   177   -1
541   1026  -1
541   1081  -1
541   1176  -1
542   73    -1
542   786   -1
542   1972  -1
544   243   -1
544   709   -1
544   1421  -1
545   22    -1
545   632   -1
545   1597  -1
546   1992  -1
547   197   -1
547   210   -1
547   627   -1
547   1016  -1
547   1081  -1
547   1086  -1
547   1094  -1
548   1030  -1
548   1060  -1
549   310   -1
549   675   -1
549   1955  -1
551   1332  -1
553   881   -1
553   1359  -1
555   1338  -1
555   1373  -1
556   1352  -1
557   609   -1
557   1087  -1
558   883   -1
559   1018  -1
561   11    -1
561   925   -1
561   1949  -1
562   794   -1
563   627   -1
563   721   -1
563   1149  -1
564   742   -1
567   59    -1
567   1472  -1
568   588   -1
569   1582  -1
571   1102  -1
571   1569  -1
572   34    -1
573   533   -1
575   976   -1
575   1460  -1
576   607   -1
576   1952  -1
579   964   -1
580   1901  -1
581   31    -1
581   664   -1
581   849   -1
582   1325  -1
583   1100  -1
584   1312  -1
587   35    -1
587   1623  -1
587   1856  -1
588   922   -1
589   770   -1
591   943   -1
593   1133  -1
595   1842  -1
596   592   -1
596   635   -1
596   798   -1
597   767   -1
598   1643  -1
599   995   -1
600   23    -1
600   1260  -1
600   1807  -1
601   637   -1
604   1130  -1
604   1330  -1
605   809   -1
605   1587  -1
605   1629  -1
606   969   -1
608   648   -1
608   1722  -1
609   1639  -1
610   1844  -1
611   1729  -1
613   145   -1
614   137   -1
614   1351  -1
614   1359  -1
615   1344  -1
619   592   -1
621   104   -1
622   658   -1
623   161   -1
623   776   -1
624   21    -1
624   1131  -1
625   974   -1
625   1632  -1
626   1317  -1
627   1141  -1
629   679   -1
629   978   -1
630   1329  -1
632   644   -1
634   980   -1
634   1601  -1
635   631   -1
635   1168  -1
635   1283  -1
637   91    -1
637   592   -1
638   673   -1
639   1409  -1
640   763   -1
641   253   -1
642   24    -1
642   998   -1
643   667   -1
643   907   -1
643   992   -1
643   1324  -1
644   101   -1
645   1414  -1
647   147   -1
647   557   -1
647   1123  -1
648   117   -1
648   1660  -1
649   518   -1
650   774   -1
651   36    -1
654   1314  -1
655   592   -1
656   573   -1
657   294   -1
657   1002  -1
658   482   -1
659   86    -1
659   891   -1
659   1148  -1
660   599   -1
660   1438  -1
661   1604  -1
662   751   -1
662   760   -1
663   1310  -1
663   1643  -1
665   1152  -1
666   971   -1
666   1001  -1
667   677   -1
668   157   -1
668   436   -1
669   432   -1
670   123   -1
670   682   -1
670   828   -1
670   1598  -1
671   737   -1
672   96    -1
672   158   -1
672   1328  -1
672   1659  -1
673   1011  -1
674   55    -1
675   854   -1
677   120   -1
677   705   -1
677   849   -1
678   656   -1
678   1488  -1
679   27    -1
680   761   -1
680   818   -1
680   1460  -1
681   515   -1
681   1306  -1
681   1628  -1
682   1341  -1
684   120   -1
684   748   -1
684   1574  -1
685   71    -1
686   776   -1
687   163   -1
687   735   -1
688   69    -1
689   756   -1
689   931   -1
689   1435  -1
690   1151  -1
690   1354  -1
691   335   -1
692   849   -1
692   1143  -1
692   1163  -1
692   1409  -1
693   105   -1
693   667   -1
694   887   -1
694   1392  -1
694   1669  -1
695   955   -1
695   1157  -1
696   136   -1
696   1257  -1
696   1412  -1
696   1614  -1
697   617   -1
698   675   -1
699   932   -1
699   1671  -1
700   105   -1
700   941   -1
701   150   -1
701   704   -1
702   781   -1
702   1256  -1
702   1864  -1
703   120   -1
704   103   -1
704   139   -1
704   1137  -1
706   59    -1
706   567   -1
707   1375  -1
710   617   -1
710   1401  -1
710   1666  -1
711   492   -1
711   1072  -1
711   1227  -1
712   578   -1
712   1216  -1
713   98    -1
713   785   -1
714   126   -1
714   1859  -1
715   571   -1
715   1458  -1
716   118   -1
717   627   -1
718   444   -1
719   1841  -1
720   876   -1
720   1224  -1
721   486   -1
721   888   -1
721   1846  -1
722   673   -1
723   121   -1
724   57    -1
724   104   -1
724   573   -1
724   1601  -1
727   4     -1
727   1579  -1
728   907   -1
728   1439  -1
729   16    -1
731   1115  -1
732   478   -1
733   168   -1
733   1072  -1
733   1860  -1
734   541   -1
735   584   -1
735   700   -1
736   1649  -1
737   81    -1
737   673   -1
737   922   -1
738   417   -1
740   6     -1
740   105   -1
740   815   -1
741   96    -1
741   1581  -1
742   904   -1
743   82    -1
743   511   -1
744   668   -1
746   1559  -1
749   1446  -1
750   1641  -1
752   86    -1
752   545   -1
752   848   -1
752   1095  -1
752   1146  -1
753   44    -1
753   975   -1
754   1369  -1
755   17    -1
755   1654  -1
756   1092  -1
757   1068  -1
758   156   -1
758   1224  -1
759   679   -1
760   85    -1
760   1026  -1
761   1152  -1
763   970   -1
763   1836  -1
764   1133  -1
765   1005  -1
765   1233  -1
766   1507  -1
767   186   -1
769   163   -1
769   964   -1
770   414   -1
770   822   -1
770   1134  -1
770   1476  -1
771   23    -1
772   1035  -1
772   1041  -1
774   190   -1
774   979   -1
775   1255  -1
776   995   -1
779   1432  -1
780   697   -1
780   960   -1
781   916   -1
783   922   -1
784   294   -1
785   1840  -1
786   998   -1
787   1121  -1
788   919   -1
788   1158  -1
789   189   -1
789   644   -1
789   931   -1
789   964   -1
790   1099  -1
790   1354  -1
791   1114  -1
792   1070  -1
792   1830  -1
793   71    -1
793   1172  -1
793   1835  -1
794   1003  -1
794   1119  -1
795   196   -1
795   923   -1
800   919   -1
801   149   -1
802   54    -1
802   1182  -1
803   292   -1
803   590   -1
804   871   -1
804   969   -1
804   984   -1
806   705   -1
806   1028  -1
807   301   -1
808   723   -1
808   1023  -1
809   700   -1
810   905   -1
810   1037  -1
810   1613  -1
811   913   -1
811   920   -1
813   940   -1
813   1804  -1
814   126   -1
814   259   -1
816   868   -1
820   999   -1
820   1005  -1
821   290   -1
821   729   -1
821   1043  -1
821   1527  -1
823   947   -1
823   1174  -1
823   1279  -1
824   915   -1
826   978   -1
827   33    -1
827   906   -1
827   1022  -1
828   897   -1
830   934   -1
830   1003  -1
830   1082  -1
831   1072  -1
833   1036  -1
834   1091  -1
834   1115  -1
836   707   -1
836   727   -1
836   1795  -1
837   171   -1
837   778   -1
838   3     -1
838   1148  -1
839   899   -1
839   1170  -1
840   41    -1
840   655   -1
841   1806  -1
843   792   -1
844   775   -1
845   670   -1
845   734   -1
845   1765  -1
846   172   -1
851   10    -1
851   48    -1
854   909   -1
856   203   -1
856   846   -1
856   1025  -1
857   1436  -1
858   11    -1
860   1028  -1
862   1088  -1
863   1165  -1
865   70    -1
866   641   -1
866   1021  -1
868   1063  -1
868   1184  -1
870   37    -1
870   1168  -1
871   1087  -1
871   1156  -1
871   1734  -1
872   560   -1
872   1084  -1
873   807   -1
874   66    -1
874   243   -1
874   1746  -1
877   1076  -1
877   1195  -1
878   916   -1
878   1134  -1
879   960   -1
879   1252  -1
880   1015  -1
881   1275  -1
881   1747  -1
882   0     -1
882   1195  -1
882   1718  -1
883   155   -1
883   1738  -1
884   813   -1
884   1441  -1
884   1539  -1
886   661   -1
886   1308  -1
887   957   -1
888   1084  -1
889   1419  -1
891   1348  -1
891   1726  -1
892   915   -1
893   1068  -1
894   13    -1
895   1384  -1
896   896   -1
896   1040  -1
898   1222  -1
899   855   -1
899   1144  -1
899   1188  -1
899   1349  -1
901   51    -1
901   1068  -1
901   1152  -1
902   738   -1
902   1407  -1
903   1380  -1
907   86    -1
908   784   -1
908   1034  -1
909   871   -1
910   561   -1
910   1192  -1
911   898   -1
911   1727  -1
912   59    -1
912   615   -1
912   694   -1
913   883   -1
916   424   -1
917   493   -1
918   518   -1
919   1093  -1
919   1538  -1
920   884   -1
921   811   -1
922   1043  -1
924   678   -1
924   767   -1
924   1201  -1
925   599   -1
927   19    -1
928   619   -1
931   152   -1
931   1519  -1
932   1653  -1
932   1850  -1
933   30    -1
933   685   -1
933   738   -1
933   1121  -1
934   39    -1
935   614   -1
936   50    -1
936   1831  -1
937   31    -1
938   1094  -1
940   1688  -1
940   1829  -1
941   100   -1
942   872   -1
943   815   -1
944   518   -1
945   735   -1
946   706   -1
947   480   -1
947   812   -1
947   1147  -1
948   31    -1
949   1434  -1
951   40    -1
951   994   -1
952   461   -1
953   814   -1
955   104   -1
956   445   -1
963   1531  -1
964   445   -1
964   972   -1
968   1544  -1
969   1789  -1
970   1811  -1
971   134   -1
972   99    -1
973   65    -1
973   1609  -1
975   7     -1
975   914   -1
976   136   -1
977   450   -1
979   276   -1
980   843   -1
982   260   -1
982   269   -1
984   407   -1
984   472   -1
984   1605  -1
987   683   -1
988   1613  -1
989   17    -1
989   428   -1
991   60    -1
991   852   -1
991   972   -1
991   1018  -1
995   994   -1
997   154   -1
999   187   -1
1001  372   -1
1003  141   -1
1003  663   -1
1004  1648  -1
1005  311   -1
1005  1588  -1
1010  216   -1
1010  789   -1
1012  1632  -1
1012  1735  -1
1014  93    -1
1014  1187  -1
1015  135   -1
1015  347   -1
1015  356   -1
1015  1579  -1
1015  1739  -1
1016  1617  -1
1017  303   -1
1018  1585  -1
1019  74    -1
1019  1624  -1
1021  1640  -1
1026  879   -1
1027  217   -1
1027  1387  -1
1027  1716  -1
1028  1610  -1
1030  1193  -1
1031  1621  -1
1032  177   -1
1033  154   -1
1034  1616  -1
1035  1604  -1
1036  275   -1
1038  161   -1
1040  1602  -1
1041  348   -1
1042  352   -1
1042  1203  -1
1043  133   -1
1043  162   -1
1043  789   -1
1044  1453  -1
1046  1610  -1
1047  193   -1
1050  967   -1
1050  1873  -1
1051  1458  -1
1052  315   -1
1052  734   -1
1052  795   -1
1052  806   -1
1053  1696  -1
1055  1658  -1
1058  859   -1
1058  1665  -1
1060  1450  -1
1060  1689  -1
1061  707   -1
1062  182   -1
1062  1857  -1
1062  1872  -1
1063  1661  -1
1064  873   -1
1065  697   -1
1066  879   -1
1067  284   -1
1068  940   -1
1069  1710  -1
1070  1174  -1
1070  1669  -1
1072  314   -1
1072  841   -1
1073  862   -1
1075  653   -1
1077  1455  -1
1078  1715  -1
1079  870   -1
1080  146   -1
1080  1665  -1
1091  20    -1
1092  78    -1
1094  1689  -1
1095  857   -1
1095  1707  -1
1096  1693  -1
1099  945   -1
1100  107   -1
1100  588   -1
1100  1704  -1
1101  1841  -1
1106  1439  -1
1107  1742  -1
1111  1176  -1
1115  1151  -1
1117  808   -1
1120  119   -1
1120  1732  -1
1121  1123  -1
1121  1169  -1
1121  1714  -1
1122  1781  -1
1123  85    -1
1123  1075  -1
1125  1740  -1
1125  1754  -1
1128  801   -1
1129  104   -1
1130  713   -1
1130  1749  -1
1131  1082  -1
1132  182   -1
1133  1114  -1
1137  352   -1
1137  798   -1
1138  366   -1
1141  333   -1
1141  363   -1
1143  823   -1
1144  620   -1
1145  805   -1
1145  1049  -1
1146  1461  -1
1147  742   -1
1147  1743  -1
1150  1016  -1
1152  989   -1
1154  1754  -1
1157  1295  -1
1162  669   -1
1162  793   -1
1163  374   -1
1167  903   -1
1168  559   -1
1170  510   -1
1171  408   -1
1171  1092  -1
1172  646   -1
1173  1152  -1
1175  947   -1
1177  445   -1
1177  1058  -1
1180  452   -1
1183  625   -1
1186  510   -1
1187  1301  -1
1189  856   -1
1190  1083  -1
1193  478   -1
1193  493   -1
1193  803   -1
1194  788   -1
1196  523   -1
1201  610   -1
1208  566   -1
1212  640   -1
1215  763   -1
1218  1151  -1
1222  824   -1
1224  896   -1
1227  195   -1
1228  490   -1
1231  438   -1
1231  705   -1
1232  737   -1
1235  608   -1
1237  572   -1
1243  647   -1
1245  389   -1
1248  661   -1
1248  860   -1
1248  997   -1
1250  410   -1
1251  199   -1
1251  521   -1
1251  1131  -1
1253  993   -1
1253  1126  -1
1254  526   -1
1258  636   -1
1259  224   -1
1260  651   -1
1262  371   -1
1262  627   -1
1262  854   -1
1265  1066  -1
1265  1102  -1
1270  326   -1
1270  600   -1
1271  215   -1
1272  254   -1
1273  250   -1
1273  1116  -1
1277  199   -1
1277  506   -1
1281  1063  -1
1282  974   -1
1283  848   -1
1283  1421  -1
1286  751   -1
1287  184   -1
1287  239   -1
1287  534   -1
1289  1006  -1
1290  187   -1
1295  260   -1
1295  1124  -1
1296  763   -1
1297  253   -1
1304  187   -1
1305  1439  -1
1307  257   -1
1307  262   -1
1307  581   -1
1308  63    -1
1308  1153  -1
1310  801   -1
1315  678   -1
1316  297   -1
1317  152   -1
1317  1057  -1
1319  765   -1
1321  254   -1
1321  1227  -1
1321  1420  -1
1323  571   -1
1324  689   -1
1325  528   -1
1326  790   -1
1326  1004  -1
1328  1031  -1
1330  822   -1
1331  546   -1
1331  593   -1
1331  1082  -1
1332  609   -1
1332  972   -1
1333  657   -1
1335  509   -1
1335  594   -1
1336  550   -1
1337  662   -1
1338  349   -1
1338  876   -1
1340  392   -1
1340  905   -1
1342  601   -1
1342  1139  -1
1343  424   -1
1345  320   -1
1345  375   -1
1345  384   -1
1346  520   -1
1346  1043  -1
1349  496   -1
1352  34    -1
1353  177   -1
1353  970   -1
1356  53    -1
1356  1146  -1
1357  330   -1
1358  367   -1
1358  608   -1
1359  351   -1
1359  1195  -1
1360  370   -1
1361  330   -1
1362  437   -1
1362  993   -1
1364  421   -1
1364  498   -1
1365  410   -1
1367  231   -1
1368  481   -1
1368  863   -1
1369  669   -1
1369  1084  -1
1371  1173  -1
1372  363   -1
1372  1080  -1
1374  499   -1
1375  820   -1
1377  366   -1
1378  1174  -1
1381  459   -1
1381  1422  -1
1381  1899  -1
1384  740   -1
1386  293   -1
1391  982   -1
1392  976   -1
1393  344   -1
1397  1390  -1
1398  335   -1
1399  794   -1
1400  629   -1
1401  530   -1
1402  444   -1
1404  357   -1
1404  514   -1
1408  654   -1
1410  547   -1
1410  592   -1
1411  943   -1
1411  1351  -1
1414  1011  -1
1416  618   -1
1417  155   -1
1417  682   -1
1418  759   -1
1419  656   -1
1421  406   -1
1424  497   -1
1424  506   -1
1424  657   -1
1426  55    -1
1426  901   -1
1430  745   -1
1431  767   -1
1432  416   -1
1432  689   -1
1433  446   -1
1434  486   -1
1434  810   -1
1435  95    -1
1436  332   -1
1436  640   -1
1437  971   -1
1438  1027  -1
1439  346   -1
1439  422   -1
1439  791   -1
1440  82    -1
1442  111   -1
1443  484   -1
1444  771   -1
1444  818   -1
1446  494   -1
1446  951   -1
1448  420   -1
1448  473   -1
1448  813   -1
1449  77    -1
1452  304   -1
1452  672   -1
1452  697   -1
1452  768   -1
1452  1885  -1
1452  1940  -1
1453  124   -1
1453  1893  -1
1454  1440  -1
1455  522   -1
1455  1387  -1
1457  671   -1
1460  1271  -1
1461  904   -1
1462  884   -1
1462  948   -1
1463  393   -1
1463  714   -1
1464  177   -1
1464  1421  -1
1466  485   -1
1466  712   -1
1467  1388  -1
1468  461   -1
1468  503   -1
1468  1423  -1
1468  1435  -1
1469  341   -1
1469  555   -1
1470  1176  -1
1472  130   -1
1472  701   -1
1472  966   -1
1473  19    -1
1473  27    -1
1473  1428  -1
1474  389   -1
1475  53    -1
1478  933   -1
1479  540   -1
1480  1871  -1
1481  519   -1
1483  1869  -1
1484  87    -1
1484  306   -1
1485  37    -1
1485  201   -1
1485  914   -1
1485  951   -1
1486  190   -1
1486  725   -1
1487  766   -1
1487  1870  -1
1489  367   -1
1489  550   -1
1490  63    -1
1491  285   -1
1491  418   -1
1491  1563  -1
1492  464   -1
1493  1568  -1
1494  1861  -1
1495  430   -1
1495  1611  -1
1495  1803  -1
1495  1873  -1
1497  258   -1
1498  317   -1
1498  1857  -1
1499  111   -1
1499  306   -1
1500  770   -1
1501  270   -1
1501  424   -1
1501  737   -1
1502  293   -1
1502  421   -1
1502  1873  -1
1503  101   -1
1503  758   -1
1505  742   -1
1505  1063  -1
1505  1649  -1
1506  296   -1
1506  399   -1
1506  429   -1
1507  441   -1
1508  403   -1
1510  322   -1
1510  463   -1
1510  1705  -1
1511  780   -1
1513  24    -1
1513  471   -1
1514  1677  -1
1515  383   -1
1516  854   -1
1516  1863  -1
1517  261   -1
1517  347   -1
1517  1804  -1
1519  1030  -1
1519  1871  -1
1520  583   -1
1520  855   -1
1521  398   -1
1521  1506  -1
1522  118   -1
1522  1172  -1
1522  1527  -1
1523  1871  -1
1526  743   -1
1527  869   -1
1528  1493  -1
1528  1718  -1
1529  664   -1
1529  866   -1
1529  986   -1
1530  492   -1
1530  1479  -1
1531  291   -1
1531  591   -1
1531  1142  -1
1531  1529  -1
1531  1699  -1
1534  407   -1
1534  534   -1
1537  239   -1
1537  253   -1
1537  370   -1
1537  400   -1
1537  449   -1
1538  173   -1
1540  755   -1
1540  1748  -1
1542  871   -1
1542  1735  -1
1543  128   -1
1544  427   -1
1546  1036  -1
1547  997   -1
1547  1738  -1
1547  1807  -1
1549  380   -1
1549  480   -1
1549  486   -1
1549  1732  -1
1551  494   -1
1551  662   -1
1552  810   -1
1552  1610  -1
1553  198   -1
1554  571   -1
1557  1603  -1
1557  1860  -1
1558  1075  -1
1559  447   -1
1559  816   -1
1559  852   -1
1560  1599  -1
1561  407   -1
1562  428   -1
1563  1590  -1
1564  505   -1
1565  1087  -1
1565  1804  -1
1566  1430  -1
1567  423   -1
1567  448   -1
1568  474   -1
1570  389   -1
1571  1621  -1
1572  799   -1
1573  719   -1
1574  808   -1
1575  443   -1
1576  549   -1
1576  1507  -1
1579  976   -1
1580  771   -1
1581  427   -1
1581  731   -1
1582  1078  -1
1583  361   -1
1583  543   -1
1583  1058  -1
1584  80    -1
1585  711   -1
1586  434   -1
1587  419   -1
1588  558   -1
1591  431   -1
1591  1230  -1
1593  738   -1
1593  1598  -1
1595  494   -1
1595  537   -1
1596  762   -1
1597  775   -1
1598  583   -1
1600  1038  -1
1601  919   -1
1601  1601  -1
1602  1420  -1
1602  1425  -1
1603  544   -1
1603  547   -1
1603  626   -1
1603  1616  -1
1605  1691  -1
1606  529   -1
1606  659   -1
1607  429   -1
1608  380   -1
1610  1584  -1
1611  506   -1
1612  920   -1
1613  490   -1
1613  653   -1
1614  796   -1
1614  872   -1
1616  842   -1
1617  1698  -1
1618  432   -1
1619  449   -1
1620  551   -1
1620  820   -1
1621  634   -1
1622  584   -1
1622  791   -1
1622  1603  -1
1622  1682  -1
1623  655   -1
1623  835   -1
1624  500   -1
1626  446   -1
1626  454   -1
1626  510   -1
1626  565   -1
1626  1564  -1
1627  1377  -1
1630  654   -1
1630  837   -1
1631  1385  -1
1632  566   -1
1632  584   -1
1632  1843  -1
1634  1316  -1
1634  1572  -1
1637  436   -1
1641  513   -1
1641  552   -1
1641  703   -1
1643  465   -1
1643  493   -1
1643  504   -1
1643  708   -1
1644  665   -1
1646  522   -1
1646  636   -1
1646  1381  -1
1647  345   -1
1647  609   -1
1647  729   -1
1647  758   -1
1648  382   -1
1648  1718  -1
1649  467   -1
1649  554   -1
1651  1123  -1
1653  521   -1
1656  526   -1
1656  1716  -1
1656  1810  -1
1657  682   -1
1657  902   -1
1658  342   -1
1658  698   -1
1660  1560  -1
1662  328   -1
1662  480   -1
1663  553   -1
1664  1096  -1
1666  614   -1
1666  1355  -1
1666  1714  -1
1667  307   -1
1667  916   -1
1668  426   -1
1668  579   -1
1670  684   -1
1670  755   -1
1671  57    -1
1671  1976  -1
1672  561   -1
1673  419   -1
1673  475   -1
1673  1556  -1
1674  323   -1
1676  452   -1
1677  1569  -1
1680  597   -1
1681  702   -1
1682  1543  -1
1683  1370  -1
1684  852   -1
1685  753   -1
1685  858   -1
1686  567   -1
1686  1928  -1
1687  464   -1
1687  814   -1
1687  1595  -1
1688  147   -1
1688  512   -1
1691  397   -1
1691  685   -1
1691  804   -1
1691  822   -1
1691  1001  -1
1693  638   -1
1693  1543  -1
1694  596   -1
1694  1597  -1
1696  154   -1
1696  694   -1
1697  556   -1
1698  240   -1
1700  882   -1
1700  1356  -1
1701  985   -1
1702  890   -1
1702  1262  -1
1702  1362  -1
1703  463   -1
1703  770   -1
1704  451   -1
1704  750   -1
1705  646   -1
1706  423   -1
1706  674   -1
1706  1004  -1
1707  469   -1
1707  694   -1
1707  1770  -1
1708  1931  -1
1712  557   -1
1714  1714  -1
1717  579   -1
1718  384   -1
1719  450   -1
1721  351   -1
1721  476   -1
1721  541   -1
1721  659   -1
1721  954   -1
1721  1390  -1
1722  1361  -1
1723  608   -1
1724  434   -1
1724  843   -1
1726  231   -1
1728  1007  -1
1728  1381  -1
1729  467   -1
1730  349   -1
1730  359   -1
1730  581   -1
1730  919   -1
1731  1008  -1
1732  308   -1
1732  521   -1
1732  1607  -1
1733  323   -1
1733  451   -1
1733  511   -1
1734  1097  -1
1735  831   -1
1735  1412  -1
1737  555   -1
1737  1354  -1
1742  540   -1
1744  843   -1
1745  69    -1
1745  309   -1
1745  737   -1
1745  1729  -1
1745  1738  -1
1748  615   -1
1748  670   -1
1749  560   -1
1751  804   -1
1755  317   -1
1755  548   -1
1758  654   -1
1759  516   -1
1761  482   -1
1761  689   -1
1761  1464  -1
1762  753   -1
1764  547   -1
1767  91    -1
1767  588   -1
1767  1748  -1
1770  505   -1
1771  239   -1
1774  684   -1
1776  109   -1
1784  467   -1
1787  499   -1
1789  328   -1
1789  1629  -1
1790  1695  -1
1791  1477  -1
1792  355   -1
1796  1679  -1
1799  1500  -1
1800  531   -1
1801  1619  -1
1804  1760  -1
1806  1654  -1
1807  1680  -1
1808  1501  -1
1815  1159  -1
1816  571   -1
1816  617   -1
1817  599   -1
1818  89    -1
1821  1689  -1
1822  576   -1
1822  1569  -1
1823  1711  -1
1824  1701  -1
1825  561   -1
1825  1608  -1
1827  1783  -1
1829  1586  -1
1830  359   -1
1830  1592  -1
1830  1808  -1
1831  1757  -1
1835  235   -1
1835  1999  -1
1836  265   -1
1836  560   -1
1838  291   -1
1838  1545  -1
1843  477   -1
1844  110   -1
1847  572   -1
1848  1311  -1
1851  235   -1
1853  1191  -1
1853  2004  -1
1855  1183  -1
1856  1338  -1
1860  1527  -1
1861  1905  -1
1864  276   -1
1866  317   -1
1875  343   -1
1879  1771  -1
1883  237   -1
1884  436   -1
1884  1344  -1
1884  1878  -1
1887  1470  -1
1888  1515  -1
1892  1422  -1
1896  458   -1
1896  1224  -1
1898  1746  -1
1899  500   -1
1900  1431  -1
1900  1476  -1
1905  1485  -1
1908  1365  -1
1908  1496  -1
1909  1395  -1
1911  1413  -1
1911  1722  -1
1919  476   -1
1925  1270  -1
1925  1348  -1
1928  523   -1
1930  455   -1
1935  470   -1
1942  504   -1
2014  438   -1
13    752   -1
80    1492  -1
126   707   -1
135   764   -1
153   807   -1
160   1301  -1
222   255   -1
238   998   -1
240   667   -1
255   1053  -1
258   517   -1
256   1394  -1
275   621   -1
276   662   -1
278   1413  -1
287   755   -1
294   635   -1
293   1138  -1
306   745   -1
313   741   -1
313   1097  -1
314   950   -1
315   1048  -1
322   708   -1
325   1158  -1
328   807   -1
337   697   -1
336   808   -1
340   940   -1
342   720   -1
345   698   -1
348   899   -1
349   1211  -1
351   1526  -1
352   966   -1
353   1414  -1
354   673   -1
354   1320  -1
360   695   -1
367   1403  -1
368   1439  -1
368   1468  -1
372   782   -1
372   830   -1
373   647   -1
373   733   -1
376   704   -1
376   1092  -1
385   623   -1
389   1104  -1
391   1411  -1
392   865   -1
393   710   -1
395   586   -1
397   770   -1
402   652   -1
402   1497  -1
408   934   -1
409   687   -1
413   1509  -1
413   1520  -1
414   1126  -1
415   1524  -1
417   408   -1
420   721   -1
421   1325  -1
424   579   -1
423   1119  -1
427   644   -1
431   757   -1
435   195   -1
434   617   -1
437   790   -1
439   1483  -1
442   777   -1
445   1508  -1
445   1134  -1
447   1511  -1
450   1388  -1
450   628   -1
453   696   -1
452   813   -1
454   726   -1
454   833   -1
459   732   -1
458   736   -1
459   665   -1
459   793   -1
460   680   -1
461   805   -1
464   1119  -1
465   1096  -1
468   674   -1
467   902   -1
469   761   -1
473   688   -1
472   704   -1
472   1151  -1
475   682   -1
478   726   -1
480   857   -1
482   546   -1
482   595   -1
483   769   -1
484   1100  -1
485   1997  -1
486   707   -1
487   1273  -1
489   1041  -1
490   689   -1
490   1302  -1
493   595   -1
493   1009  -1
495   622   -1
496   541   -1
496   1438  -1
499   1141  -1
500   921   -1
500   996   -1
504   728   -1
504   970   -1
507   1141  -1
506   1539  -1
509   628   -1
511   1142  -1
512   1567  -1
518   882   -1
518   1142  -1
517   1295  -1
519   543   -1
518   819   -1
518   823   -1
519   1123  -1
519   1399  -1
519   1375  -1
520   840   -1
520   1111  -1
522   1503  -1
523   628   -1
524   1624  -1
527   973   -1
528   1081  -1
528   1105  -1
530   1134  -1
534   1092  -1
531   1093  -1
535   1145  -1
538   1151  -1
537   883   -1
538   908   -1
539   800   -1
539   903   -1
539   1164  -1
540   1046  -1
542   832   -1
542   1583  -1
545   802   -1
546   750   -1
548   732   -1
552   805   -1
552   1039  -1
554   939   -1
560   1028  -1
561   948   -1
560   1074  -1
561   877   -1
564   729   -1
564   934   -1
564   954   -1
564   1448  -1
565   1575  -1
570   816   -1
575   944   -1
573   962   -1
580   804   -1
575   1102  -1
575   950   -1
579   833   -1
582   739   -1
583   820   -1
585   1387  -1
587   732   -1
589   640   -1
588   1324  -1
593   1367  -1
591   1645  -1
591   852   -1
592   1320  -1
594   1906  -1
594   759   -1
596   1156  -1
601   968   -1
600   1137  -1
600   1351  -1
603   1354  -1
603   1374  -1
605   1150  -1
604   1347  -1
605   1774  -1
608   898   -1
610   846   -1
611   802   -1
615   736   -1
614   787   -1
615   851   -1
615   950   -1
615   684   -1
619   965   -1
618   1131  -1
618   572   -1
619   1350  -1
620   947   -1
620   1360  -1
620   1702  -1
624   606   -1
622   796   -1
622   1707  -1
624   618   -1
624   678   -1
626   789   -1
626   639   -1
628   1640  -1
628   783   -1
628   1354  -1
631   692   -1
631   811   -1
635   1125  -1
637   489   -1
638   1105  -1
639   1094  -1
641   785   -1
642   713   -1
641   942   -1
643   458   -1
642   675   -1
644   777   -1
646   837   -1
646   1594  -1
648   608   -1
649   916   -1
649   997   -1
648   1007  -1
648   1115  -1
650   949   -1
650   1307  -1
652   523   -1
652   1640  -1
652   459   -1
652   830   -1
653   962   -1
654   1102  -1
654   1116  -1
653   1119  -1
654   685   -1
654   924   -1
657   457   -1
656   547   -1
657   554   -1
657   896   -1
657   770   -1
657   1619  -1
659   907   -1
658   1105  -1
661   783   -1
662   854   -1
661   1183  -1
666   686   -1
667   716   -1
667   771   -1
668   617   -1
668   914   -1
667   993   -1
668   513   -1
669   746   -1
670   1388  -1
671   849   -1
672   1206  -1
673   665   -1
676   920   -1
678   1192  -1
679   642   -1
680   1255  -1
680   1477  -1
682   569   -1
683   881   -1
685   1671  -1
683   1673  -1
686   671   -1
686   1127  -1
687   695   -1
686   727   -1
688   983   -1
692   576   -1
692   902   -1
693   698   -1
694   391   -1
697   1108  -1
698   708   -1
697   726   -1
698   1053  -1
700   538   -1
702   1032  -1
704   864   -1
705   981   -1
707   160   -1
710   1197  -1
713   1140  -1
713   995   -1
714   765   -1
714   1246  -1
715   361   -1
718   361   -1
716   774   -1
716   779   -1
717   1445  -1
717   1218  -1
720   1025  -1
720   499   -1
720   591   -1
721   747   -1
723   786   -1
724   1220  -1
724   771   -1
725   993   -1
727   1650  -1
729   726   -1
730   490   -1
731   1589  -1
732   1055  -1
731   1240  -1
734   495   -1
733   519   -1
734   1018  -1
735   1014  -1
734   1653  -1
736   1187  -1
738   1194  -1
737   1220  -1
739   163   -1
741   980   -1
743   915   -1
743   1157  -1
742   1546  -1
745   650   -1
746   530   -1
746   891   -1
746   1015  -1
749   606   -1
750   924   -1
750   941   -1
751   683   -1
753   1086  -1
755   889   -1
754   1544  -1
756   707   -1
756   1044  -1
758   978   -1
762   1034  -1
764   1045  -1
764   1086  -1
764   789   -1
766   704   -1
768   947   -1
769   637   -1
769   1106  -1
771   641   -1
771   951   -1
773   1541  -1
775   1261  -1
776   983   -1
779   1372  -1
780   1540  -1
783   1048  -1
782   1517  -1
782   1615  -1
783   1080  -1
785   835   -1
784   897   -1
786   936   -1
786   971   -1
787   864   -1
786   1269  -1
786   1393  -1
788   897   -1
787   1417  -1
788   1482  -1
789   910   -1
792   852   -1
790   849   -1
791   1216  -1
792   803   -1
793   1286  -1
794   389   -1
797   681   -1
797   843   -1
798   904   -1
797   1362  -1
798   861   -1
798   1441  -1
800   1072  -1
800   1187  -1
800   890   -1
800   944   -1
802   963   -1
803   1070  -1
807   917   -1
809   743   -1
810   898   -1
815   1179  -1
815   738   -1
815   930   -1
818   706   -1
819   857   -1
818   1130  -1
819   1188  -1
820   738   -1
820   1110  -1
823   928   -1
822   1062  -1
823   1597  -1
824   992   -1
823   1133  -1
827   660   -1
827   973   -1
828   1151  -1
828   1121  -1
829   697   -1
829   712   -1
830   1030  -1
832   651   -1
832   1180  -1
835   1127  -1
836   245   -1
836   1031  -1
838   1105  -1
841   761   -1
842   1022  -1
843   1228  -1
844   1183  -1
847   926   -1
848   797   -1
850   853   -1
855   929   -1
856   817   -1
856   1003  -1
856   1160  -1
859   649   -1
859   1127  -1
861   1212  -1
862   656   -1
863   1610  -1
865   1465  -1
864   1529  -1
865   840   -1
868   949   -1
872   1320  -1
875   1117  -1
875   1257  -1
875   1331  -1
879   887   -1
883   638   -1
887   77    -1
887   1034  -1
888   1449  -1
888   1395  -1
889   158   -1
891   1461  -1
892   160   -1
891   1314  -1
891   1402  -1
893   920   -1
895   922   -1
895   1075  -1
895   884   -1
897   1343  -1
897   459   -1
900   784   -1
900   1075  -1
900   1148  -1
900   1425  -1
903   1189  -1
903   40    -1
904   1230  -1
905   1216  -1
905   1226  -1
914   482   -1
918   1283  -1
925   627   -1
925   1228  -1
926   827   -1
926   844   -1
931   716   -1
932   605   -1
936   560   -1
938   611   -1
940   1630  -1
941   577   -1
942   580   -1
947   775   -1
947   683   -1
948   695   -1
947   1120  -1
954   1147  -1
956   841   -1
956   646   -1
958   783   -1
958   773   -1
961   678   -1
961   708   -1
964   843   -1
964   895   -1
965   1170  -1
966   945   -1
967   582   -1
969   917   -1
971   817   -1
971   1208  -1
972   903   -1
975   679   -1
976   1151  -1
976   1340  -1
979   662   -1
979   929   -1
981   1165  -1
983   347   -1
988   149   -1
987   334   -1
989   419   -1
990   1353  -1
993   1005  -1
997   982   -1
998   333   -1
1000  361   -1
1004  780   -1
1009  254   -1
1010  1445  -1
1012  1369  -1
1013  334   -1
1017  107   -1
1018  224   -1
1019  1191  -1
1020  1443  -1
1020  296   -1
1024  981   -1
1028  247   -1
1029  1475  -1
1032  967   -1
1035  714   -1
1039  254   -1
1036  700   -1
1037  832   -1
1040  717   -1
1043  842   -1
1046  260   -1
1046  803   -1
1049  855   -1
1052  818   -1
1051  1196  -1
1052  1011  -1
1054  307   -1
1055  842   -1
1054  866   -1
1055  760   -1
1057  1447  -1
1057  1640  -1
1059  945   -1
1061  814   -1
1062  758   -1
1065  870   -1
1066  854   -1
1068  1068  -1
1071  1120  -1
1078  312   -1
1082  743   -1
1088  1411  -1
1099  1294  -1
1110  798   -1
1121  1448  -1
1128  1781  -1
1129  895   -1
1134  648   -1
1134  1095  -1
1136  378   -1
1137  531   -1
1139  1050  -1
1139  1393  -1
1144  528   -1
1149  814   -1
1152  1096  -1
1153  756   -1
1154  1084  -1
1156  777   -1
1156  1015  -1
1158  682   -1
1161  683   -1
1160  1022  -1
1162  821   -1
1163  417   -1
1164  899   -1
1169  1389  -1
1175  804   -1
1175  1234  -1
1175  1243  -1
1176  676   -1
1190  647   -1
1192  956   -1
1195  950   -1
1201  1174  -1
1216  679   -1
1217  503   -1
1220  638   -1
1221  766   -1
1224  180   -1
1227  665   -1
1230  640   -1
1233  621   -1
1235  1177  -1
1238  504   -1
1239  1138  -1
1240  1280  -1
1245  708   -1
1246  395   -1
1249  721   -1
1249  730   -1
1250  715   -1
1251  628   -1
1252  985   -1
1254  725   -1
1255  974   -1
1255  575   -1
1256  1285  -1
1259  675   -1
1259  938   -1
1260  724   -1
1261  455   -1
1260  593   -1
1261  1299  -1
1265  605   -1
1264  1112  -1
1265  1207  -1
1268  923   -1
1270  677   -1
1269  1236  -1
1272  438   -1
1274  435   -1
1273  578   -1
1271  575   -1
1272  710   -1
1272  1060  -1
1274  489   -1
1274  568   -1
1276  908   -1
1275  911   -1
1273  1258  -1
1274  1158  -1
1277  831   -1
1278  482   -1
1278  937   -1
1279  471   -1
1280  803   -1
1283  802   -1
1281  732   -1
1283  791   -1
1283  309   -1
1283  795   -1
1285  756   -1
1285  490   -1
1288  870   -1
1290  1180  -1
1299  520   -1
1304  410   -1
1304  228   -1
1304  1226  -1
1309  1080  -1
1310  566   -1
1315  1202  -1
1314  1227  -1
1317  310   -1
1319  613   -1
1318  685   -1
1319  1408  -1
1320  1120  -1
1324  1168  -1
1324  521   -1
1328  555   -1
1329  406   -1
1330  964   -1
1330  1227  -1
1333  294   -1
1333  705   -1
1334  577   -1
1336  1062  -1
1337  961   -1
1339  447   -1
1342  1193  -1
1344  1111  -1
1344  1285  -1
1346  579   -1
1347  589   -1
1348  687   -1
1350  452   -1
1351  363   -1
1353  489   -1
1354  493   -1
1354  370   -1
1354  837   -1
1355  575   -1
1363  956   -1
1362  1159  -1
1368  847   -1
1368  1126  -1
1375  1066  -1
1375  909   -1
1377  662   -1
1379  1377  -1
1382  909   -1
1388  434   -1
1392  1173  -1
1394  625   -1
1394  1381  -1
1395  660   -1
1397  1036  -1
1397  1111  -1
1397  642   -1
1402  673   -1
1401  770   -1
1404  859   -1
1409  564   -1
1406  564   -1
1407  574   -1
1413  484   -1
1413  789   -1
1413  926   -1
1417  507   -1
1419  865   -1
1420  599   -1
1423  393   -1
1425  911   -1
1429  721   -1
1429  621   -1
1433  719   -1
1434  676   -1
1434  1027  -1
1435  581   -1
1435  715   -1
1438  444   -1
1438  657   -1
1441  557   -1
1443  883   -1
1443  342   -1
1443  680   -1
1449  701   -1
1452  371   -1
1452  1398  -1
1456  1434  -1
1456  350   -1
1459  585   -1
1458  781   -1
1461  445   -1
1461  674   -1
1461  1441  -1
1462  1057  -1
1462  1174  -1
1464  1364  -1
1464  1371  -1
1464  1465  -1
1466  672   -1
1465  1041  -1
1467  375   -1
1468  1006  -1
1470  355   -1
1472  677   -1
1473  707   -1
1473  1410  -1
1476  151   -1
1479  973   -1
1482  537   -1
1484  931   -1
1485  572   -1
1485  927   -1
1486  958   -1
1488  1838  -1
1492  914   -1
1492  547   -1
1494  1624  -1
1496  575   -1
1496  583   -1
1499  1517  -1
1500  705   -1
1502  1191  -1
1501  1596  -1
1503  1580  -1
1503  599   -1
1506  725   -1
1509  1643  -1
1513  1057  -1
1514  1511  -1
1515  597   -1
1516  414   -1
1517  1304  -1
1519  736   -1
1520  375   -1
1522  1631  -1
1522  1824  -1
1524  631   -1
1526  371   -1
1524  373   -1
1526  1824  -1
1527  1821  -1
1524  1821  -1
1525  1652  -1
1527  422   -1
1528  1180  -1
1530  1486  -1
1530  780   -1
1537  1681  -1
1541  456   -1
1546  580   -1
1547  993   -1
1551  624   -1
1553  520   -1
1553  1032  -1
1555  815   -1
1560  554   -1
1562  592   -1
1562  806   -1
1563  643   -1
1565  941   -1
1567  482   -1
1567  1460  -1
1570  791   -1
1570  487   -1
1571  705   -1
1573  1062  -1
1572  1279  -1
1573  768   -1
1574  426   -1
1574  942   -1
1578  509   -1
1578  947   -1
1580  957   -1
1581  651   -1
1583  532   -1
1584  353   -1
1584  1267  -1
1585  726   -1
1585  1413  -1
1592  1281  -1
1592  795   -1
1595  937   -1
1598  1590  -1
1599  852   -1
1599  927   -1
1601  674   -1
1601  903   -1
1602  442   -1
1602  579   -1
1602  1208  -1
1605  1609  -1
1606  909   -1
1610  840   -1
1611  1389  -1
1611  1606  -1
1616  603   -1
1622  805   -1
1622  651   -1
1622  1535  -1
1628  427   -1
1627  939   -1
1628  1170  -1
1628  1703  -1
1629  554   -1
1630  519   -1
1630  885   -1
1630  969   -1
1630  791   -1
1636  1120  -1
1640  748   -1
1643  606   -1
1645  501   -1
1650  913   -1
1655  1105  -1
1657  456   -1
1657  1563  -1
1661  1576  -1
1667  1060  -1
1675  551   -1
1674  1027  -1
1675  1549  -1
1676  1087  -1
1682  494   -1
1688  713   -1
1693  775   -1
1693  856   -1
1698  920   -1
1702  957   -1
1703  934   -1
1706  937   -1
1707  918   -1
1707  979   -1
1713  978   -1
1717  606   -1
1717  616   -1
1717  684   -1
1719  1342  -1
1721  1271  -1
1724  1338  -1
1727  1356  -1
1728  1338  -1
1735  447   -1
1737  1435  -1
1747  1443  -1
1750  496   -1
1755  1277  -1
1765  727   -1
1766  1440  -1
1776  1082  -1
1777  357   -1
1788  1091  -1
1806  1716  -1
1846  1169  -1
1856  1168  -1
1866  1208  -1
1874  1265  -1
1921  1370  -1
448   632   0
449   631   0
459   698   1
457   698   1
470   930   2
471   930   2
511   1031  3
512   1030  3
536   804   4
534   803   4
552   1591  5
552   1592  5
581   755   6
580   754   6
644   113   7
644   114   7
814   1054  8
815   1052  8
827   920   9
828   920   9
1570  660   10
1571  661   10
154   714   11
156   715   11
153   713   11
155   712   11
193   527   12
194   529   12
256   1050  13
257   1051  13
294   1081  14
292   1081  14
309   261   15
309   263   15
309   261   15
310   263   15
317   628   16
318   630   16
317   628   16
318   630   16
317   628   16
318   630   16
316   629   16
319   629   16
315   628   16
320   630   16
317   628   16
316   630   16
319   632   16
315   626   16
319   629   16
314   628   16
321   630   16
319   627   16
318   630   16
315   630   16
322   988   17
320   987   17
360   882   18
359   881   18
371   1377  19
371   1377  19
386   733   20
387   732   20
389   1407  21
387   1408  21
397   1390  22
399   1389  22
400   581   23
398   580   23
406   655   24
406   656   24
404   655   24
417   1130  25
419   1131  25
429   1543  26
427   1543  26
429   778   27
428   777   27
434   602   28
436   603   28
435   736   29
437   736   29
437   1029  30
438   1028  30
442   1086  31
440   1087  31
448   675   32
450   676   32
448   708   33
449   708   33
452   693   34
454   693   34
454   606   35
455   607   35
454   1089  36
454   1091  36
459   1621  37
457   1621  37
462   591   38
461   591   38
463   860   39
461   860   39
464   1071  40
462   1070  40
468   711   41
467   710   41
469   1067  42
470   1067  42
470   1117  43
468   1117  43
471   686   44
471   686   44
471   719   45
472   720   45
475   825   46
473   825   46
475   1082  47
474   1083  47
482   736   48
480   736   48
483   726   49
483   725   49
486   1609  50
487   1607  50
493   971   51
493   972   51
495   666   52
493   666   52
497   763   53
496   764   53
496   1021  54
497   1021  54
496   1022  54
495   1020  54
499   1063  55
498   1063  55
500   1098  56
499   1100  56
501   982   57
499   981   57
503   827   58
501   827   58
501   1035  59
502   1036  59
507   809   60
507   810   60
502   808   61
504   809   61
504   986   62
504   986   62
507   1555  63
506   1555  63
506   1557  63
509   841   64
509   842   64
511   876   65
511   876   65
511   875   65
511   1060  66
509   1059  66
513   609   67
514   608   67
516   726   68
517   728   68
518   1032  69
516   1031  69
518   747   70
518   748   70
520   715   71
519   713   71
526   527   72
525   527   72
525   1004  73
525   1004  73
526   1061  74
526   1061  74
529   955   75
530   954   75
533   1031  76
535   1032  76
537   1148  77
536   1148  77
536   552   78
536   552   78
537   970   79
537   970   79
536   1051  80
537   1051  80
539   739   81
539   738   81
540   740   81
539   897   82
540   896   82
540   777   83
541   776   83
539   776   83
543   1000  84
545   1000  84
544   815   85
544   814   85
544   817   85
548   720   86
547   718   86
549   789   87
547   788   87
549   715   88
549   713   88
550   1103  89
550   1103  89
553   872   90
552   871   90
561   826   91
561   827   91
562   806   92
562   807   92
562   1053  93
561   1053  93
562   1114  94
562   1114  94
566   184   95
565   183   95
566   185   95
565   538   96
567   539   96
566   537   96
569   1172  97
570   1173  97
570   944   98
571   945   98
570   721   99
570   719   99
570   964   100
571   964   100
574   992   101
574   993   101
576   803   102
576   803   102
577   803   102
576   803   102
574   1359  103
575   1357  103
579   593   104
577   593   104
577   814   105
579   814   105
582   1130  106
581   1129  106
584   728   107
585   729   107
589   669   108
588   670   108
589   676   109
590   677   109
590   1363  110
591   1365  110
594   1145  111
595   1146  111
596   761   112
596   762   112
595   1106  113
596   1105  113
597   614   114
598   614   114
600   739   115
601   738   115
600   623   116
601   624   116
602   1018  117
601   1019  117
604   1001  118
604   1001  118
603   1001  118
604   1025  119
605   1026  119
610   629   120
611   629   120
613   727   121
614   729   121
614   1188  122
614   1188  122
618   850   123
620   849   123
616   963   124
616   963   124
618   933   125
617   933   125
619   1156  126
619   1156  126
620   950   127
622   951   127
622   602   128
623   602   128
622   601   128
623   603   128
622   601   128
622   1711  129
622   1713  129
630   515   130
629   514   130
630   992   131
628   992   131
629   1127  132
629   1127  132
629   1336  133
629   1334  133
629   754   134
629   753   134
630   736   135
632   736   135
631   837   136
630   836   136
631   1134  137
632   1134  137
630   1133  137
632   763   138
632   763   138
632   1636  139
633   1635  139
634   650   140
634   649   140
635   918   141
635   916   141
637   669   142
635   669   142
636   997   143
636   997   143
641   1230  144
641   1231  144
643   1199  145
641   1199  145
642   946   146
643   946   146
644   1100  147
645   1099  147
646   579   148
644   579   148
647   580   148
646   64    149
648   65    149
646   707   150
646   709   150
646   1016  151
646   1016  151
649   1330  152
650   1331  152
649   1329  152
652   665   153
651   664   153
650   662   153
653   665   153
651   664   153
649   661   153
653   664   153
650   852   154
650   853   154
650   656   155
651   657   155
651   789   156
650   789   156
651   926   157
650   927   157
655   601   158
655   599   158
656   910   159
655   910   159
656   917   160
655   918   160
658   612   161
657   612   161
656   1318  162
656   1318  162
658   429   163
658   430   163
659   441   164
659   441   164
658   650   165
659   652   165
664   784   166
665   785   166
664   505   167
663   504   167
665   671   168
665   671   168
665   1158  169
667   1157  169
668   1324  170
668   1324  170
670   1126  171
668   1125  171
671   1181  172
671   1180  172
676   604   173
674   604   173
675   1149  174
676   1148  174
677   724   175
676   723   175
678   723   175
677   747   176
676   748   176
676   758   177
677   757   177
678   1284  178
677   1284  178
678   709   179
678   709   179
680   885   180
679   884   180
678   955   181
679   956   181
685   1028  182
685   1027  182
687   1569  183
689   1568  183
689   411   184
687   411   184
688   684   185
688   684   185
691   683   186
691   684   186
690   1072  187
689   1072  187
691   573   188
692   572   188
692   1010  189
693   1010  189
694   775   190
692   777   190
694   777   190
697   564   191
696   563   191
698   720   192
698   721   192
698   1272  193
699   1272  193
700   399   194
700   401   194
700   591   195
700   591   195
703   676   196
703   675   196
704   1267  197
702   1267  197
704   1047  198
703   1046  198
704   1283  199
703   1282  199
708   888   200
706   888   200
707   1282  201
707   1282  201
707   383   202
708   384   202
710   694   203
711   696   203
710   1096  204
711   1097  204
711   1250  205
712   1249  205
712   882   206
714   881   206
714   564   207
715   564   207
715   566   207
716   996   208
716   996   208
716   1199  209
718   1199  209
718   1187  210
718   1186  210
718   1208  211
717   1208  211
721   472   212
721   470   212
721   478   213
721   476   213
722   1188  214
722   1186  214
721   1611  215
723   1610  215
726   594   216
725   593   216
725   968   217
724   969   217
727   762   218
726   762   218
730   353   219
728   352   219
730   1157  220
730   1157  220
730   585   221
731   585   221
732   330   222
731   332   222
733   997   223
733   997   223
735   932   224
735   932   224
737   295   225
736   296   225
736   965   226
737   964   226
738   1007  227
738   1007  227
738   1209  228
738   1207  228
739   1200  229
740   1199  229
740   1228  230
739   1229  230
742   494   231
740   494   231
742   496   231
740   1196  232
741   1196  232
743   754   233
741   754   233
745   948   234
743   947   234
746   948   234
745   1019  235
746   1019  235
747   810   236
747   810   236
747   810   236
748   809   236
749   810   236
753   896   237
751   897   237
753   896   237
753   767   238
752   768   238
753   767   238
752   819   239
751   817   239
753   1053  240
752   1054  240
754   552   241
754   552   241
754   967   242
755   967   242
753   1528  243
755   1527  243
755   623   244
754   622   244
754   670   245
755   671   245
756   670   245
756   940   246
757   939   246
757   1015  247
759   1016  247
762   991   248
761   990   248
761   1118  249
761   1118  249
761   903   250
761   903   250
765   647   251
766   647   251
766   1016  252
765   1016  252
766   1051  253
765   1051  253
765   1073  254
766   1074  254
767   1096  255
767   1096  255
769   1097  255
770   902   256
771   901   256
769   924   257
770   925   257
771   1126  258
771   1127  258
772   861   259
773   860   259
774   952   260
776   952   260
771   1016  261
772   1015  261
772   1159  262
772   1159  262
772   552   263
772   550   263
778   790   264
776   790   264
778   820   265
778   820   265
779   653   266
781   653   266
781   811   267
781   812   267
782   811   267
784   309   268
784   310   268
784   790   269
785   789   269
786   1046  270
787   1046  270
788   829   271
789   830   271
789   953   272
789   953   272
790   203   273
789   205   273
792   913   274
792   914   274
792   1436  275
791   1435  275
793   812   276
793   812   276
792   871   277
793   871   277
792   874   278
793   875   278
794   591   279
794   591   279
794   1325  280
793   1325  280
796   828   281
796   828   281
799   838   282
798   839   282
803   318   283
803   320   283
804   712   284
804   710   284
804   890   285
805   889   285
805   571   286
805   570   286
805   598   287
806   600   287
807   288   288
808   290   288
808   811   289
809   811   289
810   930   290
809   931   290
812   959   291
811   958   291
812   1045  292
814   1047  292
812   1046  292
813   855   293
812   855   293
813   925   294
814   925   294
815   1162  295
814   1161  295
815   623   296
817   623   296
817   779   297
819   780   297
820   1032  298
819   1033  298
821   789   299
822   790   299
825   1108  300
824   1107  300
836   816   301
837   815   301
836   1021  302
835   1020  302
839   312   303
839   310   303
839   752   304
838   751   304
839   753   304
840   650   305
840   650   305
845   1116  306
844   1116  306
846   984   307
846   986   307
850   1384  308
850   1384  308
853   701   309
853   702   309
853   701   309
852   701   309
852   1173  310
851   1172  310
853   720   311
852   721   311
853   921   312
852   921   312
856   1244  313
856   1244  313
859   948   314
859   946   314
860   169   315
860   171   315
860   939   316
861   939   316
868   83    317
867   81    317
868   84    317
871   1013  318
871   1012  318
870   1114  319
871   1114  319
872   1289  320
873   1289  320
873   854   321
875   854   321
873   1029  322
874   1031  322
875   903   323
876   903   323
876   925   324
876   925   324
884   1128  325
884   1128  325
886   1128  325
885   1369  326
886   1367  326
886   914   327
888   914   327
888   667   328
888   668   328
888   1181  329
889   1181  329
889   885   330
890   885   330
889   1191  331
888   1191  331
891   1236  332
891   1236  332
892   963   333
892   962   333
892   568   334
894   568   334
894   997   335
894   997   335
893   1001  336
893   1002  336
903   662   337
903   662   337
902   661   337
903   662   337
902   663   337
902   661   337
901   1255  338
900   1254  338
904   899   339
903   898   339
908   647   340
907   646   340
908   744   341
907   743   341
913   977   342
914   977   342
915   847   343
914   846   343
915   1600  344
915   1602  344
918   1300  345
916   1300  345
921   1279  346
921   1279  346
919   1280  346
925   1165  347
924   1164  347
928   1163  348
929   1163  348
933   629   349
935   630   349
932   807   350
933   807   350
934   759   351
933   759   351
935   772   352
933   772   352
940   908   353
941   909   353
941   1123  354
941   1123  354
944   1197  355
945   1197  355
944   928   356
945   929   356
947   567   357
947   567   357
952   718   358
952   718   358
953   718   358
954   719   358
954   866   359
954   865   359
954   901   360
953   901   360
955   694   361
954   693   361
956   752   362
957   751   362
957   627   363
958   628   363
961   1345  364
961   1345  364
967   762   365
967   762   365
967   670   366
968   670   366
971   671   366
970   671   366
971   1343  367
970   1345  367
977   681   368
977   681   368
980   756   369
979   757   369
982   1592  370
984   1591  370
986   958   371
986   959   371
986   1369  372
987   1370  372
989   316   373
989   315   373
989   798   374
988   799   374
993   960   375
992   959   375
996   343   376
994   343   376
997   802   377
997   802   377
1001  984   378
1001  983   378
1004  831   379
1005  832   379
1005  1176  380
1004  1176  380
1010  1053  381
1011  1053  381
1011  1170  382
1013  1171  382
1017  753   383
1017  753   383
1017  838   384
1017  837   384
1016  1573  385
1016  1573  385
1018  760   386
1017  761   386
1018  780   387
1017  780   387
1021  1513  388
1022  1512  388
1027  985   389
1027  985   389
1030  1140  390
1031  1139  390
1036  254   391
1037  256   391
1039  853   392
1040  854   392
1045  1397  393
1046  1398  393
1046  1395  393
1046  846   394
1046  847   394
1046  971   395
1048  971   395
1049  937   396
1050  937   396
1049  1659  397
1048  1660  397
1052  850   398
1050  850   398
1053  828   399
1052  827   399
1054  1426  400
1055  1425  400
1057  951   401
1056  949   401
1057  1903  402
1057  1902  402
1058  818   403
1059  819   403
1057  820   403
1057  962   404
1058  963   404
1059  994   405
1060  995   405
1065  834   406
1064  834   406
1066  639   407
1067  639   407
1067  713   408
1066  712   408
1067  1336  409
1067  1335  409
1069  1664  410
1068  1662  410
1070  966   411
1071  965   411
1074  617   412
1073  619   412
1075  968   413
1075  968   413
1078  824   414
1080  825   414
1082  826   414
1081  695   415
1081  695   415
1082  790   416
1082  790   416
1082  948   417
1082  948   417
1085  969   418
1084  969   418
1088  643   419
1088  645   419
1088  647   419
1089  805   420
1089  806   420
1089  805   420
1092  806   421
1092  806   421
1091  808   421
1096  600   422
1096  600   422
1107  760   423
1108  761   423
1106  1018  424
1106  1019  424
1111  626   425
1112  627   425
1114  936   426
1114  935   426
1116  573   427
1115  574   427
1128  1286  428
1127  1285  428
1130  741   429
1129  742   429
1131  696   430
1130  696   430
1131  961   431
1131  962   431
1139  718   432
1139  718   432
1137  721   433
1136  720   433
1138  665   434
1138  664   434
1143  767   435
1143  766   435
1144  733   436
1143  734   436
1144  1469  437
1144  1470  437
1145  943   438
1147  942   438
1154  209   439
1153  210   439
1154  782   440
1153  781   440
1154  841   441
1154  842   441
1158  381   442
1158  382   442
1157  531   443
1158  531   443
1157  654   444
1157  653   444
1158  848   445
1157  848   445
1159  577   446
1158  578   446
1167  1278  447
1166  1279  447
1169  766   448
1168  767   448
1170  766   448
1176  574   449
1175  575   449
1177  686   450
1176  687   450
1185  628   451
1185  629   451
1187  983   452
1187  982   452
1194  1355  453
1193  1354  453
1197  582   454
1197  581   454
1199  817   455
1200  816   455
1201  643   456
1202  642   456
1201  846   457
1203  846   457
1203  1450  458
1202  1449  458
1204  616   459
1204  615   459
1204  954   460
1204  953   460
1208  594   461
1208  592   461
1210  593   461
1209  944   462
1210  945   462
1208  946   462
1211  531   463
1211  532   463
1211  628   464
1210  629   464
1211  467   465
1211  469   465
1218  1125  466
1218  1125  466
1219  1143  467
1219  1143  467
1220  900   468
1220  899   468
1227  721   469
1226  721   469
1227  899   470
1228  899   470
1228  515   471
1229  515   471
1235  1279  472
1235  1279  472
1236  554   473
1237  554   473
1236  803   474
1237  804   474
1242  770   475
1241  771   475
1245  912   476
1247  913   476
1245  912   476
1250  725   477
1251  724   477
1250  830   478
1252  830   478
1252  600   479
1252  600   479
1253  1032  480
1253  1034  480
1255  536   481
1255  538   481
1257  1422  482
1259  1422  482
1262  476   483
1261  475   483
1261  869   484
1261  868   484
1264  602   485
1264  602   485
1264  533   486
1265  532   486
1266  223   487
1267  222   487
1268  650   488
1269  652   488
1268  1436  489
1267  1436  489
1271  867   490
1270  866   490
1275  698   491
1274  698   491
1279  511   492
1281  510   492
1287  713   493
1285  713   493
1288  1046  494
1288  1046  494
1289  805   495
1292  806   495
1290  805   495
1293  502   496
1293  502   496
1292  501   496
1293  1036  497
1291  1036  497
1295  1059  498
1295  1059  498
1294  1059  498
1295  856   499
1296  855   499
1298  429   500
1297  430   500
1303  1239  501
1303  1240  501
1303  1141  502
1305  1141  502
1305  1264  503
1306  1264  503
1311  1239  504
1312  1238  504
1315  551   505
1316  550   505
1316  1217  506
1317  1216  506
1334  1276  507
1332  1276  507
1335  570   508
1335  571   508
1335  570   508
1337  569   508
1336  573   508
1335  1160  509
1335  1160  509
1339  441   510
1339  442   510
1339  539   511
1340  539   511
1340  618   512
1341  618   512
1341  822   513
1340  822   513
1341  1123  514
1342  1122  514
1343  1124  514
1344  810   515
1345  810   515
1350  650   516
1348  649   516
1353  1097  517
1352  1098  517
1352  1138  518
1354  1139  518
1355  431   519
1355  431   519
1356  431   519
1356  983   520
1356  983   520
1356  983   520
1363  381   521
1364  383   521
1364  906   522
1364  906   522
1369  632   523
1369  632   523
1373  646   524
1372  645   524
1374  638   525
1376  637   525
1381  800   526
1380  801   526
1381  725   527
1381  725   527
1385  670   528
1385  672   528
1388  660   529
1386  658   529
1386  660   529
1394  957   530
1394  956   530
1394  440   531
1396  439   531
1395  444   532
1394  446   532
1400  541   533
1400  541   533
1402  1053  534
1401  1053  534
1404  968   535
1404  968   535
1406  785   536
1405  787   536
1407  785   536
1409  664   537
1411  663   537
1414  897   538
1414  897   538
1415  827   539
1414  828   539
1421  994   540
1420  993   540
1422  918   541
1423  919   541
1427  618   542
1425  618   542
1430  1024  543
1430  1025  543
1433  1367  544
1433  1366  544
1436  779   545
1436  781   545
1438  780   545
1440  1000  546
1441  1000  546
1444  391   547
1446  391   547
1447  426   548
1447  426   548
1446  428   548
1449  1064  549
1449  1063  549
1459  789   550
1458  788   550
1465  480   551
1464  482   551
1473  854   552
1474  854   552
1477  884   553
1476  884   553
1479  1432  554
1477  1433  554
1480  1140  555
1480  1140  555
1480  1176  556
1480  1177  556
1482  721   557
1482  719   557
1484  1082  558
1483  1082  558
1484  1284  559
1484  1283  559
1488  1186  560
1486  1186  560
1489  896   561
1488  896   561
1490  1600  562
1489  1600  562
1494  558   563
1493  559   563
1494  826   564
1495  825   564
1508  1524  565
1508  1525  565
1516  1630  566
1515  1630  566
1517  1297  567
1517  1299  567
1529  1819  568
1531  1818  568
1527  789   569
1526  789   569
1533  563   570
1533  562   570
1534  563   570
1532  565   570
1533  562   570
1536  748   571
1536  747   571
1540  619   572
1539  620   572
1541  763   573
1541  765   573
1546  710   574
1544  711   574
1549  566   575
1548  565   575
1553  1094  576
1551  1094  576
1554  643   577
1555  643   577
1561  631   578
1560  633   578
1558  633   578
1576  707   579
1577  707   579
1576  707   579
1575  709   579
1577  707   579
1575  707   579
1575  709   579
1577  707   579
1580  1615  580
1582  1615  580
1581  890   581
1581  889   581
1583  953   582
1582  953   582
1584  745   583
1584  746   583
1588  964   584
1587  964   584
1588  1434  585
1588  1436  585
1594  841   586
1594  843   586
1599  740   587
1600  739   587
1598  943   588
1599  944   588
1602  759   589
1603  761   589
1603  642   590
1605  643   590
1602  644   590
1620  640   591
1621  641   591
1623  1397  592
1624  1397  592
1629  638   593
1627  639   593
1631  1153  594
1629  1153  594
1641  633   595
1640  634   595
1647  1332  596
1646  1333  596
1682  808   597
1682  809   597
1682  1038  598
1683  1039  598
1692  836   599
1694  835   599
1695  955   600
1697  954   600
1700  1574  601
1698  1573  601
1707  993   602
1707  993   602
1710  978   603
1710  977   603
1712  885   604
1713  885   604
1739  568   605
1741  568   605
1811  576   606
1811  578   606
1826  1155  607
1826  1156  607
1836  306   608
1838  306   608
1904  1436  609
1904  1434  609