# Filename: CLN3-561nm_416_ctrl_60x_006.tif
# Puncta radius (pixels): (1.3888888888888888, 1.3888888888888888)
# Puncta radius (nm): (150, 150)
# Cluster threshold (nm): 300
# Min puncta per cluster: 2
# Voxel size (nm): (108, 108, 200)
Y     X     CLUSTER_ID
0     1659  -1
1     760   -1
2     751   -1
2     1805  -1
3     1931  -1
9     1732  -1
10    759   -1
10    1216  -1
20    1353  -1
21    1378  -1
27    252   -1
28    1053  -1
31    1359  -1
33    792   -1
36    1343  -1
38    1135  -1
49    1018  -1
49    1327  -1
55    1077  -1
55    1183  -1
55    1567  -1
56    1063  -1
57    1354  -1
65    1445  -1
67    1168  -1
68    731   -1
73    813   -1
74    155   -1
74    1869  -1
75    1542  -1
76    1342  -1
79    1182  -1
80    849   -1
84    219   -1
84    1552  -1
85    809   -1
85    1616  -1
86    1319  -1
86    1545  -1
89    1739  -1
90    867   -1
90    1263  -1
96    1304  -1
97    1065  -1
98    1273  -1
98    1468  -1
99    1319  -1
101   273   -1
101   1239  -1
102   1547  -1
103   1649  -1
104   290   -1
105   1209  -1
105   1310  -1
107   812   -1
111   1537  -1
113   533   -1
116   1589  -1
117   717   -1
117   1583  -1
118   486   -1
118   1465  -1
119   404   -1
119   1087  -1
120   1644  -1
121   1909  -1
123   1148  -1
124   1623  -1
127   1283  -1
127   1673  -1
128   346   -1
128   1119  -1
128   1417  -1
130   1645  -1
131   1018  -1
131   1279  -1
131   1486  -1
132   969   -1
133   1416  -1
136   1535  -1
136   1578  -1
138   1029  -1
138   1598  -1
139   1562  -1
139   1589  -1
139   1630  -1
140   1522  -1
142   688   -1
143   432   -1
143   944   -1
144   376   -1
145   855   -1
146   408   -1
148   1005  -1
151   787   -1
153   247   -1
153   1159  -1
155   861   -1
155   1051  -1
157   1582  -1
158   1019  -1
158   1539  -1
158   1547  -1
162   1040  -1
162   1503  -1
163   363   -1
166   558   -1
167   656   -1
169   1958  -1
170   1088  -1
173   189   -1
173   1314  -1
175   653   -1
177   1359  -1
177   1373  -1
179   1659  -1
181   1437  -1
182   181   -1
182   1266  -1
182   1425  -1
183   1538  -1
184   654   -1
184   1093  -1
185   305   -1
186   352   -1
187   95    -1
189   1500  -1
190   1744  -1
191   755   -1
191   802   -1
193   1534  -1
194   695   -1
195   187   -1
196   380   -1
199   1628  -1
200   932   -1
201   873   -1
205   355   -1
206   574   -1
206   1440  -1
207   1367  -1
207   1485  -1
207   1548  -1
208   895   -1
210   1430  -1
211   1048  -1
215   66    -1
215   1032  -1
215   1851  -1
216   595   -1
216   1427  -1
216   1738  -1
219   1512  -1
219   1713  -1
221   838   -1
221   1488  -1
223   798   -1
226   313   -1
226   537   -1
231   1259  -1
232   567   -1
233   884   -1
234   1566  -1
237   1799  -1
238   495   -1
239   1488  -1
240   446   -1
240   458   -1
242   1774  -1
244   78    -1
244   600   -1
245   517   -1
247   1210  -1
250   834   -1
251   890   -1
251   1618  -1
253   899   -1
253   1319  -1
256   481   -1
256   1489  -1
258   113   -1
258   911   -1
259   1836  -1
261   971   -1
262   1296  -1
263   384   -1
265   1683  -1
266   649   -1
268   1356  -1
271   1628  -1
275   618   -1
275   1034  -1
275   1038  -1
276   241   -1
276   1501  -1
278   914   -1
279   413   -1
279   671   -1
279   1220  -1
282   186   -1
282   209   -1
282   606   -1
283   592   -1
283   837   -1
284   545   -1
284   1072  -1
285   982   -1
285   1085  -1
285   1673  -1
286   1751  -1
287   677   -1
288   824   -1
289   1625  -1
290   845   -1
290   866   -1
290   1702  -1
291   205   -1
291   1821  -1
292   949   -1
292   1602  -1
293   1642  -1
294   57    -1
296   981   -1
298   1179  -1
300   1638  -1
300   1660  -1
303   1736  -1
304   1552  -1
306   41    -1
306   221   -1
306   1685  -1
307   863   -1
307   1279  -1
308   254   -1
308   405   -1
309   825   -1
310   724   -1
311   947   -1
311   1839  -1
312   359   -1
312   1636  -1
313   1585  -1
315   591   -1
315   1858  -1
318   453   -1
318   1518  -1
320   368   -1
320   564   -1
321   237   -1
322   673   -1
322   1561  -1
322   1671  -1
322   1884  -1
323   388   -1
323   776   -1
323   857   -1
323   1763  -1
324   1652  -1
324   1859  -1
328   852   -1
329   1557  -1
331   914   -1
334   706   -1
334   1011  -1
335   739   -1
336   1702  -1
336   1780  -1
337   1758  -1
339   409   -1
339   1036  -1
341   129   -1
341   967   -1
342   82    -1
342   1977  -1
343   870   -1
344   125   -1
344   994   -1
344   1552  -1
345   274   -1
347   300   -1
347   456   -1
347   1742  -1
348   1616  -1
349   91    -1
351   1749  -1
353   604   -1
353   1350  -1
356   1569  -1
358   1637  -1
359   96    -1
360   1641  -1
360   1655  -1
361   84    -1
361   437   -1
361   753   -1
361   979   -1
361   1136  -1
361   1537  -1
362   1584  -1
362   1683  -1
362   1721  -1
363   1950  -1
365   413   -1
365   1824  -1
366   1510  -1
366   1664  -1
366   1938  -1
367   171   -1
367   731   -1
367   1684  -1
369   307   -1
370   722   -1
370   1650  -1
371   1542  -1
371   1673  -1
371   1725  -1
372   123   -1
373   771   -1
373   981   -1
373   1633  -1
374   472   -1
376   254   -1
376   401   -1
376   817   -1
376   1623  -1
377   589   -1
378   1942  -1
379   265   -1
380   1616  -1
380   1697  -1
381   759   -1
381   1706  -1
385   219   -1
386   568   -1
386   577   -1
388   589   -1
389   1497  -1
389   1555  -1
389   1637  -1
389   1656  -1
390   241   -1
391   796   -1
393   291   -1
393   1927  -1
394   212   -1
394   430   -1
394   1736  -1
395   768   -1
395   903   -1
395   1660  -1
396   412   -1
398   1045  -1
399   18    -1
399   554   -1
400   11    -1
400   723   -1
400   1598  -1
400   1650  -1
402   1609  -1
403   475   -1
405   1592  -1
406   87    -1
406   805   -1
406   1760  -1
407   1917  -1
409   1238  -1
409   1660  -1
410   488   -1
410   1180  -1
410   1637  -1
411   835   -1
412   1168  -1
414   821   -1
414   1634  -1
415   428   -1
415   486   -1
415   846   -1
417   94    -1
417   1780  -1
417   1885  -1
419   1473  -1
422   1442  -1
423   233   -1
425   525   -1
426   247   -1
426   596   -1
427   1643  -1
428   510   -1
429   743   -1
430   113   -1
431   813   -1
431   1969  -1
432   1213  -1
433   531   -1
433   956   -1
434   1850  -1
436   426   -1
436   1275  -1
436   1601  -1
438   1643  -1
439   481   -1
439   572   -1
439   1671  -1
440   1884  -1
440   1922  -1
441   1503  -1
443   211   -1
443   328   -1
445   1494  -1
449   436   -1
451   149   -1
457   165   -1
457   1507  -1
457   1919  -1
458   1581  -1
461   133   -1
461   220   -1
461   435   -1
461   1138  -1
461   1380  -1
463   851   -1
463   1106  -1
464   154   -1
464   605   -1
466   113   -1
467   454   -1
467   1599  -1
467   1682  -1
468   57    -1
468   199   -1
468   617   -1
469   226   -1
469   1636  -1
471   574   -1
472   79    -1
472   114   -1
472   589   -1
472   1063  -1
472   1153  -1
474   138   -1
474   167   -1
474   476   -1
474   567   -1
475   91    -1
476   1583  -1
477   1642  -1
478   500   -1
480   478   -1
481   242   -1
481   461   -1
481   1261  -1
481   1918  -1
486   177   -1
486   1529  -1
487   1549  -1
488   51    -1
488   1631  -1
490   1681  -1
493   192   -1
493   603   -1
493   1594  -1
496   242   -1
497   1583  -1
497   1638  -1
500   167   -1
500   482   -1
503   1194  -1
504   587   -1
506   80    -1
506   988   -1
508   1911  -1
510   509   -1
510   1589  -1
511   1961  -1
515   739   -1
515   1207  -1
515   1676  -1
516   1938  -1
517   1651  -1
518   901   -1
519   1594  -1
523   162   -1
523   1590  -1
526   460   -1
528   1070  -1
529   179   -1
530   1491  -1
533   161   -1
533   505   -1
534   650   -1
536   494   -1
537   891   -1
538   83    -1
541   258   -1
541   1423  -1
542   1938  -1
543   1170  -1
547   511   -1
548   202   -1
549   1473  -1
551   192   -1
554   506   -1
556   72    -1
559   2     -1
563   975   -1
563   1220  -1
563   1645  -1
564   506   -1
564   639   -1
566   247   -1
566   497   -1
567   196   -1
569   615   -1
570   52    -1
571   30    -1
571   600   -1
573   874   -1
573   1214  -1
576   690   -1
576   1843  -1
577   15    -1
577   80    -1
577   1482  -1
579   167   -1
580   24    -1
580   161   -1
582   1057  -1
583   193   -1
584   521   -1
585   50    -1
585   927   -1
586   1481  -1
588   1842  -1
592   662   -1
597   544   -1
597   1936  -1
598   1643  -1
599   1466  -1
602   1116  -1
603   205   -1
604   1985  -1
605   5     -1
606   1684  -1
608   678   -1
609   315   -1
610   607   -1
610   1902  -1
611   1893  -1
612   1178  -1
612   1375  -1
616   72    -1
616   217   -1
618   1612  -1
620   97    -1
620   1138  -1
621   607   -1
622   189   -1
623   150   -1
623   200   -1
627   213   -1
627   1948  -1
628   74    -1
629   782   -1
631   609   -1
631   618   -1
633   1278  -1
635   167   -1
635   352   -1
638   796   -1
639   106   -1
639   726   -1
642   95    -1
642   734   -1
643   1326  -1
644   336   -1
644   1123  -1
644   1813  -1
646   79    -1
646   1956  -1
648   177   -1
649   287   -1
652   1874  -1
653   414   -1
656   1601  -1
658   868   -1
659   272   -1
662   355   -1
664   374   -1
666   1510  -1
667   167   -1
668   811   -1
668   983   -1
668   1931  -1
669   198   -1
669   1877  -1
670   214   -1
670   1275  -1
671   582   -1
671   1922  -1
672   1391  -1
674   91    -1
674   115   -1
674   171   -1
674   235   -1
676   764   -1
675   1828  -1
677   868   -1
677   1150  -1
679   1876  -1
681   1594  -1
681   1865  -1
683   31    -1
683   151   -1
683   882   -1
684   101   -1
684   390   -1
684   1877  -1
685   1815  -1
686   1109  -1
687   107   -1
687   1851  -1
688   56    -1
688   546   -1
688   1175  -1
689   1463  -1
690   1892  -1
692   123   -1
692   154   -1
693   1844  -1
693   1855  -1
693   1882  -1
694   270   -1
695   228   -1
697   240   -1
698   46    -1
698   132   -1
698   792   -1
698   1375  -1
700   209   -1
702   1865  -1
705   1942  -1
706   1597  -1
708   209   -1
708   841   -1
708   1762  -1
709   468   -1
709   1747  -1
710   1994  -1
711   1871  -1
712   1351  -1
713   260   -1
713   1595  -1
714   241   -1
715   119   -1
715   221   -1
716   931   -1
717   277   -1
718   1358  -1
718   1837  -1
721   150   -1
725   1336  -1
727   233   -1
727   435   -1
727   1606  -1
728   1078  -1
728   1824  -1
729   1893  -1
730   1002  -1
732   1167  -1
733   33    -1
734   142   -1
735   139   -1
735   314   -1
736   1329  -1
737   98    -1
738   189   -1
739   1598  -1
740   1961  -1
740   1976  -1
741   196   -1
741   1855  -1
741   1956  -1
743   1879  -1
743   1909  -1
744   286   -1
744   1067  -1
746   1346  -1
748   149   -1
748   1829  -1
749   193   -1
751   1341  -1
752   300   -1
752   1836  -1
752   1855  -1
753   1894  -1
753   2006  -1
756   1750  -1
756   1823  -1
756   1860  -1
757   0     -1
759   308   -1
761   303   -1
761   1457  -1
762   828   -1
762   1845  -1
764   379   -1
765   897   -1
767   280   -1
767   882   -1
767   1717  -1
767   1846  -1
768   331   -1
770   117   -1
770   321   -1
776   140   -1
779   1872  -1
780   256   -1
782   891   -1
783   133   -1
784   1781  -1
785   1187  -1
785   1614  -1
787   1912  -1
788   1962  -1
789   12    -1
789   255   -1
789   1715  -1
791   220   -1
791   251   -1
792   1176  -1
792   1255  -1
793   2037  -1
794   162   -1
794   291   -1
794   1083  -1
798   1192  -1
800   1248  -1
801   118   -1
804   1170  -1
804   1316  -1
805   917   -1
806   1181  -1
806   1206  -1
808   275   -1
808   638   -1
808   762   -1
809   23    -1
809   487   -1
810   1156  -1
812   1725  -1
813   1621  -1
814   27    -1
814   1461  -1
814   1802  -1
816   1833  -1
817   1281  -1
817   1795  -1
819   1100  -1
819   1863  -1
822   826   -1
824   653   -1
824   1120  -1
825   1493  -1
826   1969  -1
827   25    -1
828   1     -1
828   77    -1
828   1870  -1
831   1299  -1
833   423   -1
833   1183  -1
834   1074  -1
834   1156  -1
836   119   -1
836   1060  -1
836   1486  -1
837   1334  -1
837   1844  -1
838   792   -1
838   1863  -1
838   1878  -1
840   1114  -1
840   1908  -1
841   708   -1
842   2     -1
842   1221  -1
845   1597  -1
845   1785  -1
846   1886  -1
847   1933  -1
848   1131  -1
848   1179  -1
848   1315  -1
848   1794  -1
851   1038  -1
852   2021  -1
854   1010  -1
856   2004  -1
857   985   -1
859   203   -1
859   1787  -1
860   1801  -1
862   1751  -1
863   384   -1
863   849   -1
863   1630  -1
863   1702  -1
863   1993  -1
864   1810  -1
867   35    -1
867   1938  -1
869   1119  -1
871   346   -1
871   1510  -1
871   1974  -1
873   839   -1
875   389   -1
877   1067  -1
877   1097  -1
878   45    -1
878   1703  -1
879   1743  -1
880   1292  -1
881   1660  -1
881   2017  -1
883   1193  -1
883   1924  -1
884   884   -1
884   1546  -1
885   1159  -1
885   1948  -1
886   1047  -1
886   1251  -1
886   1792  -1
888   1711  -1
889   1056  -1
890   918   -1
890   978   -1
891   316   -1
891   1861  -1
892   2     -1
892   92    -1
892   1046  -1
892   1520  -1
893   30    -1
893   906   -1
893   1050  -1
894   196   -1
894   2030  -1
895   1687  -1
896   210   -1
897   1208  -1
899   64    -1
899   80    -1
900   503   -1
901   1317  -1
902   187   -1
903   1226  -1
904   1162  -1
904   1173  -1
905   50    -1
905   1991  -1
906   1276  -1
906   1775  -1
912   82    -1
912   1523  -1
913   91    -1
915   2     -1
916   1882  -1
917   1837  -1
918   1411  -1
918   1423  -1
919   995   -1
919   1832  -1
920   1774  -1
920   2027  -1
921   1932  -1
922   193   -1
923   42    -1
923   1532  -1
923   1814  -1
924   1925  -1
925   1639  -1
925   1894  -1
925   1968  -1
926   1084  -1
927   376   -1
929   47    -1
929   385   -1
929   1161  -1
930   4     -1
930   171   -1
930   608   -1
930   1609  -1
931   533   -1
932   86    -1
934   408   -1
934   1614  -1
934   1966  -1
936   48    -1
936   358   -1
936   373   -1
936   1717  -1
936   1994  -1
939   59    -1
939   1983  -1
940   568   -1
941   16    -1
941   263   -1
941   1667  -1
944   1342  -1
947   969   -1
947   1449  -1
950   55    -1
950   125   -1
950   1820  -1
951   603   -1
951   1102  -1
952   2017  -1
953   2027  -1
957   63    -1
957   1072  -1
961   1662  -1
962   1649  -1
964   26    -1
964   438   -1
964   1441  -1
964   1838  -1
965   67    -1
965   1169  -1
966   1790  -1
968   142   -1
971   450   -1
973   90    -1
973   1817  -1
974   67    -1
974   1096  -1
976   598   -1
977   1592  -1
977   1662  -1
978   808   -1
980   563   -1
980   1842  -1
981   50    -1
981   1093  -1
984   143   -1
984   1153  -1
985   919   -1
985   1965  -1
986   347   -1
988   623   -1
990   891   -1
991   791   -1
991   1834  -1
991   1981  -1
995   1152  -1
995   1778  -1
996   59    -1
996   406   -1
1002  1148  -1
1002  1171  -1
1003  1167  -1
1004  392   -1
1004  1948  -1
1005  1995  -1
1006  206   -1
1006  1097  -1
1008  1326  -1
1008  2015  -1
1009  19    -1
1009  1822  -1
1011  1153  -1
1014  106   -1
1014  1977  -1
1015  405   -1
1015  1063  -1
1016  1919  -1
1018  1304  -1
1019  1822  -1
1020  0     -1
1020  255   -1
1021  300   -1
1021  1075  -1
1023  247   -1
1023  1741  -1
1023  1900  -1
1023  1990  -1
1029  1286  -1
1030  1137  -1
1031  1865  -1
1032  196   -1
1032  228   -1
1034  553   -1
1035  1159  -1
1037  102   -1
1037  118   -1
1038  1738  -1
1039  387   -1
1040  1271  -1
1041  1946  -1
1042  287   -1
1042  360   -1
1042  818   -1
1045  106   -1
1049  1925  -1
1050  1107  -1
1050  1856  -1
1052  2034  -1
1053  1609  -1
1053  1749  -1
1057  82    -1
1058  1891  -1
1061  2014  -1
1062  204   -1
1063  1892  -1
1064  61    -1
1068  1802  -1
1072  1171  -1
1074  1094  -1
1074  1886  -1
1075  82    -1
1076  1612  -1
1079  1636  -1
1082  408   -1
1082  899   -1
1083  1777  -1
1084  1186  -1
1085  813   -1
1085  1943  -1
1089  25    -1
1091  1150  -1
1091  1184  -1
1095  316   -1
1096  19    -1
1096  124   -1
1096  1251  -1
1096  1678  -1
1097  395   -1
1098  1158  -1
1099  2009  -1
1100  105   -1
1100  1794  -1
1101  1867  -1
1102  1116  -1
1105  966   -1
1106  1868  -1
1107  179   -1
1107  2021  -1
1108  206   -1
1109  996   -1
1111  577   -1
1111  724   -1
1115  44    -1
1115  89    -1
1116  199   -1
1116  1545  -1
1118  310   -1
1119  480   -1
1120  582   -1
1121  1545  -1
1122  1926  -1
1125  1879  -1
1126  414   -1
1127  210   -1
1127  232   -1
1127  1911  -1
1130  272   -1
1131  217   -1
1132  29    -1
1132  1148  -1
1134  828   -1
1135  599   -1
1136  235   -1
1137  741   -1
1138  1084  -1
1138  1998  -1
1139  1880  -1
1140  303   -1
1140  1203  -1
1142  1830  -1
1145  233   -1
1146  2033  -1
1147  1756  -1
1151  1878  -1
1151  1944  -1
1154  2007  -1
1155  1895  -1
1156  1883  -1
1157  801   -1
1157  1901  -1
1159  1850  -1
1160  149   -1
1164  738   -1
1166  2012  -1
1167  1826  -1
1169  294   -1
1173  2015  -1
1174  1142  -1
1177  1845  -1
1178  741   -1
1180  815   -1
1180  1535  -1
1181  290   -1
1184  1812  -1
1186  2043  -1
1188  170   -1
1189  789   -1
1190  1148  -1
1190  2027  -1
1194  31    -1
1195  1154  -1
1195  1885  -1
1196  532   -1
1197  66    -1
1198  92    -1
1199  720   -1
1199  2017  -1
1200  195   -1
1200  240   -1
1200  1271  -1
1201  849   -1
1201  1869  -1
1201  1971  -1
1203  1874  -1
1205  71    -1
1205  710   -1
1205  1852  -1
1206  48    -1
1206  1193  -1
1207  870   -1
1211  99    -1
1211  2012  -1
1212  335   -1
1213  1702  -1
1215  144   -1
1215  1961  -1
1217  358   -1
1218  106   -1
1218  148   -1
1218  1192  -1
1219  1694  -1
1221  897   -1
1223  1180  -1
1223  1310  -1
1224  1824  -1
1225  143   -1
1225  188   -1
1226  1860  -1
1227  179   -1
1227  1943  -1
1228  274   -1
1230  1838  -1
1231  176   -1
1231  1816  -1
1231  1871  -1
1231  1881  -1
1233  1280  -1
1235  1916  -1
1237  1272  -1
1239  1991  -1
1241  172   -1
1243  1973  -1
1244  1255  -1
1244  1269  -1
1245  1260  -1
1247  1915  -1
1248  1206  -1
1248  1358  -1
1249  1893  -1
1250  1290  -1
1250  1581  -1
1251  1176  -1
1253  1922  -1
1255  279   -1
1256  1910  -1
1257  1136  -1
1259  97    -1
1259  254   -1
1259  1936  -1
1261  62    -1
1262  1136  -1
1269  613   -1
1269  1216  -1
1270  288   -1
1271  1823  -1
1280  582   -1
1281  79    -1
1281  1890  -1
1284  147   -1
1284  1703  -1
1285  226   -1
1286  597   -1
1286  951   -1
1286  1816  -1
1288  630   -1
1289  623   -1
1289  1012  -1
1289  1861  -1
1290  54    -1
1291  125   -1
1291  1952  -1
1292  122   -1
1293  1948  -1
1295  1885  -1
1297  1853  -1
1299  576   -1
1301  117   -1
1301  254   -1
1302  1290  -1
1304  1169  -1
1309  306   -1
1309  1833  -1
1312  594   -1
1314  572   -1
1314  1271  -1
1317  292   -1
1319  494   -1
1320  572   -1
1321  1190  -1
1324  307   -1
1324  1919  -1
1325  552   -1
1328  1845  -1
1331  193   -1
1333  1912  -1
1335  598   -1
1335  1181  -1
1336  146   -1
1340  334   -1
1340  565   -1
1342  84    -1
1344  143   -1
1344  1216  -1
1347  1283  -1
1348  92    -1
1354  1877  -1
1355  1024  -1
1356  318   -1
1357  310   -1
1359  190   -1
1361  1079  -1
1362  248   -1
1362  323   -1
1363  141   -1
1363  604   -1
1364  82    -1
1367  100   -1
1368  1195  -1
1375  923   -1
1376  83    -1
1376  1152  -1
1377  61    -1
1382  86    -1
1383  96    -1
1383  1307  -1
1385  164   -1
1387  69    -1
1389  1673  -1
1393  1991  -1
1394  26    -1
1395  1356  -1
1397  65    -1
1398  1069  -1
1398  1389  -1
1400  36    -1
1401  1679  -1
1403  1984  -1
1405  304   -1
1406  1096  -1
1407  1083  -1
1411  1977  -1
1418  237   -1
1419  145   -1
1419  242   -1
1424  1334  -1
1425  911   -1
1425  1969  -1
1430  1977  -1
1432  1127  -1
1433  2004  -1
1434  251   -1
1438  2021  -1
1443  1951  -1
1444  238   -1
1444  2044  -1
1445  1158  -1
1445  2038  -1
1446  288   -1
1447  195   -1
1449  19    -1
1449  1978  -1
1451  2009  -1
1453  1984  -1
1453  1999  -1
1453  2021  -1
1455  90    -1
1455  1294  -1
1455  2018  -1
1456  2030  -1
1456  278   -1
1456  1343  -1
1457  11    -1
1458  884   -1
1460  1356  -1
1460  1942  -1
1467  5     -1
1467  1396  -1
1468  2013  -1
1470  1231  -1
1472  108   -1
1475  1219  -1
1485  2009  -1
1489  271   -1
1490  251   -1
1491  1232  -1
1503  460   -1
1503  2002  -1
1505  980   -1
1507  865   -1
1509  197   -1
1509  2026  -1
1512  118   -1
1514  982   -1
1515  1132  -1
1517  225   -1
1517  839   -1
1520  202   -1
1521  277   -1
1522  1383  -1
1523  202   -1
1527  1913  -1
1529  153   -1
1529  973   -1
1529  2011  -1
1529  2033  -1
1531  1393  -1
1537  251   -1
1541  1995  -1
1548  198   -1
1551  152   -1
1563  1984  -1
1576  1157  -1
1578  239   -1
1578  1987  -1
1583  154   -1
1589  1280  -1
1598  1265  -1
1615  1286  -1
1616  1391  -1
1641  2029  -1
1650  1976  -1
1650  2008  -1
1666  916   -1
1671  57    -1
1673  1946  -1
1675  185   -1
1678  146   -1
1685  809   -1
1686  1965  -1
1694  823   -1
1697  932   -1
1699  1370  -1
1704  1812  -1
1709  764   -1
1714  773   -1
1717  1763  -1
1738  1385  -1
1749  1403  -1
1795  224   -1
1818  768   -1
1860  94    -1
80    1301  -1
86    1461  -1
93    801   -1
95    718   -1
101   872   -1
102   1408  -1
113   990   -1
136   699   -1
147   1265  -1
162   1029  -1
164   861   -1
164   1280  -1
167   1279  -1
172   1458  -1
180   1027  -1
181   1613  -1
209   1251  -1
222   956   -1
222   874   -1
231   515   -1
231   1526  -1
236   1468  -1
238   736   -1
242   1298  -1
243   877   -1
249   902   -1
252   902   -1
256   610   -1
257   615   -1
260   855   -1
264   621   -1
264   1271  -1
265   879   -1
266   722   -1
268   1187  -1
268   873   -1
272   836   -1
274   1294  -1
278   871   -1
280   624   -1
281   1740  -1
293   1192  -1
293   760   -1
296   712   -1
297   955   -1
298   847   -1
298   926   -1
304   1382  -1
304   971   -1
305   905   -1
309   357   -1
311   657   -1
312   914   -1
313   1273  -1
312   1515  -1
314   746   -1
318   1172  -1
319   1098  -1
322   711   -1
323   485   -1
330   1097  -1
332   1245  -1
335   717   -1
340   837   -1
342   1027  -1
344   854   -1
348   1103  -1
349   1095  -1
349   740   -1
352   300   -1
351   925   -1
357   960   -1
358   1064  -1
358   764   -1
358   987   -1
359   903   -1
360   1628  -1
361   1180  -1
366   787   -1
368   1219  -1
375   855   -1
377   857   -1
375   47    -1
380   202   -1
380   1578  -1
380   1759  -1
381   783   -1
381   799   -1
383   483   -1
385   809   -1
386   642   -1
386   1736  -1
391   1022  -1
393   1049  -1
393   502   -1
394   633   -1
394   516   -1
396   478   -1
396   799   -1
397   493   -1
398   524   -1
399   1578  -1
402   871   -1
404   1064  -1
405   793   -1
405   1485  -1
410   562   -1
409   722   -1
409   832   -1
408   950   -1
410   1532  -1
413   1162  -1
415   1172  -1
416   81    -1
419   474   -1
418   544   -1
421   1092  -1
421   285   -1
423   1243  -1
424   854   -1
424   1522  -1
428   500   -1
428   827   -1
431   904   -1
430   1795  -1
432   1409  -1
432   388   -1
433   886   -1
433   1026  -1
440   1205  -1
441   435   -1
442   609   -1
441   995   -1
441   1622  -1
444   827   -1
445   975   -1
447   841   -1
453   884   -1
450   884   -1
451   897   -1
451   352   -1
452   842   -1
453   478   -1
455   1015  -1
455   1210  -1
457   1056  -1
460   592   -1
460   1269  -1
461   1563  -1
462   198   -1
462   1083  -1
462   1130  -1
464   1048  -1
465   275   -1
465   1079  -1
465   1659  -1
470   883   -1
472   854   -1
473   1682  -1
481   641   -1
488   486   -1
488   863   -1
493   699   -1
494   915   -1
494   627   -1
497   464   -1
496   698   -1
497   1212  -1
499   1668  -1
505   878   -1
507   1028  -1
511   222   -1
516   997   -1
516   1684  -1
516   499   -1
519   1138  -1
521   1216  -1
523   1205  -1
526   380   -1
526   620   -1
529   643   -1
530   1190  -1
530   859   -1
531   937   -1
530   1050  -1
532   520   -1
532   909   -1
535   1179  -1
537   1156  -1
539   222   -1
542   94    -1
544   912   -1
550   165   -1
560   1626  -1
564   328   -1
565   1233  -1
567   161   -1
567   164   -1
572   546   -1
571   563   -1
575   196   -1
580   1086  -1
580   1458  -1
580   69    -1
581   340   -1
583   818   -1
587   667   -1
587   1125  -1
588   569   -1
591   1590  -1
593   1058  -1
595   92    -1
598   1498  -1
602   661   -1
600   920   -1
602   534   -1
605   1016  -1
605   1515  -1
607   1022  -1
609   708   -1
611   661   -1
611   923   -1
611   1110  -1
614   1688  -1
617   505   -1
616   510   -1
618   941   -1
619   1570  -1
620   338   -1
620   503   -1
620   554   -1
623   1452  -1
624   723   -1
627   1391  -1
629   187   -1
628   1149  -1
629   1693  -1
638   1056  -1
639   123   -1
639   283   -1
640   527   -1
644   1424  -1
650   894   -1
656   198   -1
658   261   -1
659   890   -1
661   912   -1
662   784   -1
662   1727  -1
664   225   -1
666   1245  -1
665   1248  -1
667   672   -1
669   536   -1
670   1259  -1
673   1585  -1
676   657   -1
675   1844  -1
675   1914  -1
677   1500  -1
680   1176  -1
686   1259  -1
687   523   -1
692   615   -1
695   1083  -1
695   1753  -1
695   541   -1
698   427   -1
699   546   -1
698   1163  -1
700   1071  -1
703   1852  -1
702   1956  -1
711   1726  -1
716   781   -1
720   643   -1
721   1790  -1
724   441   -1
724   89    -1
726   245   -1
726   1759  -1
728   279   -1
729   1179  -1
731   214   -1
733   157   -1
741   1807  -1
745   1843  -1
750   1793  -1
753   238   -1
756   315   -1
757   1962  -1
761   1757  -1
764   1615  -1
766   236   -1
768   740   -1
767   820   -1
768   101   -1
769   252   -1
769   574   -1
772   277   -1
777   844   -1
781   785   -1
783   1741  -1
784   632   -1
789   128   -1
793   1701  -1
794   628   -1
796   27    -1
798   320   -1
801   605   -1
801   1907  -1
800   1910  -1
809   913   -1
813   1219  -1
812   1716  -1
815   1510  -1
816   731   -1
818   845   -1
819   1272  -1
820   1731  -1
821   1055  -1
826   926   -1
827   1238  -1
829   1762  -1
830   1486  -1
834   309   -1
833   1309  -1
834   409   -1
834   1080  -1
837   1165  -1
837   253   -1
842   24    -1
843   311   -1
842   318   -1
844   432   -1
846   1207  -1
846   1810  -1
846   313   -1
850   32    -1
851   1829  -1
856   336   -1
856   431   -1
857   978   -1
858   321   -1
858   1775  -1
859   1895  -1
863   1248  -1
868   409   -1
868   1206  -1
868   1566  -1
872   434   -1
873   1069  -1
874   938   -1
876   1227  -1
877   1604  -1
880   108   -1
880   463   -1
879   934   -1
884   1714  -1
889   470   -1
890   1284  -1
891   342   -1
895   1327  -1
898   1326  -1
896   982   -1
896   1522  -1
898   1824  -1
902   1289  -1
904   1702  -1
908   1525  -1
913   292   -1
917   112   -1
919   626   -1
923   1936  -1
924   1144  -1
932   849   -1
934   378   -1
940   1114  -1
940   1934  -1
946   266   -1
951   50    -1
952   1598  -1
954   1855  -1
956   576   -1
956   1066  -1
957   34    -1
960   257   -1
960   583   -1
961   1608  -1
964   952   -1
966   123   -1
967   221   -1
971   1933  -1
978   589   -1
977   1061  -1
983   585   -1
982   1618  -1
985   470   -1
987   606   -1
986   609   -1
987   805   -1
986   1170  -1
989   559   -1
992   357   -1
994   418   -1
994   1017  -1
996   287   -1
998   1006  -1
1002  538   -1
1003  409   -1
1005  149   -1
1006  811   -1
1014  1891  -1
1016  191   -1
1018  1830  -1
1021  238   -1
1026  609   -1
1028  823   -1
1029  814   -1
1032  157   -1
1032  1700  -1
1032  2004  -1
1033  394   -1
1037  1095  -1
1039  218   -1
1040  1954  -1
1041  54    -1
1045  856   -1
1050  202   -1
1055  247   -1
1058  709   -1
1060  397   -1
1061  291   -1
1062  408   -1
1065  806   -1
1068  287   -1
1072  853   -1
1072  875   -1
1072  1331  -1
1077  327   -1
1077  906   -1
1078  1628  -1
1079  1876  -1
1085  287   -1
1086  1221  -1
1089  1241  -1
1093  1549  -1
1095  330   -1
1103  863   -1
1105  1964  -1
1111  314   -1
1111  1684  -1
1116  1703  -1
1116  549   -1
1118  1843  -1
1122  413   -1
1121  1503  -1
1122  473   -1
1130  1826  -1
1135  1527  -1
1136  1519  -1
1138  647   -1
1137  1031  -1
1146  316   -1
1147  1190  -1
1150  1536  -1
1151  1533  -1
1151  265   -1
1151  1832  -1
1157  1077  -1
1158  818   -1
1161  1214  -1
1163  1808  -1
1169  1669  -1
1170  314   -1
1172  816   -1
1173  114   -1
1175  750   -1
1178  1824  -1
1184  1293  -1
1197  308   -1
1203  837   -1
1206  742   -1
1215  719   -1
1220  232   -1
1221  1801  -1
1224  544   -1
1227  347   -1
1231  538   -1
1237  1321  -1
1246  988   -1
1250  937   -1
1256  270   -1
1261  396   -1
1261  936   -1
1268  171   -1
1272  174   -1
1269  175   -1
1272  1091  -1
1274  1615  -1
1283  324   -1
1291  1062  -1
1294  166   -1
1296  168   -1
1297  165   -1
1300  290   -1
1302  943   -1
1319  116   -1
1335  992   -1
1334  1070  -1
1339  310   -1
1341  1173  -1
1343  1095  -1
1348  307   -1
1352  1224  -1
1355  1164  -1
1358  128   -1
1361  128   -1
1371  365   -1
1372  859   -1
1371  944   -1
1373  175   -1
1372  950   -1
1380  1049  -1
1381  161   -1
1386  672   -1
1400  1000  -1
1403  452   -1
1409  296   -1
1410  733   -1
1409  1224  -1
1412  213   -1
1417  995   -1
1418  2003  -1
1424  2023  -1
1427  771   -1
1427  292   -1
1437  912   -1
1442  1156  -1
1443  2031  -1
1450  1960  -1
1454  1990  -1
1462  1390  -1
1469  1254  -1
1472  1211  -1
1477  630   -1
1491  194   -1
1513  851   -1
1532  1949  -1
1538  998   -1
1555  149   -1
1578  806   -1
1582  818   -1
1583  1973  -1
1587  805   -1
1593  1287  -1
1626  1307  -1
1630  955   -1
1642  2026  -1
1649  938   -1
1662  937   -1
1667  843   -1
1668  891   -1
1669  864   -1
1671  831   -1
1684  933   -1
1684  801   -1
1702  825   -1
1822  225   -1
233   1283  0
232   1282  0
277   641   1
277   640   1
352   1051  2
352   1050  2
524   1692  3
524   1693  3
527   283   4
528   285   4
735   1877  5
735   1876  5
868   1817  6
868   1816  6
1043  1140  7
1044  1140  7
1099  719   8
1100  718   8
1260  1767  9
1259  1765  9
1281  1083  10
1280  1084  10
1284  1032  11
1285  1031  11
1365  197   12
1366  196   12
1445  2026  13
1444  2025  13
1445  2028  13
1454  1994  14
1455  1995  14
1543  1402  15
1543  1403  15
69    780   16
70    779   16
69    780   16
70    779   16
70    781   16
68    780   16
70    779   16
70    781   16
69    778   16
68    780   16
70    781   16
68    778   16
70    779   16
70    781   16
68    780   16
68    778   16
72    782   16
70    779   16
70    781   16
70    777   16
67    779   16
72    779   16
72    782   16
68    780   16
68    777   16
66    778   16
68    782   16
70    777   16
73    781   16
70    781   16
72    779   16
66    779   16
68    777   16
134   1666  17
132   1667  17
183   122   18
183   124   18
213   1258  19
212   1259  19
237   903   20
238   905   20
236   1288  21
238   1289  21
261   931   22
263   930   22
269   821   23
270   822   23
273   935   24
273   933   24
283   1183  25
282   1183  25
282   813   26
283   813   26
292   936   27
290   937   27
302   950   28
304   950   28
307   1196  29
308   1195  29
315   468   30
317   469   30
316   827   31
317   828   31
326   1031  32
326   1031  32
326   1078  33
326   1080  33
328   930   34
329   929   34
330   828   35
330   828   35
334   853   36
332   853   36
333   1129  37
335   1129  37
344   828   38
344   829   38
344   1203  39
346   1203  39
343   1203  39
359   937   40
358   937   40
362   684   41
364   685   41
368   777   42
369   778   42
370   960   43
370   959   43
371   985   44
371   986   44
372   1001  45
373   1002  45
382   813   46
382   813   46
382   859   47
380   858   47
382   1173  48
381   1172  48
382   1175  48
382   660   49
382   659   49
383   621   50
385   622   50
388   1209  51
388   1209  51
399   811   52
399   810   52
399   812   52
399   810   52
401   812   52
397   810   52
403   1050  53
403   1049  53
406   563   54
406   563   54
407   757   55
409   758   55
407   840   56
406   839   56
405   878   57
406   879   57
409   1462  58
407   1463  58
409   1160  59
410   1159  59
424   503   60
423   503   60
425   907   61
425   907   61
424   1014  62
425   1013  62
428   893   63
426   893   63
430   730   64
428   730   64
432   952   65
432   951   65
438   757   66
436   757   66
437   1059  67
436   1059  67
439   152   68
439   151   68
438   150   68
439   153   68
441   154   68
439   152   68
440   1083  69
440   1083  69
440   1082  69
439   1083  69
441   1083  69
439   731   70
439   731   70
447   803   71
449   804   71
448   998   72
448   998   72
449   1209  73
450   1208  73
451   743   74
451   743   74
453   744   74
456   912   75
456   913   75
457   910   75
457   913   75
459   463   76
458   463   76
459   1487  77
457   1487  77
462   870   78
463   870   78
467   1111  79
468   1112  79
467   1111  79
467   1113  79
478   1118  80
478   1120  80
480   638   81
480   638   81
486   936   82
486   936   82
493   795   83
492   794   83
496   267   84
495   265   84
498   1052  85
498   1052  85
498   820   86
499   819   86
501   1187  87
500   1186  87
505   618   88
504   616   88
510   644   89
509   643   89
509   1203  90
510   1203  90
513   618   91
511   618   91
511   802   92
511   802   92
515   1198  93
513   1198  93
515   726   94
515   726   94
516   965   95
515   964   95
518   745   96
518   745   96
520   736   97
519   735   97
519   1100  98
520   1100  98
520   881   99
520   881   99
520   1183  100
522   1182  100
522   980   101
522   980   101
521   1210  102
522   1210  102
522   1528  103
521   1526  103
527   1038  104
526   1037  104
529   1256  105
528   1257  105
531   736   106
531   736   106
530   951   107
529   950   107
531   1206  108
531   1207  108
531   1206  108
534   831   109
533   831   109
532   1165  110
532   1164  110
536   1491  111
534   1492  111
539   990   112
539   990   112
541   662   113
543   662   113
543   664   113
543   952   114
541   952   114
542   983   115
541   983   115
543   1012  116
544   1012  116
545   987   117
546   988   117
545   987   117
545   1065  118
545   1066  118
547   661   119
547   661   119
554   1174  120
555   1175  120
556   736   121
555   736   121
555   516   122
557   517   122
556   1084  123
557   1083  123
557   1187  124
556   1187  124
557   299   125
556   298   125
558   939   126
558   939   126
561   872   127
561   873   127
562   938   128
564   938   128
565   949   129
564   948   129
567   1026  130
568   1027  130
573   975   131
571   975   131
573   974   131
576   712   132
575   712   132
576   972   133
576   971   133
578   704   134
578   704   134
579   633   135
581   633   135
581   912   136
581   912   136
586   1599  137
587   1597  137
588   1010  138
587   1011  138
589   1055  139
589   1055  139
598   347   140
596   346   140
596   1451  141
597   1452  141
598   1032  142
597   1033  142
599   661   143
599   660   143
599   1061  144
599   1061  144
602   722   145
602   722   145
600   924   146
601   925   146
603   1084  147
603   1083  147
606   654   148
605   653   148
609   1519  149
609   1519  149
616   675   150
616   675   150
625   624   151
627   625   151
630   700   152
629   699   152
630   1112  153
630   1112  153
631   1062  154
631   1062  154
633   1068  155
632   1068  155
633   1068  155
633   343   156
635   342   156
634   568   157
635   569   157
636   738   158
635   737   158
636   1272  159
637   1272  159
638   362   160
639   363   160
639   555   161
638   554   161
640   555   161
638   554   161
641   555   161
640   1670  162
639   1671  162
643   997   163
642   995   163
645   997   163
642   1054  164
641   1055  164
647   564   165
645   563   165
646   1086  166
646   1086  166
649   754   167
649   754   167
651   190   168
650   188   168
652   1049  169
653   1048  169
656   367   170
655   366   170
656   783   171
655   782   171
657   671   172
656   670   172
658   1120  173
658   1121  173
659   1204  174
659   1204  174
660   338   175
660   336   175
662   1061  176
662   1061  176
662   564   177
663   564   177
663   340   178
664   342   178
668   824   179
667   823   179
668   1046  180
667   1045  180
670   596   181
670   594   181
673   841   182
671   841   182
673   341   183
673   340   183
673   1579  184
672   1580  184
673   426   185
674   428   185
677   670   186
677   670   186
678   1138  187
678   1138  187
678   1155  188
678   1155  188
679   1155  188
680   426   189
681   426   189
681   1012  190
681   1013  190
680   1140  191
681   1140  191
687   1748  192
686   1748  192
688   541   193
688   540   193
688   678   194
688   678   194
690   338   195
690   337   195
690   657   196
691   657   196
690   658   196
694   657   197
694   657   197
697   995   198
698   994   198
702   219   199
701   218   199
701   597   200
701   597   200
702   598   200
703   1005  201
703   1005  201
704   534   202
704   534   202
705   763   203
704   762   203
705   864   204
705   864   204
706   983   205
707   983   205
705   983   205
706   1020  206
706   1018  206
710   956   207
709   955   207
711   957   207
711   955   207
711   1441  208
711   1441  208
713   811   209
712   810   209
713   811   209
713   423   210
713   422   210
730   643   211
729   642   211
734   658   212
735   659   212
736   540   213
736   539   213
736   1777  214
736   1777  214
736   1777  214
740   431   215
741   433   215
744   1329  216
746   1329  216
747   100   217
747   100   217
751   418   218
749   418   218
752   321   219
754   320   219
755   546   220
755   547   220
759   550   221
759   549   221
762   224   222
762   224   222
762   557   223
763   558   223
764   687   224
764   688   224
768   688   225
768   689   225
770   303   226
770   303   226
769   1619  227
770   1618  227
771   601   228
771   601   228
774   614   229
773   614   229
775   589   230
775   589   230
776   622   231
777   621   231
782   1805  232
783   1803  232
789   725   233
788   725   233
789   660   234
789   660   234
795   657   235
796   658   235
797   762   236
797   763   236
798   636   237
800   635   237
806   907   238
806   908   238
808   642   239
808   641   239
809   854   240
809   854   240
811   583   241
811   584   241
814   552   242
814   552   242
813   550   242
814   1108  243
814   1108  243
815   1121  244
815   1122  244
815   270   245
816   270   245
816   933   246
817   932   246
817   540   247
817   542   247
834   1858  248
835   1860  248
838   245   249
837   247   249
838   414   250
838   414   250
840   327   251
841   326   251
840   423   252
841   422   252
841   422   252
856   796   253
856   797   253
857   301   254
857   300   254
858   928   255
858   928   255
859   1486  256
859   1486  256
863   435   257
863   435   257
866   806   258
866   805   258
866   806   258
867   433   259
867   433   259
867   800   260
868   801   260
873   457   261
872   458   261
873   1262  262
872   1263  262
874   1368  263
874   1368  263
877   354   264
878   355   264
878   354   264
879   1240  265
877   1240  265
881   1213  266
883   1214  266
885   483   267
886   485   267
886   1100  268
886   1100  268
888   479   269
888   478   269
889   478   269
888   704   270
889   704   270
888   1317  271
888   1318  271
891   416   272
891   415   272
893   282   273
893   280   273
894   712   274
893   711   274
899   943   275
899   943   275
898   944   275
903   522   276
903   523   276
903   363   277
903   364   277
905   811   278
906   810   278
907   515   279
906   514   279
909   631   280
909   632   280
914   629   281
914   629   281
914   510   282
913   509   282
915   807   283
914   806   283
916   693   284
917   695   284
916   692   284
918   1899  285
916   1900  285
920   531   286
920   531   286
920   560   287
919   561   287
923   623   288
924   623   288
922   1173  289
923   1173  289
926   395   290
927   397   290
925   393   290
932   815   291
932   815   291
936   423   292
938   424   292
935   630   293
937   629   293
943   805   294
942   806   294
941   805   294
947   607   295
948   608   295
952   418   296
953   420   296
952   429   297
954   430   297
960   445   298
960   445   298
960   594   299
959   595   299
964   587   300
964   587   300
970   355   301
971   355   301
970   591   302
970   591   302
971   590   302
971   110   303
971   109   303
974   427   304
975   427   304
975   871   305
975   870   305
975   871   305
977   585   306
977   585   306
977   1144  307
977   1143  307
978   437   308
979   436   308
978   568   309
979   569   309
980   411   310
979   412   310
979   876   311
979   875   311
982   606   312
982   606   312
986   343   313
985   342   313
985   815   314
985   815   314
985   1146  315
985   1146  315
986   287   316
988   287   316
997   467   317
998   468   317
996   467   317
997   649   318
997   649   318
999   660   319
999   660   319
999   660   319
998   662   319
999   581   320
1000  582   320
999   1098  321
1000  1098  321
1001  564   322
1000  563   322
1005  679   323
1006  679   323
1006  359   324
1005  358   324
1006  479   325
1006  479   325
1010  548   326
1009  547   326
1013  348   327
1013  348   327
1014  685   328
1015  685   328
1014  1142  329
1014  1142  329
1016  66    330
1014  65    330
1020  684   331
1019  685   331
1022  993   332
1020  993   332
1022  995   332
1026  568   333
1025  567   333
1027  804   334
1027  804   334
1027  353   335
1028  351   335
1028  678   336
1027  678   336
1030  817   337
1031  817   337
1030  519   338
1029  519   338
1041  1459  339
1041  1459  339
1044  709   340
1043  711   340
1047  249   341
1048  247   341
1049  1157  342
1050  1158  342
1053  190   343
1052  191   343
1059  713   344
1058  712   344
1063  1618  345
1062  1617  345
1068  703   346
1068  702   346
1073  715   347
1073  717   347
1080  539   348
1079  539   348
1095  333   349
1094  334   349
1098  302   350
1097  301   350
1104  330   351
1104  330   351
1115  1183  352
1116  1182  352
1117  1096  353
1117  1098  353
1120  331   354
1120  330   354
1121  726   355
1121  725   355
1130  719   356
1131  720   356
1135  267   357
1134  266   357
1154  1548  358
1155  1549  358
1178  299   359
1178  297   359
1179  801   360
1178  800   360
1191  537   361
1192  536   361
1196  295   362
1197  293   362
1214  466   363
1212  467   363
1217  538   364
1217  538   364
1221  989   365
1221  988   365
1227  1157  366
1227  1157  366
1229  362   367
1230  361   367
1234  1267  368
1234  1266  368
1237  549   369
1237  549   369
1238  1301  370
1237  1302  370
1239  1291  371
1239  1292  371
1241  1304  372
1242  1303  372
1244  1210  373
1245  1211  373
1248  498   374
1249  498   374
1255  1280  375
1254  1280  375
1264  965   376
1264  965   376
1265  964   376
1268  168   377
1266  169   377
1276  1217  378
1276  1217  378
1282  110   379
1282  110   379
1285  807   380
1285  807   380
1307  1015  381
1309  1015  381
1319  550   382
1320  549   382
1332  931   383
1332  931   383
1342  971   384
1343  970   384
1351  331   385
1351  333   385
1358  994   386
1358  994   386
1359  131   387
1361  131   387
1378  1684  388
1379  1685  388
1383  838   389
1383  838   389
1386  523   390
1385  522   390
1393  743   391
1391  743   391
1393  633   392
1393  633   392
1394  639   393
1396  638   393
1415  724   394
1415  724   394
1426  2025  395
1424  2028  395
1428  2026  395
1424  2026  395
1440  986   396
1440  986   396
1440  987   396
1446  994   397
1446  994   397
1453  1961  398
1453  1959  398
1487  1278  399
1485  1279  399
1500  289   400
1501  287   400
1531  985   401
1530  986   401
1535  1005  402
1534  1005  402
1539  645   403
1538  647   403
1555  964   404
1554  963   404
1581  966   405
1581  966   405
1580  967   405
1669  837   406
1668  838   406
1678  821   407
1678  822   407
1686  799   408
1688  798   408
1690  921   409
1691  920   409
1909  218   410
1909  216   410