# Filename: CLN3-561nm_416_ctrl_60x_013.tif
# Puncta radius (pixels): (1.3888888888888888, 1.3888888888888888)
# Puncta radius (nm): (150, 150)
# Cluster threshold (nm): 300
# Min puncta per cluster: 2
# Voxel size (nm): (108, 108, 200)
Y     X     CLUSTER_ID
0     641   -1
0     701   -1
0     767   -1
0     809   -1
0     1221  -1
2     1177  -1
2     1630  -1
4     839   -1
5     1183  -1
4     1220  -1
5     854   -1
6     331   -1
6     1146  -1
10    924   -1
10    1171  -1
12    1605  -1
13    1228  -1
14    732   -1
14    1312  -1
17    1162  -1
18    148   -1
18    474   -1
18    845   -1
19    494   -1
19    1136  -1
21    608   -1
21    829   -1
21    852   -1
21    1087  -1
22    984   -1
22    1033  -1
22    1298  -1
24    789   -1
25    538   -1
26    667   -1
26    902   -1
28    240   -1
29    859   -1
31    1737  -1
32    109   -1
32    655   -1
32    1166  -1
33    989   -1
33    1128  -1
34    1588  -1
35    782   -1
35    1059  -1
35    1264  -1
36    518   -1
36    935   -1
37    635   -1
38    653   -1
38    1654  -1
38    1734  -1
39    496   -1
39    548   -1
39    850   -1
39    1320  -1
41    911   -1
41    1546  -1
42    605   -1
42    1181  -1
42    1446  -1
43    451   -1
44    489   -1
44    1869  -1
45    820   -1
45    894   -1
45    1655  -1
48    1188  -1
48    1628  -1
49    137   -1
49    383   -1
49    568   -1
49    847   -1
49    1167  -1
49    1496  -1
50    739   -1
50    823   -1
51    938   -1
51    1075  -1
52    1564  -1
53    411   -1
54    649   -1
54    1158  -1
55    322   -1
55    373   -1
55    772   -1
56    444   -1
56    848   -1
57    389   -1
57    1029  -1
57    1346  -1
57    1674  -1
59    1183  -1
60    640   -1
60    662   -1
61    671   -1
61    1285  -1
62    756   -1
62    842   -1
63    376   -1
63    663   -1
63    1020  -1
63    1275  -1
64    1184  -1
65    314   -1
65    424   -1
66    525   -1
66    673   -1
67    925   -1
68    360   -1
68    1132  -1
70    753   -1
69    821   -1
69    1014  -1
69    1074  -1
70    532   -1
70    1683  -1
71    1022  -1
72    744   -1
72    984   -1
72    1004  -1
73    238   -1
73    981   -1
74    942   -1
75    250   -1
75    1110  -1
75    1344  -1
76    278   -1
76    675   -1
77    456   -1
77    948   -1
78    936   -1
80    604   -1
80    928   -1
81    725   -1
81    1219  -1
82    904   -1
82    907   -1
83    897   -1
83    1628  -1
83    1840  -1
84    656   -1
84    883   -1
84    966   -1
84    1552  -1
84    1597  -1
85    991   -1
85    1264  -1
86    1647  -1
87    824   -1
87    854   -1
88    465   -1
88    1311  -1
89    747   -1
89    1236  -1
90    144   -1
90    523   -1
91    374   -1
91    781   -1
91    1528  -1
92    1276  -1
94    654   -1
94    958   -1
95    2001  -1
96    1079  -1
96    1511  -1
98    618   -1
98    1597  -1
102   1850  -1
103   726   -1
104   495   -1
104   575   -1
104   1661  -1
104   1684  -1
106   994   -1
107   305   -1
108   1677  -1
109   644   -1
111   723   -1
111   760   -1
111   1014  -1
111   1405  -1
112   594   -1
112   630   -1
112   968   -1
113   741   -1
114   1202  -1
114   1585  -1
114   1701  -1
115   505   -1
115   697   -1
115   874   -1
115   1403  -1
118   1229  -1
119   657   -1
119   687   -1
120   625   -1
120   1099  -1
121   784   -1
121   950   -1
122   983   -1
122   1688  -1
123   606   -1
123   1030  -1
124   1583  -1
125   653   -1
125   1117  -1
126   644   -1
126   822   -1
126   948   -1
126   968   -1
126   1195  -1
127   1358  -1
127   1747  -1
128   238   -1
128   992   -1
129   916   -1
129   986   -1
129   1094  -1
129   1565  -1
130   295   -1
130   665   -1
130   1310  -1
130   1599  -1
131   476   -1
131   963   -1
133   685   -1
133   1084  -1
133   1995  -1
134   1451  -1
135   845   -1
135   1700  -1
136   790   -1
138   730   -1
137   1691  -1
138   444   -1
138   1433  -1
139   952   -1
140   1031  -1
141   716   -1
142   758   -1
143   622   -1
143   646   -1
143   1244  -1
143   1480  -1
144   576   -1
144   1003  -1
144   1036  -1
146   645   -1
146   1830  -1
147   170   -1
147   535   -1
147   740   -1
147   1665  -1
148   966   -1
148   1717  -1
149   615   -1
149   1282  -1
151   640   -1
151   1291  -1
151   1379  -1
151   1763  -1
152   437   -1
152   835   -1
152   1300  -1
152   1364  -1
152   1392  -1
153   624   -1
153   671   -1
153   1304  -1
155   653   -1
156   998   -1
156   1108  -1
156   1407  -1
156   1476  -1
157   186   -1
157   692   -1
157   1041  -1
157   1461  -1
157   1632  -1
158   1094  -1
159   804   -1
159   1508  -1
159   1523  -1
159   1937  -1
160   819   -1
160   1112  -1
160   1626  -1
161   1194  -1
161   1462  -1
164   858   -1
166   227   -1
165   1066  -1
165   1955  -1
166   647   -1
166   1460  -1
166   1546  -1
167   664   -1
167   708   -1
168   816   -1
168   1052  -1
168   1071  -1
170   617   -1
170   926   -1
170   1085  -1
170   1574  -1
171   1094  -1
171   1535  -1
172   1115  -1
172   1856  -1
173   870   -1
173   1078  -1
173   1482  -1
173   1520  -1
174   1185  -1
174   1196  -1
175   712   -1
176   728   -1
176   734   -1
177   609   -1
177   807   -1
178   1034  -1
178   1794  -1
179   628   -1
179   797   -1
179   1093  -1
180   396   -1
181   578   -1
181   1747  -1
182   1368  -1
182   1598  -1
183   800   -1
183   1284  -1
184   730   -1
184   1190  -1
184   1593  -1
184   1812  -1
185   952   -1
185   1066  -1
185   1137  -1
186   1127  -1
186   1735  -1
187   838   -1
187   981   -1
187   1077  -1
187   1375  -1
188   764   -1
188   1147  -1
188   1391  -1
189   1170  -1
190   399   -1
190   571   -1
191   1187  -1
192   842   -1
193   804   -1
193   1000  -1
193   1066  -1
193   1143  -1
193   1312  -1
194   817   -1
196   623   -1
196   1061  -1
197   946   -1
197   1141  -1
197   1592  -1
198   484   -1
198   911   -1
198   1132  -1
199   1045  -1
199   1289  -1
200   356   -1
201   748   -1
201   761   -1
201   791   -1
201   840   -1
202   755   -1
202   1245  -1
202   1331  -1
202   1814  -1
203   572   -1
203   1178  -1
204   263   -1
204   712   -1
204   888   -1
204   920   -1
205   777   -1
205   1173  -1
205   1812  -1
205   1875  -1
206   824   -1
206   1296  -1
207   817   -1
207   1639  -1
208   1151  -1
209   986   -1
210   814   -1
212   988   -1
212   1029  -1
212   1163  -1
213   1008  -1
214   735   -1
214   782   -1
214   1050  -1
215   532   -1
216   1489  -1
217   693   -1
217   1764  -1
218   743   -1
218   847   -1
218   893   -1
218   904   -1
219   734   -1
219   1484  -1
220   323   -1
220   991   -1
221   763   -1
222   1242  -1
222   1508  -1
223   968   -1
226   383   -1
226   1286  -1
227   937   -1
227   1619  -1
229   742   -1
229   855   -1
229   1042  -1
231   723   -1
231   843   -1
232   293   -1
233   517   -1
235   823   -1
236   463   -1
236   818   -1
236   977   -1
237   852   -1
237   1591  -1
238   954   -1
238   1488  -1
239   554   -1
239   995   -1
240   1440  -1
241   338   -1
241   949   -1
242   1158  -1
242   1276  -1
243   548   -1
243   827   -1
243   1486  -1
243   1859  -1
244   736   -1
244   1172  -1
244   1438  -1
244   1654  -1
244   1758  -1
245   934   -1
246   751   -1
247   1447  -1
247   1722  -1
248   728   -1
248   760   -1
248   948   -1
249   735   -1
249   1292  -1
249   1418  -1
249   1787  -1
251   692   -1
251   1157  -1
253   219   -1
253   1061  -1
254   262   -1
255   637   -1
256   1013  -1
256   1749  -1
257   631   -1
257   824   -1
257   1080  -1
257   1309  -1
257   1354  -1
258   624   -1
259   1340  -1
261   779   -1
261   1424  -1
262   769   -1
262   1459  -1
263   1007  -1
264   1234  -1
266   776   -1
266   783   -1
268   404   -1
268   1063  -1
268   1080  -1
268   1322  -1
268   1786  -1
269   1457  -1
270   674   -1
270   1185  -1
270   1534  -1
271   591   -1
271   1432  -1
271   1736  -1
272   911   -1
272   1254  -1
272   1791  -1
273   406   -1
273   715   -1
273   1638  -1
274   1131  -1
275   720   -1
275   771   -1
275   853   -1
275   897   -1
275   938   -1
275   1518  -1
276   467   -1
276   1421  -1
277   1241  -1
277   1275  -1
277   1476  -1
278   1144  -1
278   1316  -1
279   707   -1
279   726   -1
279   879   -1
279   1208  -1
280   1067  -1
280   1171  -1
280   1374  -1
281   875   -1
282   641   -1
282   717   -1
282   735   -1
284   903   -1
284   1412  -1
285   709   -1
285   1473  -1
286   360   -1
286   1062  -1
286   1424  -1
287   1006  -1
287   1699  -1
288   736   -1
288   1029  -1
288   1143  -1
288   1547  -1
288   1714  -1
289   410   -1
289   626   -1
289   786   -1
290   1193  -1
290   1370  -1
292   705   -1
293   1638  -1
294   1744  -1
295   700   -1
295   739   -1
295   765   -1
296   401   -1
296   1387  -1
297   904   -1
298   681   -1
298   820   -1
298   1379  -1
298   1411  -1
299   1368  -1
299   1726  -1
301   405   -1
301   1208  -1
302   833   -1
302   1488  -1
303   1009  -1
303   1102  -1
303   1232  -1
303   1827  -1
304   718   -1
304   1133  -1
304   1718  -1
304   1839  -1
305   1411  -1
306   1400  -1
307   1706  -1
308   922   -1
308   1027  -1
308   1030  -1
308   1061  -1
309   867   -1
309   1354  -1
309   1599  -1
310   723   -1
310   815   -1
310   917   -1
310   1074  -1
310   1735  -1
311   800   -1
311   1128  -1
312   805   -1
312   1013  -1
312   1123  -1
312   1201  -1
313   959   -1
313   1730  -1
314   856   -1
315   1020  -1
316   890   -1
316   896   -1
318   924   -1
318   1386  -1
318   1444  -1
319   1482  -1
320   470   -1
320   806   -1
320   1021  -1
321   781   -1
321   1487  -1
321   1610  -1
322   1426  -1
322   1557  -1
323   1348  -1
324   812   -1
325   1161  -1
326   907   -1
326   1113  -1
326   1244  -1
327   967   -1
328   1218  -1
328   1403  -1
329   640   -1
329   1737  -1
330   647   -1
330   729   -1
330   1485  -1
331   826   -1
331   992   -1
331   1270  -1
331   1336  -1
333   784   -1
334   873   -1
334   1078  -1
334   1710  -1
335   1727  -1
337   706   -1
337   1519  -1
337   1681  -1
338   759   -1
338   1009  -1
338   1123  -1
338   1631  -1
340   886   -1
341   1070  -1
341   1168  -1
341   1503  -1
342   1149  -1
342   1676  -1
342   1736  -1
342   1781  -1
343   784   -1
343   795   -1
343   1549  -1
343   1776  -1
344   883   -1
344   978   -1
344   1198  -1
344   1670  -1
345   487   -1
345   638   -1
345   1709  -1
346   1512  -1
348   1402  -1
349   1655  -1
349   1771  -1
350   1298  -1
350   1709  -1
352   628   -1
352   837   -1
352   1362  -1
352   1539  -1
353   498   -1
353   777   -1
353   854   -1
353   868   -1
353   1436  -1
354   926   -1
354   1003  -1
354   1023  -1
354   1504  -1
355   1036  -1
355   1530  -1
355   1673  -1
356   1608  -1
357   1105  -1
357   1177  -1
357   1639  -1
358   885   -1
358   1429  -1
358   1452  -1
359   1129  -1
359   1402  -1
360   1184  -1
360   1416  -1
361   519   -1
361   999   -1
362   1126  -1
362   1274  -1
362   1572  -1
362   1595  -1
362   1678  -1
363   879   -1
363   1099  -1
364   1027  -1
365   308   -1
365   721   -1
365   1577  -1
365   1700  -1
365   1725  -1
367   644   -1
367   711   -1
367   1534  -1
368   628   -1
368   870   -1
369   1415  -1
370   571   -1
370   667   -1
371   852   -1
371   973   -1
371   1679  -1
372   515   -1
372   1645  -1
373   1424  -1
373   1502  -1
374   1074  -1
375   956   -1
375   1279  -1
376   874   -1
377   708   -1
377   1306  -1
378   928   -1
378   1358  -1
378   1566  -1
379   565   -1
380   1438  -1
381   1210  -1
381   1412  -1
381   1533  -1
381   1569  -1
381   1607  -1
382   1349  -1
382   1499  -1
383   551   -1
383   718   -1
383   955   -1
383   1659  -1
384   1645  -1
385   775   -1
385   992   -1
386   767   -1
386   934   -1
386   1559  -1
387   699   -1
387   1426  -1
389   889   -1
390   1607  -1
391   915   -1
391   1121  -1
391   1383  -1
391   1702  -1
392   1262  -1
393   701   -1
393   760   -1
393   991   -1
393   1046  -1
393   1313  -1
393   1351  -1
394   839   -1
394   1040  -1
394   1614  -1
394   1642  -1
395   722   -1
395   770   -1
395   986   -1
395   1404  -1
396   609   -1
396   1306  -1
396   1679  -1
397   836   -1
397   957   -1
398   1607  -1
399   827   -1
399   858   -1
399   1017  -1
399   1213  -1
399   1251  -1
400   616   -1
400   903   -1
400   966   -1
400   1056  -1
400   1585  -1
400   1693  -1
401   488   -1
401   852   -1
401   1291  -1
401   1560  -1
403   684   -1
403   694   -1
403   1273  -1
403   1313  -1
403   1658  -1
405   876   -1
405   944   -1
405   1214  -1
405   1595  -1
405   1639  -1
406   632   -1
406   898   -1
407   796   -1
407   882   -1
407   1446  -1
407   1601  -1
408   955   -1
408   1300  -1
408   1477  -1
409   498   -1
410   714   -1
410   807   -1
410   905   -1
411   879   -1
411   1293  -1
411   1526  -1
411   1671  -1
412   710   -1
412   1458  -1
413   727   -1
413   1428  -1
414   811   -1
414   819   -1
414   1591  -1
415   574   -1
415   739   -1
415   786   -1
415   1021  -1
415   1324  -1
416   478   -1
416   1421  -1
417   842   -1
418   946   -1
418   1118  -1
419   962   -1
419   971   -1
421   898   -1
421   1641  -1
422   1648  -1
423   876   -1
424   928   -1
424   1036  -1
425   726   -1
425   765   -1
425   951   -1
425   1088  -1
425   1222  -1
426   837   -1
426   864   -1
426   1545  -1
427   1174  -1
428   1150  -1
428   1189  -1
429   468   -1
429   1224  -1
430   727   -1
430   1258  -1
431   1631  -1
432   942   -1
432   956   -1
432   1396  -1
433   742   -1
433   1418  -1
433   1553  -1
433   1656  -1
434   873   -1
434   1399  -1
434   1650  -1
434   1691  -1
436   1226  -1
436   1289  -1
437   1205  -1
437   1672  -1
438   735   -1
438   1527  -1
440   742   -1
441   863   -1
441   952   -1
443   1609  -1
444   1078  -1
444   1517  -1
445   867   -1
446   758   -1
446   818   -1
446   1461  -1
446   1525  -1
447   704   -1
447   770   -1
447   1598  -1
447   1664  -1
448   1002  -1
450   880   -1
451   953   -1
451   1011  -1
451   1236  -1
451   1612  -1
452   453   -1
452   923   -1
453   1039  -1
453   1059  -1
455   139   -1
455   940   -1
455   1221  -1
456   885   -1
456   893   -1
456   902   -1
457   981   -1
457   1118  -1
458   1509  -1
458   1607  -1
459   963   -1
461   1561  -1
463   1120  -1
464   1197  -1
464   1495  -1
466   1330  -1
467   338   -1
468   772   -1
468   1194  -1
469   893   -1
469   1423  -1
470   978   -1
471   833   -1
471   839   -1
471   970   -1
471   1502  -1
472   716   -1
472   1280  -1
474   810   -1
474   1491  -1
476   872   -1
476   950   -1
477   1451  -1
479   1606  -1
480   1158  -1
481   1164  -1
482   937   -1
486   821   -1
486   1257  -1
486   1614  -1
487   806   -1
487   1007  -1
487   1049  -1
487   1055  -1
488   404   -1
489   1021  -1
489   1343  -1
490   346   -1
490   1092  -1
490   1462  -1
492   358   -1
493   1096  -1
493   1134  -1
493   1350  -1
493   1484  -1
494   1197  -1
495   1068  -1
496   1124  -1
497   1136  -1
498   820   -1
498   1080  -1
500   1356  -1
500   1565  -1
501   1132  -1
502   1008  -1
503   369   -1
505   360   -1
505   731   -1
506   1102  -1
506   1470  -1
507   1139  -1
508   804   -1
509   1309  -1
510   960   -1
511   714   -1
513   1163  -1
514   782   -1
514   1359  -1
516   1332  -1
517   1036  -1
517   1098  -1
518   802   -1
519   1350  -1
520   459   -1
520   1067  -1
520   1612  -1
521   1009  -1
522   890   -1
523   997   -1
523   1550  -1
525   761   -1
525   959   -1
525   1092  -1
527   978   -1
528   440   -1
529   1379  -1
530   1051  -1
531   983   -1
532   1158  -1
533   931   -1
534   1133  -1
535   784   -1
537   1138  -1
538   1091  -1
540   1219  -1
540   1637  -1
541   1169  -1
543   1616  -1
545   971   -1
548   530   -1
548   1010  -1
551   764   -1
551   983   -1
551   1133  -1
554   961   -1
554   1326  -1
554   1616  -1
557   1001  -1
558   756   -1
561   1301  -1
564   1394  -1
568   776   -1
570   765   -1
572   1616  -1
575   1012  -1
576   1432  -1
577   1265  -1
578   1250  -1
579   586   -1
582   1079  -1
583   913   -1
584   744   -1
589   635   -1
590   867   -1
592   892   -1
593   1258  -1
595   753   -1
598   1026  -1
600   1353  -1
602   763   -1
609   495   -1
609   1276  -1
617   1216  -1
618   746   -1
619   1209  -1
620   1650  -1
622   1225  -1
623   761   -1
627   989   -1
629   1272  -1
631   1264  -1
634   1683  -1
637   977   -1
638   937   -1
642   924   -1
650   1129  -1
650   1673  -1
652   1099  -1
654   1131  -1
659   1437  -1
661   1255  -1
664   1119  -1
665   1070  -1
666   1233  -1
667   976   -1
669   432   -1
671   1050  -1
673   1701  -1
674   975   -1
678   420   -1
679   1209  -1
679   1228  -1
680   1292  -1
682   1713  -1
682   1722  -1
683   1030  -1
689   950   -1
690   1407  -1
690   1716  -1
692   751   -1
694   970   -1
695   1705  -1
698   1044  -1
702   912   -1
702   1006  -1
709   929   -1
710   938   -1
710   974   -1
712   980   -1
712   1719  -1
712   1742  -1
715   951   -1
715   1010  -1
717   792   -1
717   1738  -1
719   944   -1
721   1016  -1
722   1073  -1
723   1728  -1
724   986   -1
725   1297  -1
729   1037  -1
732   1222  -1
733   1046  -1
736   414   -1
736   1001  -1
738   1539  -1
740   982   -1
740   1756  -1
741   1143  -1
747   1097  -1
748   1023  -1
751   1462  -1
753   1091  -1
755   1515  -1
757   1749  -1
764   1080  -1
770   1073  -1
772   1163  -1
773   1135  -1
773   1232  -1
777   1001  -1
778   961   -1
778   1126  -1
781   1466  -1
782   906   -1
786   1027  -1
789   977   -1
790   997   -1
792   1762  -1
794   972   -1
795   1409  -1
796   1190  -1
798   868   -1
800   1014  -1
803   1041  -1
803   1767  -1
804   1781  -1
807   992   -1
807   1011  -1
810   841   -1
822   964   -1
832   1008  -1
834   889   -1
840   1018  -1
846   13    -1
846   1267  -1
850   1780  -1
866   1715  -1
867   1043  -1
868   396   -1
870   1782  -1
871   391   -1
872   413   -1
876   1028  -1
880   391   -1
889   1219  -1
900   130   -1
902   1034  -1
907   1754  -1
925   978   -1
928   397   -1
929   567   -1
937   345   -1
942   1773  -1
943   395   -1
948   1767  -1
955   1780  -1
956   1768  -1
965   348   -1
965   396   -1
965   2027  -1
969   1776  -1
973   295   -1
973   1779  -1
975   2021  -1
976   386   -1
978   773   -1
984   1750  -1
986   1194  -1
991   334   -1
991   1545  -1
991   1763  -1
992   1459  -1
995   1771  -1
998   1773  -1
1006  1522  -1
1009  291   -1
1013  319   -1
1013  1852  -1
1015  264   -1
1019  1735  -1
1020  1591  -1
1021  354   -1
1025  1839  -1
1026  1833  -1
1028  335   -1
1029  377   -1
1029  1543  -1
1029  1921  -1
1030  288   -1
1031  356   -1
1031  1537  -1
1031  1730  -1
1037  1208  -1
1038  772   -1
1039  1824  -1
1044  390   -1
1049  1731  -1
1054  412   -1
1055  1785  -1
1061  1765  -1
1063  1795  -1
1066  1689  -1
1067  210   -1
1067  289   -1
1073  1596  -1
1079  1392  -1
1081  1863  -1
1087  1582  -1
1087  1608  -1
1090  1599  -1
1091  449   -1
1091  807   -1
1091  1506  -1
1092  1362  -1
1093  330   -1
1093  708   -1
1094  325   -1
1094  698   -1
1097  689   -1
1100  299   -1
1101  1607  -1
1102  729   -1
1102  1704  -1
1103  409   -1
1103  447   -1
1104  310   -1
1108  1668  -1
1109  347   -1
1110  137   -1
1116  1687  -1
1119  285   -1
1119  633   -1
1121  485   -1
1123  1359  -1
1126  204   -1
1126  1460  -1
1128  1227  -1
1131  186   -1
1134  1728  -1
1135  1716  -1
1137  151   -1
1139  1647  -1
1147  50    -1
1148  27    -1
1157  10    -1
1157  148   -1
1157  572   -1
1158  1421  -1
1160  671   -1
1162  521   -1
1172  48    -1
1172  97    -1
1174  434   -1
1178  674   -1
1179  497   -1
1180  1287  -1
1188  270   -1
1189  80    -1
1189  265   -1
1191  429   -1
1191  1278  -1
1197  154   -1
1198  241   -1
1199  558   -1
1200  249   -1
1200  704   -1
1204  266   -1
1204  827   -1
1206  413   -1
1207  137   -1
1207  567   -1
1209  193   -1
1215  1688  -1
1218  1170  -1
1219  203   -1
1219  741   -1
1220  183   -1
1220  1306  -1
1221  515   -1
1221  765   -1
1221  1193  -1
1222  1067  -1
1222  1300  -1
1223  41    -1
1224  1115  -1
1225  189   -1
1227  731   -1
1231  221   -1
1234  375   -1
1234  775   -1
1236  451   -1
1242  402   -1
1244  718   -1
1246  114   -1
1246  1635  -1
1250  713   -1
1250  1075  -1
1255  226   -1
1256  390   -1
1258  171   -1
1258  1414  -1
1259  269   -1
1261  628   -1
1261  639   -1
1262  328   -1
1263  402   -1
1267  521   -1
1272  385   -1
1273  142   -1
1274  283   -1
1276  185   -1
1276  330   -1
1276  1388  -1
1277  155   -1
1277  1155  -1
1278  565   -1
1278  1411  -1
1278  1654  -1
1279  71    -1
1279  378   -1
1283  294   -1
1284  1279  -1
1290  194   -1
1292  392   -1
1297  142   -1
1299  605   -1
1303  196   -1
1307  149   -1
1307  1662  -1
1311  526   -1
1314  113   -1
1314  378   -1
1316  128   -1
1316  386   -1
1317  390   -1
1320  297   -1
1320  975   -1
1322  491   -1
1325  135   -1
1326  169   -1
1326  297   -1
1327  146   -1
1328  363   -1
1332  103   -1
1333  1086  -1
1334  117   -1
1335  223   -1
1340  279   -1
1341  159   -1
1342  350   -1
1345  152   -1
1349  349   -1
1350  367   -1
1351  129   -1
1351  631   -1
1353  270   -1
1354  292   -1
1355  438   -1
1355  518   -1
1356  186   -1
1357  640   -1
1358  153   -1
1358  597   -1
1359  318   -1
1359  479   -1
1361  285   -1
1361  334   -1
1363  140   -1
1363  247   -1
1363  253   -1
1363  616   -1
1365  178   -1
1366  103   -1
1366  380   -1
1371  205   -1
1372  190   -1
1374  397   -1
1374  1066  -1
1377  168   -1
1377  287   -1
1377  384   -1
1377  479   -1
1377  709   -1
1378  212   -1
1378  1401  -1
1379  292   -1
1380  441   -1
1381  202   -1
1381  209   -1
1382  271   -1
1382  527   -1
1384  232   -1
1384  542   -1
1384  592   -1
1385  150   -1
1385  651   -1
1387  266   -1
1388  213   -1
1388  383   -1
1389  114   -1
1390  96    -1
1391  1260  -1
1392  148   -1
1392  433   -1
1392  628   -1
1392  1022  -1
1393  139   -1
1393  196   -1
1395  343   -1
1395  674   -1
1396  264   -1
1396  430   -1
1397  104   -1
1398  581   -1
1401  627   -1
1401  888   -1
1402  598   -1
1403  215   -1
1403  517   -1
1404  404   -1
1404  984   -1
1405  89    -1
1406  215   -1
1407  270   -1
1407  681   -1
1409  152   -1
1410  148   -1
1413  376   -1
1413  1015  -1
1414  552   -1
1415  467   -1
1415  2018  -1
1416  454   -1
1419  359   -1
1420  468   -1
1421  279   -1
1423  193   -1
1423  200   -1
1423  1062  -1
1431  339   -1
1431  347   -1
1432  568   -1
1433  136   -1
1434  401   -1
1436  376   -1
1436  1000  -1
1437  565   -1
1438  180   -1
1440  287   -1
1442  431   -1
1443  352   -1
1445  606   -1
1446  1921  -1
1448  22    -1
1452  416   -1
1456  412   -1
1457  332   -1
1462  356   -1
1463  504   -1
1463  1026  -1
1465  421   -1
1466  20    -1
1468  176   -1
1470  133   -1
1470  612   -1
1472  827   -1
1473  48    -1
1473  159   -1
1473  635   -1
1474  122   -1
1474  281   -1
1474  566   -1
1475  201   -1
1478  185   -1
1478  368   -1
1479  415   -1
1480  656   -1
1485  473   -1
1486  625   -1
1487  391   -1
1493  426   -1
1495  126   -1
1496  346   -1
1501  48    -1
1501  188   -1
1501  514   -1
1502  531   -1
1504  453   -1
1505  760   -1
1506  196   -1
1506  200   -1
1506  652   -1
1507  328   -1
1507  458   -1
1509  191   -1
1510  464   -1
1511  272   -1
1511  309   -1
1515  197   -1
1515  589   -1
1516  189   -1
1516  577   -1
1520  80    -1
1524  277   -1
1525  159   -1
1525  198   -1
1525  211   -1
1526  286   -1
1527  219   -1
1528  597   -1
1530  336   -1
1531  185   -1
1541  848   -1
1543  155   -1
1543  603   -1
1544  162   -1
1546  134   -1
1547  74    -1
1548  258   -1
1548  465   -1
1550  656   -1
1552  833   -1
1554  253   -1
1555  660   -1
1558  603   -1
1565  609   -1
1569  265   -1
1571  613   -1
1571  648   -1
1573  186   -1
1574  242   -1
1574  663   -1
1577  334   -1
1579  652   -1
1579  1008  -1
1581  156   -1
1582  270   -1
1585  27    -1
1585  294   -1
1585  673   -1
1587  275   -1
1588  500   -1
1589  639   -1
1589  672   -1
1591  577   -1
1595  69    -1
1595  230   -1
1595  322   -1
1595  350   -1
1598  619   -1
1598  653   -1
1598  753   -1
1599  57    -1
1603  200   -1
1604  227   -1
1607  192   -1
1608  405   -1
1611  176   -1
1616  116   -1
1619  267   -1
1623  171   -1
1624  347   -1
1630  391   -1
1630  628   -1
1631  269   -1
1632  203   -1
1633  713   -1
1636  436   -1
1637  327   -1
1641  269   -1
1642  227   -1
1644  448   -1
1648  289   -1
1649  438   -1
1652  222   -1
1652  254   -1
1654  425   -1
1655  265   -1
1655  396   -1
1660  456   -1
1670  409   -1
1673  269   -1
1677  284   -1
1681  763   -1
1685  260   -1
1687  512   -1
1689  532   -1
1691  286   -1
1691  347   -1
1694  536   -1
1695  399   -1
1698  394   -1
1698  492   -1
1698  563   -1
1701  582   -1
1706  334   -1
1707  555   -1
1708  409   -1
1715  417   -1
1720  358   -1
1720  476   -1
1725  338   -1
1731  612   -1
1747  769   -1
1756  626   -1
1759  691   -1
1761  721   -1
1768  686   -1
1776  672   -1
1791  742   -1
1804  807   -1
1805  695   -1
1806  1150  -1
1814  1091  -1
1816  1117  -1
1820  1120  -1
1822  1197  -1
1825  714   -1
1828  697   -1
1830  1093  -1
1837  740   -1
1838  1206  -1
1845  1202  -1
1857  989   -1
1862  991   -1
1879  1247  -1
1897  1295  -1
1898  970   -1
1898  1259  -1
1902  987   -1
1904  1281  -1
1908  968   -1
1923  1066  -1
1926  1062  -1
1936  1114  -1
1940  1025  -1
1941  1127  -1
1948  1048  -1
1951  1009  -1
1962  1093  -1
1970  1123  -1
1972  1148  -1
1978  1386  -1
1991  1141  -1
2017  1177  -1
2021  1143  -1
2026  1141  -1
2026  1149  -1
2027  1168  -1
2034  1051  -1
2036  1242  -1
2047  1063  -1
5     623   -1
37    983   -1
37    1244  -1
37    1260  -1
40    891   -1
60    1153  -1
76    951   -1
80    916   -1
86    878   -1
88    672   -1
95    782   -1
101   782   -1
101   776   -1
98    782   -1
102   779   -1
99    779   -1
116   984   -1
116   645   -1
121   901   -1
132   754   -1
132   1183  -1
150   1004  -1
158   720   -1
163   1137  -1
171   676   -1
178   689   -1
187   748   -1
186   1403  -1
197   938   -1
198   1625  -1
200   774   -1
204   866   -1
211   854   -1
211   776   -1
214   1156  -1
216   416   -1
216   1095  -1
217   875   -1
218   930   -1
217   957   -1
217   1258  -1
221   1051  -1
227   1193  -1
231   760   -1
231   990   -1
231   1002  -1
233   835   -1
244   374   -1
243   573   -1
243   804   -1
247   511   -1
249   1121  -1
250   617   -1
251   1126  -1
252   1552  -1
254   887   -1
259   1583  -1
260   544   -1
263   692   -1
263   1159  -1
265   1167  -1
266   801   -1
268   687   -1
267   949   -1
269   884   -1
270   1086  -1
274   691   -1
275   1183  -1
276   666   -1
277   759   -1
277   1415  -1
282   777   -1
283   1447  -1
285   808   -1
287   1180  -1
288   905   -1
288   1120  -1
289   781   -1
289   968   -1
293   916   -1
293   595   -1
296   1071  -1
298   1526  -1
299   622   -1
299   1705  -1
300   1112  -1
301   1651  -1
303   1015  -1
308   1394  -1
308   1078  -1
310   1162  -1
310   1037  -1
311   568   -1
321   453   -1
321   1223  -1
322   843   -1
324   1437  -1
325   1442  -1
326   1463  -1
326   1458  -1
328   1471  -1
333   535   -1
334   827   -1
340   1525  -1
343   1045  -1
344   1317  -1
344   1635  -1
346   1435  -1
347   1112  -1
350   513   -1
351   986   -1
350   1180  -1
357   1336  -1
357   1544  -1
358   807   -1
359   1006  -1
358   1316  -1
361   624   -1
360   1033  -1
362   1192  -1
366   1685  -1
367   1373  -1
368   1426  -1
370   1046  -1
370   967   -1
371   1093  -1
371   538   -1
374   734   -1
373   1435  -1
375   1601  -1
374   1722  -1
376   1129  -1
377   1110  -1
381   1046  -1
380   1667  -1
381   518   -1
382   722   -1
381   744   -1
381   1477  -1
381   1546  -1
385   1680  -1
386   687   -1
387   1127  -1
386   1638  -1
388   1023  -1
389   1027  -1
389   1297  -1
390   1301  -1
392   972   -1
392   1358  -1
394   681   -1
395   725   -1
395   1288  -1
398   1280  -1
399   491   -1
400   1076  -1
402   1010  -1
405   1008  -1
403   699   -1
404   712   -1
404   1030  -1
405   1440  -1
406   696   -1
406   1287  -1
408   871   -1
409   1076  -1
410   703   -1
410   1452  -1
412   766   -1
413   1497  -1
413   799   -1
414   1505  -1
416   1110  -1
417   1105  -1
418   1526  -1
419   813   -1
418   890   -1
419   768   -1
419   865   -1
420   882   -1
419   893   -1
421   712   -1
420   1442  -1
420   1591  -1
421   1480  -1
431   747   -1
422   745   -1
423   1278  -1
424   1513  -1
425   846   -1
426   1606  -1
426   1613  -1
426   831   -1
427   1624  -1
427   476   -1
427   899   -1
428   1121  -1
429   825   -1
432   912   -1
433   442   -1
433   797   -1
433   1406  -1
433   1521  -1
434   809   -1
436   698   -1
435   726   -1
435   784   -1
436   1066  -1
437   937   -1
438   1036  -1
440   1032  -1
439   1086  -1
440   1255  -1
440   1328  -1
441   761   -1
440   816   -1
440   1182  -1
441   1198  -1
441   1604  -1
442   421   -1
443   1211  -1
443   1298  -1
443   1456  -1
443   707   -1
446   891   -1
443   892   -1
443   1138  -1
445   836   -1
445   1256  -1
446   1448  -1
447   765   -1
446   778   -1
448   862   -1
446   991   -1
447   1149  -1
448   1125  -1
449   1101  -1
450   1571  -1
450   748   -1
451   790   -1
451   1136  -1
452   800   -1
453   783   -1
453   834   -1
452   1115  -1
453   411   -1
453   1101  -1
454   1280  -1
454   1288  -1
456   925   -1
460   1404  -1
456   1404  -1
458   789   -1
458   1055  -1
459   832   -1
460   889   -1
459   1496  -1
461   325   -1
461   804   -1
460   1435  -1
460   1456  -1
462   723   -1
462   913   -1
464   1462  -1
466   1021  -1
466   1085  -1
467   1215  -1
465   1213  -1
469   856   -1
469   850   -1
469   985   -1
470   1441  -1
475   720   -1
471   1418  -1
471   1515  -1
473   1563  -1
473   430   -1
475   432   -1
474   1008  -1
475   1004  -1
474   1123  -1
475   917   -1
477   596   -1
478   822   -1
479   1456  -1
480   715   -1
480   737   -1
481   945   -1
482   1080  -1
483   826   -1
483   965   -1
482   1455  -1
483   1167  -1
484   915   -1
485   856   -1
486   966   -1
487   407   -1
488   1317  -1
488   1482  -1
489   862   -1
489   1295  -1
488   1456  -1
490   812   -1
490   1039  -1
490   1575  -1
491   1139  -1
492   881   -1
494   1146  -1
495   1329  -1
496   995   -1
499   613   -1
496   613   -1
496   664   -1
499   975   -1
499   1107  -1
499   1540  -1
500   596   -1
503   907   -1
502   1300  -1
506   1163  -1
506   808   -1
507   1560  -1
513   912   -1
513   1282  -1
514   1467  -1
515   752   -1
515   1039  -1
521   1245  -1
519   1248  -1
518   1245  -1
517   1555  -1
519   1495  -1
520   888   -1
524   992   -1
525   792   -1
525   942   -1
526   934   -1
526   1290  -1
528   1057  -1
528   1537  -1
530   1023  -1
532   1443  -1
532   1322  -1
533   537   -1
534   799   -1
535   876   -1
534   1101  -1
538   1201  -1
539   1157  -1
542   1173  -1
543   899   -1
544   1345  -1
548   1129  -1
553   880   -1
554   1129  -1
553   1400  -1
555   776   -1
557   817   -1
558   1007  -1
560   1040  -1
560   1151  -1
561   895   -1
562   1032  -1
563   769   -1
564   1125  -1
567   783   -1
566   780   -1
567   1178  -1
568   1235  -1
570   505   -1
570   781   -1
571   569   -1
572   905   -1
575   1302  -1
579   776   -1
579   1231  -1
581   989   -1
581   1172  -1
582   760   -1
584   762   -1
590   895   -1
592   1039  -1
592   1234  -1
591   1417  -1
593   746   -1
595   1092  -1
595   1236  -1
598   1062  -1
601   746   -1
604   514   -1
604   1160  -1
606   745   -1
610   751   -1
614   1338  -1
615   1175  -1
623   756   -1
625   903   -1
624   1192  -1
627   939   -1
633   1281  -1
634   1099  -1
640   948   -1
642   722   -1
643   1056  -1
647   1258  -1
649   458   -1
648   755   -1
651   869   -1
650   988   -1
653   978   -1
652   1092  -1
659   447   -1
663   1045  -1
669   1194  -1
670   918   -1
670   1147  -1
675   1189  -1
676   1112  -1
680   1269  -1
684   1226  -1
684   948   -1
685   1214  -1
687   1129  -1
696   1726  -1
706   1008  -1
711   787   -1
711   960   -1
717   937   -1
716   1642  -1
718   1023  -1
727   964   -1
732   1058  -1
736   1067  -1
738   1241  -1
739   936   -1
743   1215  -1
744   823   -1
744   1085  -1
747   913   -1
761   980   -1
770   952   -1
772   967   -1
777   1034  -1
787   973   -1
791   1032  -1
792   1474  -1
795   1002  -1
798   988   -1
804   1313  -1
808   954   -1
812   1269  -1
814   1037  -1
823   1340  -1
828   1026  -1
853   401   -1
859   878   -1
865   915   -1
865   1016  -1
868   146   -1
884   1018  -1
894   49    -1
916   1631  -1
924   1012  -1
935   195   -1
952   1213  -1
959   267   -1
969   2001  -1
970   639   -1
979   261   -1
984   369   -1
994   1552  -1
1001  1937  -1
1002  1930  -1
1004  378   -1
1007  349   -1
1007  1754  -1
1010  1899  -1
1011  1877  -1
1011  1515  -1
1013  1512  -1
1013  369   -1
1016  1929  -1
1017  728   -1
1019  620   -1
1022  315   -1
1025  1503  -1
1027  1728  -1
1029  1880  -1
1039  1756  -1
1041  1744  -1
1046  433   -1
1047  1418  -1
1048  374   -1
1050  618   -1
1050  1802  -1
1052  1409  -1
1055  400   -1
1055  1511  -1
1062  1578  -1
1063  1820  -1
1066  1731  -1
1071  1457  -1
1071  1487  -1
1073  1435  -1
1073  1755  -1
1077  1814  -1
1078  1361  -1
1081  700   -1
1082  1399  -1
1082  1825  -1
1083  706   -1
1085  1218  -1
1085  1435  -1
1085  1601  -1
1088  1800  -1
1097  447   -1
1099  1715  -1
1102  710   -1
1105  1544  -1
1105  1547  -1
1106  1646  -1
1109  693   -1
1111  256   -1
1120  1282  -1
1122  274   -1
1122  1395  -1
1124  635   -1
1127  1305  -1
1128  1292  -1
1130  1290  -1
1129  1487  -1
1133  1239  -1
1133  1419  -1
1136  1500  -1
1140  1421  -1
1142  1389  -1
1144  1288  -1
1144  1480  -1
1147  955   -1
1147  667   -1
1148  1388  -1
1155  295   -1
1155  303   -1
1157  1386  -1
1158  98    -1
1161  1313  -1
1162  635   -1
1167  255   -1
1173  1648  -1
1174  238   -1
1174  681   -1
1175  1350  -1
1175  1367  -1
1178  653   -1
1184  925   -1
1186  917   -1
1189  1386  -1
1193  1212  -1
1196  754   -1
1195  740   -1
1195  910   -1
1200  1268  -1
1200  848   -1
1201  933   -1
1201  1297  -1
1202  835   -1
1203  754   -1
1206  1225  -1
1208  516   -1
1208  629   -1
1207  839   -1
1210  440   -1
1212  251   -1
1213  232   -1
1217  646   -1
1220  1186  -1
1223  1184  -1
1221  544   -1
1222  771   -1
1224  479   -1
1225  1165  -1
1228  1135  -1
1230  226   -1
1230  290   -1
1233  291   -1
1235  735   -1
1235  1171  -1
1237  284   -1
1236  427   -1
1240  733   -1
1239  1089  -1
1241  288   -1
1244  554   -1
1244  542   -1
1247  1098  -1
1247  807   -1
1247  1012  -1
1250  289   -1
1252  1196  -1
1257  1129  -1
1257  1266  -1
1257  1034  -1
1257  1393  -1
1260  194   -1
1260  618   -1
1263  819   -1
1266  1383  -1
1268  985   -1
1270  496   -1
1271  839   -1
1274  379   -1
1273  456   -1
1276  1028  -1
1276  415   -1
1277  1290  -1
1283  1139  -1
1286  1367  -1
1287  1259  -1
1292  583   -1
1293  1248  -1
1294  524   -1
1293  985   -1
1296  321   -1
1299  407   -1
1299  874   -1
1304  646   -1
1305  161   -1
1306  125   -1
1310  1301  -1
1313  1003  -1
1317  1258  -1
1320  630   -1
1323  1117  -1
1325  315   -1
1327  524   -1
1327  1101  -1
1332  559   -1
1331  943   -1
1335  269   -1
1335  184   -1
1336  1402  -1
1340  981   -1
1337  985   -1
1344  1389  -1
1346  602   -1
1346  269   -1
1346  585   -1
1346  972   -1
1348  431   -1
1351  1114  -1
1354  553   -1
1351  552   -1
1353  569   -1
1353  377   -1
1355  476   -1
1356  1250  -1
1358  420   -1
1366  1406  -1
1369  966   -1
1369  977   -1
1374  495   -1
1381  1024  -1
1381  654   -1
1384  1230  -1
1386  483   -1
1386  1187  -1
1388  177   -1
1391  466   -1
1393  669   -1
1397  388   -1
1396  591   -1
1398  686   -1
1398  391   -1
1400  422   -1
1404  1115  -1
1404  394   -1
1408  414   -1
1410  584   -1
1411  1228  -1
1417  957   -1
1419  707   -1
1421  514   -1
1422  547   -1
1422  1016  -1
1424  592   -1
1430  508   -1
1430  237   -1
1430  478   -1
1431  504   -1
1434  618   -1
1436  486   -1
1437  87    -1
1439  419   -1
1439  459   -1
1441  578   -1
1443  519   -1
1445  1417  -1
1445  941   -1
1447  420   -1
1447  950   -1
1450  1014  -1
1455  552   -1
1459  667   -1
1460  949   -1
1462  947   -1
1462  396   -1
1462  474   -1
1468  640   -1
1472  391   -1
1473  196   -1
1473  442   -1
1476  497   -1
1477  151   -1
1477  648   -1
1479  276   -1
1480  446   -1
1485  657   -1
1488  411   -1
1490  663   -1
1497  1386  -1
1504  440   -1
1510  675   -1
1511  426   -1
1510  598   -1
1511  662   -1
1521  653   -1
1523  588   -1
1523  618   -1
1529  670   -1
1533  662   -1
1543  299   -1
1552  607   -1
1555  649   -1
1570  623   -1
1571  656   -1
1578  677   -1
1579  666   -1
1580  659   -1
1583  992   -1
1588  990   -1
1589  644   -1
1596  214   -1
1609  720   -1
1611  641   -1
1618  728   -1
1620  988   -1
1651  487   -1
1654  608   -1
1668  663   -1
1670  977   -1
1683  277   -1
1689  963   -1
1697  526   -1
1714  715   -1
1714  705   -1
1715  391   -1
1715  944   -1
1739  597   -1
1741  609   -1
1772  642   -1
1796  680   -1
1795  683   -1
1803  724   -1
1806  1098  -1
1817  1044  -1
1819  752   -1
1829  1120  -1
1836  713   -1
1843  1207  -1
1853  1191  -1
1891  1248  -1
1899  1243  -1
1935  999   -1
1935  1243  -1
69    997   0
71    996   0
84    890   1
84    891   1
93    672   2
91    672   2
231   1458  3
231   1459  3
241   761   4
242   760   4
277   1410  5
276   1411  5
286   676   6
287   677   6
297   758   7
297   759   7
371   1475  8
370   1475  8
416   716   9
416   718   9
438   485   10
438   486   10
445   785   11
446   785   11
463   873   12
463   874   12
494   1434  13
495   1433  13
496   281   14
495   280   14
544   769   15
543   770   15
583   609   16
584   610   16
635   1180  17
636   1179  17
709   1324  18
710   1325  18
862   89    19
862   90    19
881   937   20
882   938   20
1249  166   21
1249  165   21
1283  421   22
1284  421   22
148   846   23
146   845   23
148   844   23
150   846   23
155   899   24
155   899   24
155   899   24
153   899   24
157   1017  25
157   1017  25
180   830   26
182   831   26
193   962   27
191   962   27
203   1091  28
203   1090  28
203   1091  28
214   1507  29
215   1506  29
235   265   30
237   266   30
244   848   31
242   849   31
276   1848  32
277   1847  32
279   670   33
280   671   33
278   978   34
280   978   34
290   755   35
290   755   35
290   755   35
290   755   35
289   755   35
291   756   35
288   755   35
292   756   35
289   754   35
291   755   35
294   757   35
287   754   35
305   1287  36
304   1288  36
312   1159  37
310   1159  37
313   549   38
312   547   38
314   549   38
315   944   39
317   945   39
316   943   39
318   1177  40
319   1178  40
331   558   41
332   557   41
338   536   42
338   535   42
340   537   42
350   1005  43
348   1006  43
352   1027  44
350   1026  44
352   1162  45
352   1162  45
361   542   46
359   541   46
363   845   47
364   845   47
366   962   48
366   962   48
370   1441  49
371   1440  49
374   880   50
372   881   50
376   879   50
375   1008  51
377   1007  51
378   1317  52
376   1317  52
386   506   53
387   507   53
391   517   54
393   518   54
394   711   55
394   711   55
398   711   56
397   709   56
396   693   57
397   692   57
399   867   58
397   867   58
404   919   59
403   921   59
406   919   59
409   691   60
409   691   60
411   788   61
410   789   61
415   701   62
416   703   62
416   699   62
414   758   63
416   758   63
417   1135  64
417   1135  64
418   721   65
417   721   65
419   1529  66
421   1530  66
424   740   67
424   741   67
425   740   67
425   741   67
424   743   67
424   739   67
426   741   67
422   739   67
427   744   68
428   743   68
424   719   69
424   720   69
425   1058  70
427   1058  70
429   736   71
430   736   71
429   735   71
430   736   71
429   735   71
430   736   71
429   734   71
429   736   71
432   737   71
430   737   71
429   734   71
430   437   72
431   439   72
431   1182  73
433   1183  73
431   1141  74
432   1142  74
434   759   75
434   759   75
435   795   76
436   795   76
432   1027  77
434   1027  77
434   732   78
434   732   78
435   802   79
436   801   79
440   775   80
441   776   80
438   773   81
437   772   81
439   827   82
440   826   82
442   814   83
443   815   83
443   1437  84
442   1436  84
445   748   85
444   750   85
446   748   85
444   726   86
446   726   86
445   1345  87
447   1344  87
446   1277  88
446   1276  88
449   412   89
448   411   89
449   1255  90
449   1254  90
450   1310  91
448   1309  91
450   1310  91
451   740   92
450   739   92
451   745   93
453   745   93
450   1157  94
452   1156  94
454   803   95
452   803   95
452   815   96
453   815   96
453   730   97
455   731   97
457   819   98
455   818   98
459   818   98
457   1521  99
457   1521  99
458   1521  99
460   1057  100
461   1057  100
460   1057  100
461   1057  100
463   1057  100
461   736   101
461   738   101
462   842   102
463   843   102
463   732   103
462   731   103
463   837   104
464   836   104
466   717   105
465   718   105
473   722   106
472   722   106
473   1116  107
471   1116  107
474   1101  108
472   1101  108
476   717   109
477   717   109
479   840   110
477   839   110
479   836   111
478   836   111
479   712   112
478   711   112
480   1302  113
480   1301  113
479   1396  114
478   1397  114
481   854   115
480   854   115
480   1190  116
480   1189  116
482   1494  117
482   1494  117
482   865   118
483   865   118
484   884   119
482   883   119
484   713   120
483   712   120
486   1136  121
486   1138  121
487   1197  122
487   1199  122
488   726   123
489   728   123
487   727   123
490   717   124
489   715   124
489   1586  125
488   1585  125
490   1004  126
492   1005  126
490   1056  127
492   1056  127
495   1058  127
494   1057  127
492   849   128
493   849   128
496   1186  129
496   1186  129
497   1430  130
495   1430  130
497   723   131
498   724   131
500   846   132
500   846   132
498   1470  133
499   1469  133
505   1188  134
505   1186  134
502   1183  135
500   1184  135
502   854   136
501   854   136
503   811   137
503   813   137
504   902   138
504   902   138
504   901   138
511   867   139
511   866   139
511   1103  140
512   1102  140
512   1378  141
513   1377  141
518   1166  142
518   1166  142
516   1167  142
517   1563  143
516   1564  143
518   881   144
519   882   144
519   1268  145
520   1267  145
520   1658  146
521   1657  146
518   1659  146
523   1275  147
524   1276  147
524   1445  148
523   1444  148
526   928   149
526   929   149
525   1081  150
526   1082  150
526   1174  151
525   1173  151
525   1624  152
527   1624  152
529   788   153
529   789   153
528   787   153
529   789   153
527   1046  154
528   1045  154
528   1188  155
529   1187  155
528   1188  155
530   1186  155
534   1165  156
534   1165  156
534   1165  156
536   791   157
538   790   157
544   955   158
542   954   158
544   1200  159
544   1198  159
546   1482  160
545   1483  160
546   1403  161
547   1404  161
547   1214  162
548   1213  162
548   792   163
550   792   163
553   971   164
554   970   164
557   1333  165
557   1334  165
558   935   166
557   934   166
559   924   167
559   924   167
559   957   168
559   956   168
564   1418  169
562   1418  169
564   882   170
566   883   170
565   1279  171
565   1280  171
565   1321  172
567   1321  172
571   1127  173
571   1127  173
575   908   174
576   910   174
578   979   175
579   980   175
580   1114  176
580   1115  176
580   1211  177
579   1210  177
583   1144  178
584   1143  178
584   1145  178
584   1316  179
585   1315  179
586   750   180
585   751   180
587   1031  181
588   1030  181
590   1029  181
587   1136  182
587   1136  182
587   1268  183
588   1269  183
588   1128  184
589   1127  184
589   1228  185
589   1229  185
595   1038  186
595   1038  186
594   1089  187
594   1089  187
595   995   188
595   995   188
595   1082  189
596   1082  189
596   1135  190
596   1136  190
600   971   191
599   969   191
599   1073  192
599   1074  192
601   937   193
600   936   193
602   1081  194
602   1080  194
610   1043  195
610   1043  195
613   741   196
612   741   196
613   908   197
614   910   197
619   943   198
619   942   198
625   1130  199
624   1129  199
627   759   200
627   759   200
636   1130  201
635   1130  201
635   1308  202
634   1308  202
639   879   203
640   879   203
646   857   204
644   856   204
648   750   205
649   752   205
648   750   205
656   1041  206
655   1041  206
657   1259  207
658   1257  207
658   983   208
659   985   208
664   888   209
666   889   209
666   1008  210
666   1009  210
671   1129  211
671   1129  211
677   1235  212
677   1235  212
692   786   213
691   787   213
692   1085  214
692   1086  214
693   1294  215
692   1292  215
695   953   216
697   952   216
708   1006  217
708   1006  217
712   1024  218
714   1024  218
716   928   219
716   928   219
725   972   220
725   973   220
729   957   221
729   957   221
735   1029  222
734   1030  222
737   825   223
737   826   223
740   931   224
740   932   224
742   1116  225
742   1118  225
743   918   226
742   917   226
746   1073  227
747   1073  227
754   1045  228
754   1045  228
758   819   229
759   820   229
757   817   229
764   1484  230
764   1485  230
768   996   231
766   995   231
771   1031  232
771   1031  232
775   955   233
774   953   233
779   982   234
778   984   234
787   1154  235
788   1155  235
790   1175  236
789   1174  236
790   984   237
790   984   237
791   1037  238
791   1037  238
793   1151  239
792   1152  239
817   950   240
818   951   240
817   950   240
818   987   241
819   986   241
852   1002  242
853   1003  242
877   1267  243
875   1267  243
877   205   244
877   206   244
877   895   245
876   895   245
898   1248  246
897   1247  246
906   929   247
906   929   247
914   1760  248
915   1758  248
917   940   249
916   939   249
920   519   250
921   520   250
920   975   251
919   974   251
924   959   252
924   960   252
926   287   253
927   289   253
940   1592  254
939   1592  254
948   1504  255
950   1504  255
950   619   256
950   619   256
957   1518  257
955   1518  257
960   1568  258
960   1567  258
962   354   259
962   356   259
968   632   260
969   631   260
974   1552  261
972   1551  261
975   631   262
976   631   262
975   631   262
984   283   263
985   285   263
985   1209  264
985   1208  264
989   1183  265
990   1184  265
998   322   266
1000  322   266
1020  633   267
1020  633   267
1022  1866  268
1022  1867  268
1027  626   269
1026  625   269
1028  295   270
1029  296   270
1033  1487  271
1034  1486  271
1034  1462  272
1036  1461  272
1058  1718  273
1057  1716  273
1065  1735  274
1064  1734  274
1067  1377  275
1067  1376  275
1068  1852  276
1068  1851  276
1066  1851  276
1067  1854  276
1068  616   277
1069  617   277
1075  1374  278
1075  1376  278
1077  1473  279
1078  1474  279
1078  1507  280
1078  1505  280
1081  1676  281
1081  1676  281
1082  696   282
1083  697   282
1088  1496  283
1087  1497  283
1090  241   284
1089  239   284
1096  1507  285
1097  1506  285
1098  1310  286
1098  1310  286
1106  1443  287
1106  1444  287
1107  606   288
1107  607   288
1108  1267  289
1107  1266  289
1111  642   290
1110  642   290
1111  641   290
1113  1249  291
1114  1250  291
1113  1462  292
1113  1463  292
1126  985   293
1128  985   293
1128  325   294
1128  323   294
1135  1446  295
1135  1447  295
1137  192   296
1137  194   296
1140  1457  297
1140  1457  297
1140  1358  298
1140  1357  298
1140  1369  299
1141  1369  299
1142  612   300
1141  611   300
1143  317   301
1142  316   301
1144  692   302
1144  692   302
1148  1467  303
1148  1467  303
1150  125   304
1150  123   304
1151  667   305
1152  667   305
1152  1258  306
1152  1258  306
1153  1404  307
1153  1404  307
1157  879   308
1156  878   308
1157  1246  309
1157  1246  309
1161  122   310
1161  124   310
1162  882   311
1163  881   311
1162  1356  312
1163  1355  312
1163  684   313
1164  683   313
1164  715   314
1165  716   314
1164  1257  315
1166  1257  315
1165  624   316
1166  622   316
1170  922   317
1172  923   317
1170  922   317
1171  1341  318
1172  1342  318
1172  634   319
1171  634   319
1173  581   320
1173  581   320
1176  578   321
1176  580   321
1175  733   322
1174  733   322
1176  710   323
1178  710   323
1178  686   324
1178  685   324
1178  586   325
1179  585   325
1180  725   326
1178  725   326
1180  660   327
1180  662   327
1181  743   328
1181  742   328
1182  715   329
1182  715   329
1183  1259  330
1183  1259  330
1184  1128  331
1185  1128  331
1185  695   332
1184  696   332
1185  275   333
1187  276   333
1188  1364  334
1187  1366  334
1188  1163  335
1187  1163  335
1189  679   336
1190  680   336
1189  1123  337
1189  1124  337
1192  649   338
1191  648   338
1192  524   339
1194  523   339
1197  1185  340
1196  1184  340
1197  745   341
1197  745   341
1201  711   342
1202  711   342
1201  711   342
1201  643   343
1203  644   343
1203  642   343
1203  1394  344
1202  1393  344
1204  1393  344
1202  921   345
1202  922   345
1204  720   346
1203  721   346
1204  1086  347
1204  1087  347
1211  637   348
1210  638   348
1211  1048  349
1212  1047  349
1213  642   350
1213  641   350
1218  491   351
1218  490   351
1221  612   352
1219  611   352
1220  639   353
1220  639   353
1223  472   354
1223  472   354
1224  1411  355
1223  1412  355
1224  1414  355
1225  234   356
1225  234   356
1235  1010  357
1236  1011  357
1234  1010  357
1237  1150  358
1238  1149  358
1237  1150  358
1237  1262  359
1237  1262  359
1237  1223  360
1238  1222  360
1243  567   361
1239  567   361
1242  568   361
1240  568   361
1240  1406  362
1239  1406  362
1244  506   363
1244  506   363
1245  682   364
1244  681   364
1246  979   365
1246  980   365
1248  458   366
1247  460   366
1248  1041  367
1246  1041  367
1249  818   368
1248  817   368
1252  434   369
1252  434   369
1251  436   369
1251  472   370
1250  474   370
1252  474   370
1250  707   371
1251  709   371
1254  1036  372
1254  1037  372
1254  1036  372
1255  808   373
1254  808   373
1255  995   374
1254  995   374
1256  499   375
1255  500   375
1256  459   376
1257  461   376
1259  1162  377
1257  1161  377
1259  1031  378
1259  1032  378
1259  1419  379
1258  1418  379
1261  991   380
1261  991   380
1260  992   380
1261  1289  381
1261  1289  381
1263  1052  382
1262  1054  382
1266  1249  383
1265  1248  383
1266  1249  383
1269  1061  384
1268  1061  384
1267  1132  385
1267  1132  385
1268  542   386
1269  542   386
1271  984   387
1272  985   387
1273  650   388
1273  650   388
1276  503   389
1276  504   389
1277  252   390
1277  250   390
1279  1211  391
1279  1210  391
1281  868   392
1281  868   392
1284  658   393
1284  659   393
1285  213   394
1285  211   394
1285  434   395
1286  432   395
1285  434   395
1287  434   395
1288  765   396
1288  766   396
1288  1129  397
1288  1129  397
1294  1166  398
1293  1164  398
1294  1166  398
1294  1148  399
1295  1149  399
1294  1183  400
1294  1183  400
1298  1019  401
1297  1018  401
1300  563   402
1301  561   402
1299  1680  403
1299  1679  403
1300  1260  404
1300  1260  404
1305  471   405
1304  472   405
1307  453   406
1307  454   406
1310  1004  407
1309  1003  407
1310  418   408
1309  420   408
1312  871   409
1312  870   409
1314  612   410
1313  611   410
1318  470   411
1318  472   411
1320  394   412
1320  394   412
1324  453   413
1323  454   413
1331  450   414
1331  450   414
1331  1122  415
1331  1123  415
1334  562   416
1335  562   416
1337  1099  417
1336  1098  417
1338  1177  418
1338  1177  418
1342  958   419
1343  959   419
1341  959   419
1344  188   420
1343  189   420
1346  1392  421
1345  1393  421
1347  1065  422
1347  1063  422
1348  264   423
1350  263   423
1348  276   424
1349  277   424
1353  994   425
1353  995   425
1356  944   426
1356  944   426
1358  460   427
1357  462   427
1361  1156  428
1360  1157  428
1361  1157  428
1362  483   429
1362  483   429
1363  594   430
1364  594   430
1364  967   431
1364  966   431
1366  1338  432
1366  1339  432
1368  409   433
1369  407   433
1369  1085  434
1369  1085  434
1370  394   435
1369  396   435
1370  1013  436
1370  1014  436
1369  1015  436
1370  1156  437
1370  1156  437
1372  541   438
1372  540   438
1376  1386  439
1376  1386  439
1376  297   440
1375  295   440
1376  985   441
1375  985   441
1380  879   442
1380  880   442
1381  278   443
1381  280   443
1381  1021  444
1382  1020  444
1383  758   445
1385  758   445
1387  1091  446
1386  1091  446
1389  976   447
1389  976   447
1392  598   448
1392  598   448
1392  551   449
1393  549   449
1399  1014  450
1399  1014  450
1399  1014  450
1397  1014  450
1400  1410  451
1398  1410  451
1401  996   452
1401  996   452
1401  205   453
1402  203   453
1402  733   454
1403  732   454
1403  589   455
1402  590   455
1403  968   456
1403  968   456
1402  970   456
1407  1081  457
1408  1080  457
1415  402   458
1416  404   458
1418  404   458
1427  552   459
1427  552   459
1426  604   460
1425  603   460
1432  561   461
1432  561   461
1437  996   462
1436  995   462
1442  547   463
1443  546   463
1442  999   464
1442  998   464
1448  616   465
1447  615   465
1450  966   466
1451  965   466
1452  490   467
1453  488   467
1453  527   468
1453  527   468
1459  648   469
1460  649   469
1462  591   470
1462  591   470
1470  984   471
1470  984   471
1474  546   472
1472  547   472
1479  303   473
1478  305   473
1480  617   474
1479  617   474
1481  443   475
1482  444   475
1483  306   476
1484  305   476
1486  1031  477
1486  1032  477
1493  664   478
1493  664   478
1493  664   478
1493  665   478
1494  664   478
1493  665   478
1491  666   478
1494  663   478
1497  1036  479
1497  1035  479
1514  652   480
1513  651   480
1613  985   481
1614  985   481
1638  454   482
1638  456   482
1682  542   483
1682  540   483
1690  702   484
1688  703   484
1695  980   485
1695  980   485
1693  981   485
1696  981   485
1726  951   486
1724  952   486
1727  602   487
1725  601   487
1732  938   488
1731  937   488
1766  696   489
1768  695   489
1806  1044  490
1808  1044  490
1818  760   491
1818  760   491
1833  1029  492
1831  1030  492
1836  1215  493
1837  1214  493