# Filename: CLN3-561nm_416_ctrl_60x_010.tif
# Puncta radius (pixels): (1.3888888888888888, 1.3888888888888888)
# Puncta radius (nm): (150, 150)
# Cluster threshold (nm): 300
# Min puncta per cluster: 2
# Voxel size (nm): (108, 108)
Y     X     NUM_PUNCTA    CLUSTER_ID
448   631   2             0
458   698   2             1
470   930   2             2
511   1030  2             3
535   803   2             4
552   1591  2             5
580   754   2             6
644   113   2             7
814   1053  2             8
827   920   2             9
1570  660   2             10
154   713   4             11
193   528   2             12
256   1050  2             13
293   1081  2             14
309   262   4             15
317   629   20            16
321   987   2             17
359   881   2             18
371   1377  2             19
386   732   2             20
388   1407  2             21
398   1389  2             22
399   580   2             23
405   655   3             24
418   1130  2             25
428   1543  2             26
428   777   2             27
435   602   2             28
436   736   2             29
437   1028  2             30
441   1086  2             31
449   675   2             32
448   708   2             33
453   693   2             34
454   606   2             35
454   1090  2             36
458   1621  2             37
461   591   2             38
462   860   2             39
463   1070  2             40
467   710   2             41
469   1067  2             42
469   1117  2             43
471   686   2             44
471   719   2             45
474   825   2             46
474   1082  2             47
481   736   2             48
483   725   2             49
486   1608  2             50
493   971   2             51
494   666   2             52
496   763   2             53
496   1021  4             54
498   1063  2             55
499   1099  2             56
500   981   2             57
502   827   2             58
501   1035  2             59
507   809   2             60
503   808   2             61
504   986   2             62
506   1555  3             63
509   841   2             64
511   875   3             65
510   1059  2             66
513   608   2             67
516   727   2             68
517   1031  2             69
518   747   2             70
519   714   2             71
525   527   2             72
525   1004  2             73
526   1061  2             74
529   954   2             75
534   1031  2             76
536   1148  2             77
536   552   2             78
537   970   2             79
536   1051  2             80
539   739   3             81
539   896   2             82
540   776   3             83
544   1000  2             84
544   815   3             85
547   719   2             86
548   788   2             87
549   714   2             88
550   1103  2             89
552   871   2             90
561   826   2             91
562   806   2             92
561   1053  2             93
562   1114  2             94
565   184   3             95
566   538   3             96
569   1172  2             97
570   944   2             98
570   720   2             99
570   964   2             100
574   992   2             101
576   803   4             102
574   1358  2             103
578   593   2             104
578   814   2             105
581   1129  2             106
584   728   2             107
588   669   2             108
589   676   2             109
590   1364  2             110
594   1145  2             111
596   761   2             112
595   1105  2             113
597   614   2             114
600   738   2             115
600   623   2             116
601   1018  2             117
603   1001  3             118
604   1025  2             119
610   629   2             120
613   728   2             121
614   1188  2             122
619   849   2             123
616   963   2             124
617   933   2             125
619   1156  2             126
621   950   2             127
622   601   5             128
622   1712  2             129
629   514   2             130
629   992   2             131
629   1127  2             132
629   1335  2             133
629   753   2             134
631   736   2             135
630   836   2             136
631   1133  3             137
632   763   2             138
632   1635  2             139
634   649   2             140
635   917   2             141
636   669   2             142
636   997   2             143
641   1230  2             144
642   1199  2             145
642   946   2             146
644   1099  2             147
645   579   3             148
647   64    2             149
646   708   2             150
646   1016  2             151
649   1330  3             152
651   663   7             153
650   852   2             154
650   656   2             155
650   789   2             156
650   926   2             157
655   600   2             158
655   910   2             159
655   917   2             160
657   612   2             161
656   1318  2             162
658   429   2             163
659   441   2             164
658   651   2             165
664   784   2             166
663   504   2             167
665   671   2             168
666   1157  2             169
668   1324  2             170
669   1125  2             171
671   1180  2             172
675   604   2             173
675   1148  2             174
677   723   3             175
676   747   2             176
676   757   2             177
677   1284  2             178
678   709   2             179
679   884   2             180
678   955   2             181
685   1027  2             182
688   1568  2             183
688   411   2             184
688   684   2             185
691   683   2             186
689   1072  2             187
691   572   2             188
692   1010  2             189
693   776   3             190
696   563   2             191
698   720   2             192
698   1272  2             193
700   400   2             194
700   591   2             195
703   675   2             196
703   1267  2             197
703   1046  2             198
703   1282  2             199
707   888   2             200
707   1282  2             201
707   383   2             202
710   695   2             203
710   1096  2             204
711   1249  2             205
713   881   2             206
714   564   3             207
716   996   2             208
717   1199  2             209
718   1186  2             210
717   1208  2             211
721   471   2             212
721   477   2             213
722   1187  2             214
722   1610  2             215
725   593   2             216
724   968   2             217
726   762   2             218
729   352   2             219
730   1157  2             220
730   585   2             221
731   331   2             222
733   997   2             223
735   932   2             224
736   295   2             225
736   964   2             226
738   1007  2             227
738   1208  2             228
739   1199  2             229
739   1228  2             230
741   494   3             231
740   1196  2             232
742   754   2             233
744   947   3             234
745   1019  2             235
747   809   5             236
752   896   3             237
752   767   3             238
751   818   2             239
752   1053  2             240
754   552   2             241
754   967   2             242
754   1527  2             243
754   622   2             244
755   670   3             245
756   939   2             246
758   1015  2             247
761   990   2             248
761   1118  2             249
761   903   2             250
765   647   2             251
765   1016  2             252
765   1051  2             253
765   1073  2             254
767   1096  3             255
770   901   2             256
769   924   2             257
771   1126  2             258
772   860   2             259
775   952   2             260
771   1015  2             261
772   1159  2             262
772   551   2             263
777   790   2             264
778   820   2             265
780   653   2             266
781   811   3             267
784   309   2             268
784   789   2             269
786   1046  2             270
788   829   2             271
789   953   2             272
789   204   2             273
792   913   2             274
791   1435  2             275
793   812   2             276
792   871   2             277
792   874   2             278
794   591   2             279
793   1325  2             280
796   828   2             281
798   838   2             282
803   319   2             283
804   711   2             284
804   889   2             285
805   570   2             286
805   599   2             287
807   289   2             288
808   811   2             289
809   930   2             290
811   958   2             291
812   1046  3             292
812   855   2             293
813   925   2             294
814   1161  2             295
816   623   2             296
818   779   2             297
819   1032  2             298
821   789   2             299
824   1107  2             300
836   815   2             301
835   1020  2             302
839   311   2             303
838   752   3             304
840   650   2             305
844   1116  2             306
846   985   2             307
850   1384  2             308
852   701   4             309
851   1172  2             310
852   720   2             311
852   921   2             312
856   1244  2             313
859   947   2             314
860   170   2             315
860   939   2             316
867   82    3             317
871   1012  2             318
870   1114  2             319
872   1289  2             320
874   854   2             321
873   1030  2             322
875   903   2             323
876   925   2             324
884   1128  3             325
885   1368  2             326
887   914   2             327
888   667   2             328
888   1181  2             329
889   885   2             330
888   1191  2             331
891   1236  2             332
892   962   2             333
893   568   2             334
894   997   2             335
893   1001  2             336
902   661   6             337
900   1254  2             338
903   898   2             339
907   646   2             340
907   743   2             341
913   977   2             342
914   846   2             343
915   1601  2             344
917   1300  2             345
920   1279  3             346
924   1164  2             347
928   1163  2             348
934   629   2             349
932   807   2             350
933   759   2             351
934   772   2             352
940   908   2             353
941   1123  2             354
944   1197  2             355
944   928   2             356
947   567   2             357
952   718   4             358
954   865   2             359
953   901   2             360
954   693   2             361
956   751   2             362
957   627   2             363
961   1345  2             364
967   762   2             365
969   670   4             366
970   1344  2             367
977   681   2             368
979   756   2             369
983   1591  2             370
986   958   2             371
986   1369  2             372
989   315   2             373
988   798   2             374
992   959   2             375
995   343   2             376
997   802   2             377
1001  983   2             378
1004  831   2             379
1004  1176  2             380
1010  1053  2             381
1012  1170  2             382
1017  753   2             383
1017  837   2             384
1016  1573  2             385
1017  760   2             386
1017  780   2             387
1021  1512  2             388
1027  985   2             389
1030  1139  2             390
1036  255   2             391
1039  853   2             392
1045  1396  3             393
1046  846   2             394
1047  971   2             395
1049  937   2             396
1048  1659  2             397
1051  850   2             398
1052  827   2             399
1054  1425  2             400
1056  950   2             401
1057  1902  2             402
1058  819   3             403
1057  962   2             404
1059  994   2             405
1064  834   2             406
1066  639   2             407
1066  712   2             408
1067  1335  2             409
1068  1663  2             410
1070  965   2             411
1073  618   2             412
1075  968   2             413
1080  825   3             414
1081  695   2             415
1082  790   2             416
1082  948   2             417
1084  969   2             418
1088  645   3             419
1089  805   3             420
1091  806   3             421
1096  600   2             422
1107  760   2             423
1106  1018  2             424
1111  626   2             425
1114  935   2             426
1115  573   2             427
1127  1285  2             428
1129  741   2             429
1130  696   2             430
1131  961   2             431
1139  718   2             432
1136  720   2             433
1138  664   2             434
1143  766   2             435
1143  733   2             436
1144  1469  2             437
1146  942   2             438
1153  209   2             439
1153  781   2             440
1154  841   2             441
1158  381   2             442
1157  531   2             443
1157  653   2             444
1157  848   2             445
1158  577   2             446
1166  1278  2             447
1169  766   3             448
1175  574   2             449
1176  686   2             450
1185  628   2             451
1187  982   2             452
1193  1354  2             453
1197  581   2             454
1199  816   2             455
1201  642   2             456
1202  846   2             457
1202  1449  2             458
1204  615   2             459
1204  953   2             460
1208  593   3             461
1209  945   3             462
1211  531   2             463
1210  628   2             464
1211  468   2             465
1218  1125  2             466
1219  1143  2             467
1220  899   2             468
1226  721   2             469
1227  899   2             470
1228  515   2             471
1235  1279  2             472
1236  554   2             473
1236  803   2             474
1241  770   2             475
1245  912   3             476
1250  724   2             477
1251  830   2             478
1252  600   2             479
1253  1033  2             480
1255  537   2             481
1258  1422  2             482
1261  475   2             483
1261  868   2             484
1264  602   2             485
1264  532   2             486
1266  222   2             487
1268  651   2             488
1267  1436  2             489
1270  866   2             490
1274  698   2             491
1280  510   2             492
1286  713   2             493
1288  1046  2             494
1290  805   3             495
1292  501   3             496
1292  1036  2             497
1294  1059  3             498
1295  855   2             499
1297  429   2             500
1303  1239  2             501
1304  1141  2             502
1305  1264  2             503
1311  1238  2             504
1315  550   2             505
1316  1216  2             506
1333  1276  2             507
1335  570   5             508
1335  1160  2             509
1339  441   2             510
1339  539   2             511
1340  618   2             512
1340  822   2             513
1342  1123  3             514
1344  810   2             515
1349  649   2             516
1352  1097  2             517
1353  1138  2             518
1355  431   3             519
1356  983   3             520
1363  382   2             521
1364  906   2             522
1369  632   2             523
1372  645   2             524
1375  637   2             525
1380  800   2             526
1381  725   2             527
1385  671   2             528
1386  659   3             529
1394  956   2             530
1395  439   2             531
1394  445   2             532
1400  541   2             533
1401  1053  2             534
1404  968   2             535
1406  785   3             536
1410  663   2             537
1414  897   2             538
1414  827   2             539
1420  993   2             540
1422  918   2             541
1426  618   2             542
1430  1024  2             543
1433  1366  2             544
1436  780   3             545
1440  1000  2             546
1445  391   2             547
1446  426   3             548
1449  1063  2             549
1458  788   2             550
1464  481   2             551
1473  854   2             552
1476  884   2             553
1478  1432  2             554
1480  1140  2             555
1480  1176  2             556
1482  720   2             557
1483  1082  2             558
1484  1283  2             559
1487  1186  2             560
1488  896   2             561
1489  1600  2             562
1493  558   2             563
1494  825   2             564
1508  1524  2             565
1515  1630  2             566
1517  1298  2             567
1530  1818  2             568
1526  789   2             569
1533  563   5             570
1536  747   2             571
1539  619   2             572
1541  764   2             573
1545  710   2             574
1548  565   2             575
1552  1094  2             576
1554  643   2             577
1559  632   3             578
1576  707   8             579
1581  1615  2             580
1581  889   2             581
1582  953   2             582
1584  745   2             583
1587  964   2             584
1588  1435  2             585
1594  842   2             586
1599  739   2             587
1598  943   2             588
1602  760   2             589
1603  643   3             590
1620  640   2             591
1623  1397  2             592
1628  638   2             593
1630  1153  2             594
1640  633   2             595
1646  1332  2             596
1682  808   2             597
1682  1038  2             598
1693  835   2             599
1696  954   2             600
1699  1573  2             601
1707  993   2             602
1710  977   2             603
1712  885   2             604
1740  568   2             605
1811  577   2             606
1826  1155  2             607
1837  306   2             608
1904  1435  2             609