# Filename: CLN3-561nm_416_bidi_60x_009.tif
# Puncta radius (pixels): (1.3888888888888888, 1.3888888888888888)
# Puncta radius (nm): (150, 150)
# Cluster threshold (nm): 300
# Voxel size (nm): (108, 108)
Y     X
0     445
0     567
2     589
2     641
3     487
3     583
4     476
4     656
5     416
5     621
5     695
6     469
6     632
6     653
7     696
8     488
8     642
9     439
9     717
10    549
10    563
12    734
13    554
14    378
14    657
15    652
16    462
16    537
16    580
18    379
18    393
18    502
18    587
19    473
21    437
22    497
22    1045
23    544
23    584
24    661
27    532
27    574
28    549
28    601
29    738
30    447
30    474
30    671
30    698
30    767
32    378
32    392
32    565
32    631
32    660
32    686
33    585
33    710
34    514
34    1010
34    1022
35    977
36    632
37    585
37    1042
38    467
38    476
38    734
38    889
38    1022
39    700
39    713
40    606
40    689
40    794
40    943
41    387
41    536
41    1027
41    1051
42    434
42    595
42    666
43    369
43    445
43    559
43    624
43    877
44    287
44    987
44    1020
45    266
45    720
45    888
46    409
46    641
46    709
46    942
47    456
47    521
47    677
47    875
47    975
48    304
48    774
48    996
48    1006
49    526
49    935
50    414
50    742
50    982
51    473
51    501
51    514
51    585
51    758
51    870
51    920
52    276
52    483
52    579
52    896
53    445
53    463
53    491
53    766
53    1006
54    521
54    610
54    647
55    313
55    509
55    904
56    588
57    304
57    1033
58    347
58    376
58    398
58    433
58    491
58    709
58    856
59    323
59    546
59    737
59    882
59    950
60    458
60    500
60    528
60    800
60    811
60    892
60    980
61    280
61    334
61    340
61    521
61    571
61    627
61    825
61    928
61    996
62    599
62    637
62    842
63    399
63    485
63    558
64    253
64    319
64    411
64    567
64    592
64    794
64    872
64    975
65    384
65    404
65    490
65    645
65    662
65    668
66    626
67    576
67    748
68    348
68    418
68    548
68    785
68    902
68    999
69    482
69    592
69    800
69    821
69    892
70    570
70    634
70    973
71    380
71    395
72    407
71    477
71    490
71    562
71    654
71    860
71    884
72    403
72    470
72    528
72    905
72    1024
73    993
74    375
74    387
74    484
75    508
75    602
75    617
75    640
75    674
76    580
76    880
76    1007
77    467
77    552
77    591
77    609
77    651
78    324
78    454
78    519
78    802
78    852
78    894
78    1013
78    1022
79    812
80    327
80    403
80    420
80    432
80    458
80    595
80    645
80    819
81    392
81    680
82    515
82    564
82    574
82    631
83    452
83    696
84    385
84    529
84    602
85    397
85    413
85    587
85    790
85    857
86    373
86    553
86    625
87    740
87    805
87    829
88    365
88    403
88    478
88    538
88    559
88    653
88    663
88    671
88    811
89    313
89    329
89    350
89    571
90    321
90    455
90    512
90    595
90    714
91    418
91    722
91    845
92    302
92    608
92    621
92    673
92    797
93    325
93    333
93    356
93    436
93    480
93    565
93    658
93    678
94    297
94    307
94    341
94    600
95    280
95    449
96    402
96    418
96    424
96    445
96    454
96    464
96    555
96    597
96    611
96    632
96    684
96    724
96    744
96    1025
97    317
97    357
97    362
97    439
97    491
97    523
97    573
97    592
98    373
98    588
98    736
98    754
98    1533
100   297
99    474
99    715
100   412
100   601
100   635
100   924
101   292
101   314
101   339
101   430
101   483
101   497
101   651
101   665
101   670
101   725
101   1005
102   250
102   364
102   639
102   677
103   159
103   330
103   383
103   393
103   684
104   311
104   415
104   508
104   622
104   755
105   181
105   196
105   228
105   352
105   471
105   519
105   525
105   731
105   768
105   803
105   1031
106   265
106   344
106   448
106   643
106   723
106   1014
107   148
107   249
107   494
107   529
107   534
107   775
108   216
108   305
108   463
108   485
108   542
108   583
108   612
108   664
108   750
109   132
109   323
109   513
109   639
110   239
110   363
110   562
110   606
110   633
110   657
110   691
111   112
111   336
111   617
111   625
111   695
112   256
112   404
112   471
112   516
112   593
112   602
113   206
113   222
113   287
113   444
113   528
113   589
113   641
114   144
114   194
114   312
114   452
114   501
114   522
114   654
114   684
115   175
115   295
115   352
115   531
115   554
115   1020
115   1538
117   121
116   232
116   262
116   606
116   674
116   1008
117   183
117   327
117   407
117   454
117   482
117   1025
118   486
118   597
118   647
119   201
119   315
119   427
119   442
119   464
119   521
119   534
119   573
119   664
119   708
120   294
120   634
120   925
121   283
121   299
121   506
121   627
122   208
122   432
122   495
122   547
122   690
122   900
123   204
123   271
123   304
123   447
123   458
123   615
123   954
123   1522
124   123
124   277
124   478
124   491
125   219
125   509
125   519
125   530
126   313
126   513
126   552
126   589
126   599
126   688
126   920
126   963
127   258
128   417
128   520
128   532
128   584
128   656
128   974
129   244
129   252
129   465
129   471
129   546
129   612
129   767
129   928
129   978
130   199
130   289
130   601
130   912
130   1005
130   1013
131   126
131   454
131   486
131   574
131   675
131   797
131   837
131   918
132   148
132   161
132   427
132   650
132   883
132   963
132   1022
133   407
133   422
133   865
134   438
134   617
134   789
134   843
135   496
135   516
135   542
135   694
135   835
135   937
135   984
135   1008
136   132
136   450
136   573
136   603
136   876
136   920
136   997
137   353
137   884
137   1512
138   344
138   431
138   562
138   590
138   638
138   926
139   411
139   460
139   597
139   674
139   736
139   862
139   989
139   1019
139   1044
140   351
140   424
140   435
140   576
140   582
140   779
140   797
140   899
140   1525
141   398
141   547
141   976
141   1512
142   929
142   983
142   1021
143   442
143   503
143   654
143   879
143   886
144   437
144   571
144   622
144   670
144   679
144   895
144   991
145   387
145   611
145   818
146   413
146   465
146   485
146   494
146   719
146   759
146   830
146   907
146   1045
147   340
147   359
147   425
147   561
147   736
147   797
147   822
147   879
147   1018
147   1040
148   441
148   452
148   473
148   501
148   599
148   608
148   649
148   904
148   949
148   1036
149   478
149   591
149   596
149   773
149   790
149   890
150   631
150   836
150   1032
151   383
151   387
151   605
151   641
151   672
151   852
151   868
152   412
152   543
152   575
152   617
152   657
152   668
152   798
152   848
153   345
153   420
153   549
153   586
153   704
153   1013
154   376
154   397
154   459
154   468
154   981
155   560
156   352
156   584
156   827
156   891
157   415
157   498
157   604
157   769
157   930
157   1509
158   535
158   626
158   650
158   656
158   759
158   832
158   1030
158   1523
159   353
159   583
159   752
160   524
160   590
160   614
160   665
160   767
160   940
161   408
161   498
162   393
162   412
162   460
162   544
162   575
162   637
162   771
162   1018
162   1043
163   519
163   755
164   511
164   656
164   731
165   555
165   568
166   361
166   389
166   404
167   496
167   592
167   613
167   664
167   669
167   926
168   453
168   812
169   443
169   507
169   677
169   744
169   805
170   373
170   579
170   593
171   385
171   458
171   568
171   653
172   406
172   480
172   511
172   529
172   572
172   820
172   828
173   362
173   441
173   536
173   682
173   1051
174   391
174   398
174   417
174   495
174   521
174   815
174   904
174   920
174   1020
175   434
175   540
175   550
175   623
175   677
176   365
176   375
176   560
176   801
177   457
177   504
177   515
177   630
177   795
177   987
178   443
178   524
179   388
179   399
179   511
180   407
180   678
181   349
181   367
181   460
181   1020
181   1043
182   360
182   622
182   650
182   660
182   1035
183   402
183   520
184   453
184   511
184   553
185   344
185   464
185   1029
185   1045
186   375
186   1025
186   1512
187   402
187   425
187   928
188   517
188   645
189   351
189   387
189   415
189   504
189   640
189   673
190   451
190   459
190   541
190   618
191   380
191   464
191   651
191   924
191   1497
192   501
192   520
193   406
193   430
193   565
194   352
194   506
195   343
195   397
195   1044
196   374
196   455
196   1449
196   1506
197   428
197   983
197   1036
197   1050
199   1489
200   391
200   1023
200   1461
200   1497
201   505
201   541
201   642
201   1047
201   1455
202   365
202   409
202   428
202   454
202   527
202   557
202   627
202   1014
202   1465
203   400
203   414
204   397
204   1445
204   1449
205   486
206   386
206   619
206   1438
206   1441
206   1460
207   442
207   526
208   382
208   413
208   500
209   395
209   405
209   1024
210   370
210   491
210   545
210   1048
211   378
211   434
211   1447
211   1453
211   1467
211   1484
212   401
212   462
212   1039
212   1493
213   529
213   1437
213   1460
214   410
214   550
214   638
215   1488
216   444
216   459
217   395
217   1455
218   383
218   635
219   435
219   628
219   1444
219   1468
220   399
220   442
220   607
220   613
220   1440
221   1432
222   376
222   390
222   432
222   549
223   485
224   503
224   1462
225   614
225   1487
226   636
226   1425
226   1447
227   368
227   436
227   525
228   453
228   480
228   1434
229   532
229   1458
230   466
230   615
230   1439
230   1454
231   420
231   520
232   1422
233   380
233   385
233   392
233   1430
234   358
234   1449
235   501
235   526
235   538
236   374
236   396
236   486
236   603
237   462
237   479
237   1464
238   364
238   536
238   1422
238   1449
239   439
239   448
239   1435
239   1443
240   539
241   383
241   513
241   620
242   369
243   429
243   519
243   530
243   535
243   633
243   1436
243   1446
244   384
244   1413
244   1421
245   360
246   377
246   466
246   626
247   354
247   388
247   486
247   618
248   363
248   434
248   449
248   507
248   541
249   392
251   347
251   427
251   452
251   1428
251   1434
251   1439
252   364
252   386
252   400
252   529
252   1418
253   332
253   338
253   458
253   463
253   514
253   535
253   612
255   346
255   372
255   378
255   603
255   1412
256   418
256   446
256   1438
257   481
257   541
257   620
257   1423
257   1460
257   1476
258   383
258   430
258   1431
259   356
259   393
259   500
259   1403
260   345
260   374
260   508
262   399
262   427
262   467
262   485
262   1409
263   389
263   605
263   1412
263   1416
263   1427
264   322
264   340
264   384
264   489
264   1400
264   1434
265   350
265   362
265   368
265   378
265   392
265   619
266   346
266   409
266   520
266   599
266   1407
267   469
267   1420
268   305
268   355
268   401
268   480
268   1413
268   1452
269   313
269   390
269   440
269   497
269   506
269   518
269   1425
270   351
270   362
270   396
270   533
271   303
271   329
271   337
271   371
271   1458
272   287
272   464
272   602
272   1396
273   315
273   1418
274   379
275   307
275   344
275   403
275   506
275   1407
275   1430
275   1442
276   300
276   523
276   596
277   293
277   459
277   603
277   1424
277   1471
278   371
278   1391
280   309
280   400
280   485
280   1414
281   287
281   507
282   323
282   367
282   383
282   473
282   494
283   433
283   605
283   1388
283   1420
284   316
284   488
284   540
285   282
285   517
285   529
285   1443
286   374
286   393
286   400
286   533
287   294
287   309
287   319
287   495
287   1383
287   1399
287   1407
287   1413
287   1424
288   1394
288   1405
289   370
289   405
290   381
290   421
290   517
290   526
290   604
291   373
291   1401
291   1420
292   266
292   282
292   1459
293   254
293   393
293   618
293   1389
293   1397
294   408
294   512
294   1380
294   1408
295   284
295   302
295   377
295   403
295   1418
296   429
296   486
296   1412
297   273
297   279
297   296
297   1455
298   506
298   1379
298   1384
298   1390
298   1402
299   249
299   254
299   263
299   382
299   426
300   389
300   402
300   489
300   1394
302   497
302   1385
302   1432
303   246
303   262
303   298
303   441
303   445
303   471
303   1369
303   1380
303   1407
303   1413
304   278
304   285
304   293
304   452
304   528
304   1391
305   272
305   405
305   412
305   480
305   506
305   1434
306   398
306   606
306   1401
307   1423
307   1447
308   48
308   232
308   241
308   1366
308   1374
309   1388
310   248
310   259
310   389
310   1403
311   401
311   414
311   623
311   1378
312   270
312   284
312   383
313   519
313   1415
314   257
314   406
315   263
315   280
315   391
315   1369
315   1371
315   1449
316   229
316   1391
316   1400
317   242
317   1382
318   274
318   399
318   459
318   502
318   510
318   1360
319   224
319   265
320   221
320   436
321   444
321   1379
321   1427
322   474
322   1359
323   215
323   236
323   514
324   229
324   243
324   388
324   454
324   1394
325   219
325   501
326   397
326   403
326   1365
326   1371
327   383
327   1355
329   215
329   465
329   470
330   221
330   413
330   454
330   1361
330   1375
330   1381
330   1422
331   390
332   489
332   1354
333   250
333   407
333   1388
334   396
334   1375
335   224
335   401
336   234
336   470
337   241
337   383
338   485
338   1360
338   1370
339   418
339   1354
339   1379
340   27
340   388
340   1427
341   216
341   410
341   1345
341   1383
342   405
342   1374
343   1423
343   1436
344   234
345   401
344   481
344   1352
344   1357
344   1400
346   231
346   419
346   1137
346   1431
347   411
347   1150
348   383
348   1370
349   479
350   397
350   1341
350   1348
350   1363
351   461
351   1138
351   1150
352   413
352   1353
353   1133
355   457
355   1334
355   1381
356   388
356   1154
357   465
358   379
358   1132
358   1328
359   1135
359   1346
359   1377
360   1333
360   1343
361   403
361   1350
361   1358
361   1420
362   381
362   416
363   398
363   1140
363   1150
364   1363
364   1416
365   411
365   1326
365   1336
366   1367
366   1387
367   404
367   463
367   1341
368   395
368   1132
369   1351
369   1373
370   416
371   387
371   390
372   411
372   1142
372   1342
372   1349
372   1414
373   1127
373   1151
373   1362
373   1385
374   402
375   407
375   415
376   391
376   394
376   449
376   1326
376   1339
377   384
377   1140
378   1321
378   1348
378   1400
379   1148
380   390
380   416
380   421
380   1136
380   1144
381   1155
380   1309
380   1330
381   451
381   1315
382   395
382   1362
383   408
383   1144
383   1321
383   1341
383   1352
383   1356
384   1313
384   1393
385   390
385   1160
385   1326
388   403
388   1335
389   397
389   419
389   1137
389   1318
390   412
391   1146
391   1157
391   1300
391   1324
391   1343
391   1360
392   421
392   470
392   1308
392   1389
395   426
395   1056
395   1151
396   407
396   412
396   1316
396   1337
397   1045
398   398
398   449
398   1366
398   1386
399   421
399   1309
399   1333
399   1340
400   1071
400   1140
400   1149
401   1155
401   1305
401   1323
402   1296
402   1301
402   1313
402   1342
403   431
403   1049
403   1057
403   1144
403   1317
403   1386
404   1286
404   1327
405   399
405   405
406   1068
406   1158
406   1376
407   422
407   1138
407   1307
407   1349
408   456
408   1134
408   1288
408   1339
409   1302
409   1313
410   1072
410   1150
410   1317
410   1350
411   1155
412   416
412   432
412   444
412   1082
412   1137
412   1145
412   1286
413   1063
413   1293
413   1309
414   1049
414   1322
414   1328
416   411
416   1368
417   402
417   419
417   1093
417   1281
417   1318
418   1304
419   1057
419   1161
419   1274
419   1287
420   1252
420   1282
420   1374
421   1073
421   1297
421   1314
421   1326
422   426
422   1275
423   1152
423   1269
423   1287
423   1304
423   1396
424   408
424   1083
424   1386
425   1140
425   1145
425   1252
425   1308
425   1364
425   1370
426   413
426   447
427   1069
427   1099
427   1261
428   1312
429   406
429   1091
429   1275
429   1373
430   427
430   1095
430   1154
430   1283
430   1292
431   1073
431   1162
431   1246
432   1084
432   1168
433   1255
433   1271
433   1276
434   410
434   1311
434   1387
435   1265
436   418
436   433
436   1245
437   1078
437   1166
437   1171
437   1271
438   440
438   1255
438   1282
438   1290
439   1092
440   423
440   1074
441   427
441   1103
441   1108
441   1149
441   1303
441   1334
442   1084
442   1243
442   1269
442   1279
442   1321
442   1357
443   433
443   445
443   1157
443   1274
443   1291
444   1254
444   1263
445   438
447   412
447   1079
447   1166
447   1249
447   1283
447   1289
448   420
448   1321
449   1087
449   1270
449   1348
450   430
450   445
450   449
450   1104
450   1152
450   1317
451   1171
451   1245
451   1342
452   1167
452   1289
453   425
453   1177
453   1277
453   1335
454   1104
454   1147
454   1266
455   435
455   1363
456   1094
457   456
457   1271
459   417
458   1169
459   426
459   432
459   1251
460   444
460   1104
460   1116
460   1177
460   1189
461   1086
461   1184
461   1234
461   1333
461   1340
461   1349
462   430
463   453
463   1121
463   1164
463   1238
463   1264
464   433
464   1175
465   427
466   446
466   458
466   1329
467   439
467   1240
467   1312
468   1257
469   450
469   1274
470   433
470   1104
470   1297
471   461
471   1233
471   1269
471   1311
473   426
473   445
473   1177
474   1108
474   1114
474   1118
474   1170
475   436
475   454
475   1130
475   1182
475   1241
475   1304
476   1100
477   1252
478   1175
478   1314
479   428
479   441
479   1136
479   1227
480   433
480   1240
480   1295
481   464
481   1221
481   1263
481   1327
482   456
482   1106
482   1308
482   1336
483   1187
483   1226
483   1233
483   1272
483   1299
484   438
484   451
484   1213
484   1238
484   1256
485   1125
485   1138
485   1175
486   426
486   445
486   1329
487   456
487   1181
487   1219
487   1228
487   1255
487   1322
487   1334
488   1213
489   1195
490   1123
491   1113
491   1240
492   425
492   434
492   1146
492   1237
492   1251
492   1279
492   1287
493   454
493   1205
493   1296
494   430
494   444
494   1192
495   1136
495   1197
495   1214
495   1233
495   1326
495   1337
496   1241
497   460
497   1153
497   1204
499   1208
499   1223
499   1228
500   464
500   1297
501   435
501   1127
501   1140
501   1325
502   443
502   1197
503   458
503   1155
503   1203
503   1331
504   452
504   1235
504   1266
504   1273
505   432
505   1148
505   1223
505   1278
505   1295
506   1120
506   1212
508   1195
509   1158
509   1165
510   448
510   1292
511   429
511   463
511   1146
511   1207
511   1226
512   1140
513   436
513   1217
514   455
515   444
515   1128
516   1222
516   1230
517   1155
517   1201
517   1291
518   433
519   444
519   1197
520   452
520   464
521   1191
521   1211
521   1297
522   1203
522   1230
522   1309
523   457
523   1166
523   1280
523   1312
524   436
524   1143
524   1214
525   1198
525   1221
526   431
526   464
527   442
527   469
527   1195
528   1203
529   1164
529   1167
530   453
530   1198
531   439
531   1217
532   1299
533   1195
533   1282
534   1157
534   1178
534   1204
534   1275
534   1305
535   454
535   1291
535   1294
538   445
539   463
539   1158
541   1308
542   1194
542   1209
542   1282
543   1165
543   1180
543   1215
543   1291
544   459
544   474
545   452
545   465
545   1200
545   1301
546   1185
548   473
548   1193
549   461
549   1170
549   1180
549   1200
550   1209
551   468
551   1268
553   1160
554   459
554   1177
554   1192
554   1294
555   1001
555   1167
555   1183
555   1197
555   1274
556   466
558   473
558   1173
559   453
559   984
560   1002
561   1186
562   461
563   447
563   455
563   1171
563   1189
565   1182
566   1203
567   469
567   480
567   1155
568   459
568   977
569   995
569   1160
569   1175
570   465
571   474
571   1299
572   480
573   1160
573   1177
573   1184
574   452
574   459
574   1013
575   1167
577   1149
577   1164
578   458
579   1157
580   453
580   464
580   1193
581   1182
581   1281
582   468
582   1023
582   1170
583   480
583   1155
583   1277
583   1285
584   1010
584   1295
585   457
585   1200
585   1257
586   1174
586   1177
587   1000
587   1142
587   1152
588   1006
588   1165
588   1279
589   465
589   486
589   1011
589   1158
589   1178
590   1271
590   480
590   1186
591   1020
592   996
593   1134
593   1146
594   1006
594   1183
595   1163
596   455
597   1149
598   463
599   1118
599   1130
599   1160
599   1181
600   477
600   1020
600   1171
600   1176
600   1200
602   459
602   1000
603   1129
603   1154
604   1027
604   1107
605   469
605   1137
605   1268
606   1036
606   1174
606   1186
607   1046
607   1150
607   1189
609   1117
609   1202
610   468
610   1097
610   1278
610   1295
611   1025
611   1160
611   1184
612   1194
612   1334
613   1015
613   1169
615   1037
615   1206
616   1074
616   1172
616   1188
617   1083
617   1197
617   1276
617   1306
617   1345
618   1078
619   1100
619   1181
619   1295
620   1278
621   1037
622   1109
624   1055
624   1196
625   1175
625   1201
625   1298
625   1417
626   1112
626   1315
626   1361
627   1075
627   1379
629   1206
629   1275
629   1284
630   1069
630   1172
630   1269
630   1317
632   1117
632   1196
632   1202
633   1106
634   1098
634   1351
635   1189
636   1211
636   1324
637   1177
637   1185
637   1410
638   1109
638   1205
638   1292
639   1087
639   1300
639   1349
641   1170
641   1198
641   1360
641   1386
642   1297
643   1221
645   1172
645   1194
646   1077
646   1112
647   1083
647   1217
647   1279
648   1206
648   1211
649   1177
649   1199
649   1226
650   1103
650   1115
650   1132
650   1398
651   1086
651   1219
652   1116
652   1264
652   1285
653   1192
653   1210
653   1240
653   1406
653   1411
654   1171
654   1204
655   1108
656   1084
656   1176
656   1184
657   1123
657   1138
657   1180
659   1166
659   1274
659   1297
660   1205
660   1210
660   1387
661   1122
661   1126
661   1187
661   1268
662   1081
662   1105
662   1230
662   1305
662   1424
663   1220
664   1132
664   1168
664   1318
665   1146
665   1201
666   1241
666   1250
666   1283
667   1093
668   1121
668   1193
670   1079
670   1144
670   1257
670   1412
670   1419
671   1164
671   1217
672   1095
672   1101
673   1135
673   1228
673   1234
673   1320
673   1408
674   1107
674   1242
674   1261
674   1424
675   1179
676   1150
677   1129
677   1193
677   1235
677   1273
678   1137
678   1229
679   1173
679   1244
679   1268
680   1288
680   1316
680   1321
680   1419
681   1185
681   1274
681   1279
682   1116
682   1154
682   1229
682   1240
683   1112
683   1146
683   1221
683   1419
683   1427
684   1165
686   1226
687   1188
687   1350
688   1174
688   1241
688   1264
688   1302
688   1341
689   1115
689   1152
689   1281
691   1183
691   1255
691   1288
691   1382
691   1415
691   1434
692   1160
692   1167
692   1296
692   1340
693   1088
693   1186
693   1239
693   1262
693   1316
693   1345
693   1426
694   1118
694   1252
694   1282
694   1440
695   1104
695   1306
695   1397
695   1433
696   1173
696   1182
696   1277
696   1301
696   1339
696   1389
697   1091
697   1099
697   1113
698   1076
699   1162
699   1166
699   1263
699   1379
700   1174
700   1274
701   1183
701   1258
702   1104
702   1162
702   1313
702   1436
703   1118
703   1281
704   1267
704   1400
705   1322
705   1415
706   1085
706   1304
706   1335
707   1188
707   1263
708   1224
709   1311
709   1408
710   1101
710   1286
711   1168
711   1179
713   1398
714   1092
714   1106
714   1169
714   1345
716   1279
716   1310
716   1314
717   1359
717   1419
718   1160
719   1154
719   1297
721   1289
722   1124
722   1176
722   1271
722   1338
722   1388
722   1424
723   1301
723   1357
723   1429
725   1416
726   1171
726   1322
726   1373
727   1200
727   1316
729   1129
729   1221
729   1348
730   1111
731   1108
731   1149
731   1270
731   1337
732   1094
732   1121
732   1172
732   1354
733   1156
733   1162
733   1374
735   1106
735   1127
735   1261
736   1202
736   1337
737   1168
738   1350
739   1101
740   1095
740   1344
741   1149
741   1277
741   1357
742   1117
742   1256
742   1285
744   1094
744   1227
744   1363
746   1160
746   1274
747   749
747   1212
748   1124
749   753
750   1132
750   1266
751   1140
751   1153
751   1203
752   1246
753   1130
754   745
754   1120
754   1156
755   1114
756   1209
757   1103
759   1159
759   1185
759   1255
760   1126
761   740
761   753
762   764
763   1249
764   773
764   1140
765   1112
765   1131
765   1144
766   740
766   1232
767   747
767   1136
767   1187
768   1242
769   1108
769   1113
769   1124
769   1212
769   1225
769   1247
770   760
770   765
770   784
771   753
771   1145
771   1220
772   744
772   776
772   1238
774   1125
775   789
775   1227
776   761
776   780
777   770
777   1113
777   1118
778   753
778   1128
778   1214
778   1237
779   774
779   1124
779   1137
779   1231
780   767
780   1132
781   761
781   790
781   1244
782   784
782   796
783   1127
784   1119
784   1214
785   790
785   1147
785   1203
786   781
786   801
786   806
786   1225
787   1136
788   787
789   859
789   1128
790   764
790   772
790   804
790   866
791   779
791   1135
791   1190
792   792
792   799
793   852
793   870
793   1128
793   1145
793   1201
794   768
794   777
794   785
794   812
794   819
796   1138
796   1200
797   772
797   791
797   872
797   1130
798   777
799   781
799   810
799   860
799   1122
799   1193
800   803
801   814
801   832
801   872
802   778
802   798
802   819
802   825
803   892
804   783
804   811
805   835
805   841
805   856
805   1117
805   1128
806   786
806   880
806   1197
807   830
807   1180
808   847
808   869
809   815
809   837
809   1133
810   798
810   823
810   855
811   803
811   807
811   861
812   772
812   872
813   829
813   849
813   1144
814   764
814   834
814   841
814   1125
815   862
815   1150
816   795
816   877
817   784
817   801
817   821
817   825
817   856
817   1144
818   831
818   859
818   1198
819   764
819   810
819   1140
820   815
820   1188
821   794
821   847
821   1149
822   841
822   853
822   862
822   867
822   873
823   747
823   771
823   799
824   1155
825   766
825   848
825   880
825   889
825   1123
825   1137
826   789
826   818
826   857
827   831
827   844
827   867
827   1175
828   871
828   917
828   1146
828   1201
829   775
829   894
829   907
829   1187
830   780
830   825
830   844
830   851
830   859
830   878
831   784
831   834
831   927
832   910
832   1176
834   802
834   875
834   919
834   1121
834   1192
835   850
835   857
835   1134
836   739
836   865
836   885
836   890
836   896
837   836
837   846
837   949
838   805
838   842
838   940
838   1131
839   742
839   780
839   925
839   932
839   1141
839   1174
839   1185
840   852
840   857
840   862
840   879
840   1153
840   1162
840   1199
841   776
841   884
841   904
841   948
842   847
842   870
842   914
843   888
844   754
844   921
844   941
845   1130
845   1143
845   1159
845   1181
846   872
846   878
846   895
846   948
846   966
847   853
847   976
847   1155
848   773
848   928
848   952
849   970
849   1137
850   905
850   935
850   958
850   975
851   915
851   941
851   989
851   1146
851   1183
852   543
852   750
852   949
852   961
852   1131
852   1159
852   1179
853   537
853   895
853   999
854   549
854   847
854   865
854   878
854   1140
854   1189
855   742
855   889
855   920
855   930
855   980
856   832
856   915
856   972
856   990
856   994
857   755
857   942
857   950
857   959
857   966
857   984
857   1156
858   934
858   1012
859   558
859   746
859   923
859   1175
860   519
860   918
860   952
860   1163
861   785
861   843
861   888
861   979
861   1016
861   1146
862   548
862   837
862   867
862   875
862   958
862   974
862   1001
863   767
863   897
863   908
863   928
863   993
863   1032
864   747
864   757
864   819
864   826
864   924
864   936
864   984
864   1008
865   528
865   568
865   706
865   858
865   912
865   967
865   1019
866   793
866   941
866   951
866   1130
867   550
867   901
867   1026
868   534
868   737
868   944
868   987
868   992
869   818
869   880
869   937
869   961
869   975
869   1003
869   1034
869   1134
869   1156
869   1178
870   605
870   753
870   767
870   775
870   846
870   895
870   998
870   1148
871   918
871   1046
871   1127
871   1160
872   871
872   907
872   953
872   1021
872   1038
873   536
873   615
873   786
873   882
873   927
873   977
873   1010
873   1151
873   1183
874   593
874   604
874   770
874   964
874   970
874   990
874   1017
874   1028
874   1144
874   1166
874   1173
875   611
875   820
875   902
875   938
875   984
875   1001
875   1130
876   636
876   777
876   803
876   1005
876   1024
877   752
877   843
877   961
877   995
877   1032
877   1048
877   1055
878   703
878   867
878   874
878   945
878   972
878   1019
879   1001
879   1014
879   1124
879   1169
879   1174
880   536
880   817
880   882
880   987
881   559
881   580
881   724
881   735
881   822
881   888
881   956
881   961
881   974
881   978
881   1056
882   742
882   992
882   1029
882   1060
882   1168
882   1180
883   771
883   840
883   898
883   1006
883   1022
883   1050
883   1066
883   1161
884   749
884   804
884   1041
884   1184
885   579
885   594
885   755
885   1000
885   1017
885   1046
885   1121
886   683
886   842
886   879
886   1058
886   1144
886   1169
887   766
888   590
888   609
888   738
888   784
888   1007
888   1052
888   1061
888   1067
888   1160
889   641
889   751
889   805
889   853
889   870
889   884
889   899
889   910
889   1036
889   1118
889   1151
890   618
890   663
890   742
890   756
890   819
890   839
890   859
891   722
891   1020
891   1129
891   1135
892   592
892   790
892   1016
892   1026
892   1059
892   1143
893   612
893   747
893   898
894   1048
893   1075
893   1187
894   685
894   832
894   893
894   995
894   1102
894   1158
895   842
895   889
895   989
895   1009
895   1181
896   584
896   721
896   788
896   864
896   1082
896   1152
897   664
897   827
897   870
897   916
897   983
897   1169
898   1071
898   1174
899   669
899   689
899   762
899   926
899   1066
899   1120
899   1146
900   619
900   733
900   771
900   847
900   994
900   1012
900   1042
900   1125
900   1187
901   652
901   674
901   777
901   787
901   985
901   1028
901   1077
901   1081
902   627
902   696
902   743
902   801
902   885
902   905
902   1020
902   1056
902   1096
903   665
903   856
903   894
903   1122
904   738
904   851
904   1015
904   1159
905   677
905   846
905   889
905   943
905   1003
905   1196
906   757
906   866
906   911
906   914
906   1091
906   1137
906   1177
906   1190
907   696
907   729
907   776
907   905
907   1052
907   1186
908   781
908   934
908   1043
908   1082
909   734
909   738
909   813
909   1047
909   1059
909   1070
909   1098
910   830
910   1037
910   1122
911   773
911   872
911   1098
911   1114
911   1117
911   1172
912   886
912   906
912   925
912   950
912   969
912   1013
912   1044
912   1076
913   784
913   867
913   1065
914   714
914   728
914   843
915   890
915   966
915   1022
916   711
916   1085
917   685
917   757
917   780
917   1069
917   1104
918   735
918   744
918   802
918   918
918   950
918   970
918   1077
919   700
919   721
919   902
919   962
919   1096
919   1199
920   931
920   1053
920   1091
921   729
921   771
921   1038
921   1063
921   1084
923   692
923   740
923   752
923   882
923   1021
923   1068
924   695
924   733
924   762
924   784
924   937
924   975
924   1075
924   1084
925   683
925   1104
925   1208
926   668
926   718
926   923
926   964
927   693
927   1037
928   926
929   1041
929   1046
929   1056
929   1073
929   1202
930   939
930   1082
931   677
931   759
931   779
931   959
931   967
931   1029
931   1100
931   1106
932   942
933   916
933   1091
933   1096
934   707
934   881
935   773
935   830
935   963
935   981
935   1212
936   776
936   947
937   688
937   1093
938   1063
938   1125
939   761
939   911
939   998
939   1104
940   659
940   780
941   701
941   716
941   1205
942   906
943   895
943   974
943   1000
943   1057
943   1091
944   626
944   647
944   922
944   949
944   987
944   1050
944   1098
945   787
945   845
945   877
945   891
945   909
945   954
946   686
946   707
946   777
946   935
946   1003
946   1045
946   1105
947   764
947   996
947   1062
947   1070
948   917
948   969
948   1076
948   1213
949   696
949   756
949   882
949   912
949   923
950   631
950   890
950   980
950   1026
950   1058
950   1081
951   1120
952   708
952   909
952   968
952   1005
952   1012
953   749
953   916
954   672
954   777
954   864
954   885
955   765
955   784
955   920
956   891
956   1219
957   659
957   923
957   1115
958   780
958   795
958   911
959   620
959   1042
959   1097
960   754
960   883
960   1214
961   766
961   864
961   896
961   1034
962   644
962   656
962   690
962   804
962   1050
963   619
963   672
963   870
963   946
963   989
963   1006
963   1010
963   1014
963   1024
964   970
964   1045
965   20
965   680
965   893
966   888
966   917
966   996
966   1030
966   1105
967   631
967   645
967   1024
968   9
968   861
968   882
968   913
968   986
969   21
969   50
969   668
969   672
970   652
970   754
970   935
970   962
970   1049
971   26
971   29
971   906
971   1026
972   899
972   1021
973   44
973   993
974   10
974   18
974   65
974   607
974   755
974   805
974   969
974   985
975   593
975   638
975   667
975   863
975   976
975   1010
976   675
976   866
976   906
977   23
977   27
977   920
977   934
977   1022
978   680
978   690
978   1055
978   1094
979   58
979   686
979   815
979   892
979   992
979   1019
980   5
980   50
980   71
980   632
980   898
980   1030
981   32
981   62
981   656
981   728
981   1125
982   591
982   692
982   800
982   884
983   0
983   12
983   18
983   37
983   925
983   969
984   1031
985   62
985   652
985   746
985   872
985   998
986   49
986   672
987   0
987   8
987   30
987   659
987   755
987   766
987   784
988   17
988   40
988   682
988   980
988   1045
989   603
989   608
989   802
989   848
989   915
989   1001
990   32
990   57
990   678
990   720
990   925
990   1027
991   50
991   639
991   681
991   872
991   1034
991   1097
991   1124
992   40
992   764
993   779
993   878
993   988
993   1038
994   18
995   58
996   611
996   748
996   825
996   1015
996   1058
997   859
997   905
997   1072
998   53
998   62
998   680
998   712
998   944
998   1028
998   1032
999   35
999   690
999   790
999   847
999   882
999   899
999   1001
999   1025
999   1067
1000  28
1000  738
1000  748
1000  876
1000  895
1000  1036
1000  1053
1001  11
1001  24
1001  606
1001  629
1001  651
1001  1090
1002  1016
1003  596
1003  902
1004  47
1004  730
1004  785
1004  800
1004  856
1005  774
1005  821
1005  892
1005  929
1005  988
1005  1028
1006  660
1006  807
1007  724
1007  762
1007  865
1007  918
1007  1035
1008  682
1008  940
1008  1002
1008  1015
1009  636
1009  755
1009  852
1010  625
1010  772
1010  824
1010  875
1010  922
1010  930
1010  962
1010  1036
1010  1042
1010  1063
1011  816
1011  1093
1012  776
1012  911
1012  1046
1012  1055
1013  589
1013  721
1013  1072
1014  665
1014  864
1014  931
1015  659
1015  674
1015  901
1015  942
1016  859
1017  730
1017  784
1017  816
1017  1076
1018  742
1018  772
1018  794
1018  829
1019  713
1019  777
1019  822
1019  921
1019  1050
1019  1068
1019  1092
1020  590
1020  651
1020  880
1020  887
1020  954
1021  581
1021  630
1021  700
1021  735
1021  872
1021  1059
1022  675
1022  684
1022  794
1023  706
1023  806
1023  1012
1023  1033
1023  1080
1023  1087
1024  665
1024  814
1024  867
1024  920
1024  962
1025  762
1025  881
1026  802
1026  898
1026  1044
1027  564
1027  674
1027  847
1027  886
1027  912
1027  1014
1028  650
1028  692
1028  770
1028  857
1028  929
1028  1022
1029  524
1029  764
1029  804
1029  906
1029  958
1029  1108
1030  639
1030  819
1031  602
1031  662
1031  706
1031  848
1031  861
1031  898
1031  1091
1032  678
1032  1039
1033  694
1033  738
1033  824
1034  719
1034  743
1034  754
1034  883
1034  954
1034  1024
1034  1035
1035  542
1035  1075
1035  1099
1036  700
1036  1044
1037  849
1038  623
1038  1053
1038  1080
1038  1092
1039  533
1039  560
1039  618
1039  654
1040  809
1040  900
1040  920
1040  941
1040  1007
1040  1030
1040  1089
1040  1108
1041  523
1041  580
1041  715
1041  724
1041  795
1041  881
1041  893
1042  671
1042  734
1043  649
1043  662
1043  692
1043  849
1043  870
1043  961
1044  666
1044  679
1044  1039
1045  611
1045  724
1045  826
1045  895
1046  636
1046  754
1046  807
1046  866
1046  1084
1047  677
1047  741
1047  789
1047  795
1047  1009
1048  878
1048  890
1049  648
1049  658
1049  681
1049  773
1049  837
1049  1092
1050  588
1050  674
1050  871
1050  882
1050  1123
1051  689
1052  592
1052  684
1052  809
1052  960
1052  1055
1053  565
1053  790
1053  1025
1054  580
1054  695
1054  720
1054  737
1054  772
1054  886
1054  1018
1054  1035
1054  1106
1054  1118
1055  799
1055  842
1055  894
1056  544
1056  624
1056  648
1056  911
1056  916
1056  925
1056  950
1056  1049
1057  569
1057  812
1057  873
1057  935
1057  941
1058  655
1058  718
1058  792
1058  946
1058  1008
1058  1012
1059  536
1059  682
1059  690
1059  885
1059  952
1059  1032
1059  1118
1060  634
1060  915
1060  960
1060  986
1061  574
1061  609
1061  716
1061  781
1061  901
1061  919
1061  1003
1062  555
1062  677
1062  854
1062  1050
1062  1116
1063  706
1063  876
1063  1095
1064  542
1064  571
1064  713
1064  778
1064  946
1065  604
1065  694
1065  909
1065  1106
1066  644
1066  924
1066  1049
1067  615
1067  791
1067  853
1067  958
1068  806
1068  866
1068  1127
1069  627
1069  683
1069  826
1069  969
1069  1063
1070  606
1070  770
1070  862
1070  956
1070  1086
1071  792
1071  798
1071  892
1071  919
1071  982
1071  1045
1071  1054
1072  671
1072  679
1072  728
1072  925
1073  617
1073  710
1073  751
1073  805
1073  855
1073  866
1074  828
1074  836
1074  878
1074  985
1074  1034
1075  746
1075  887
1075  1109
1076  848
1076  970
1077  610
1077  715
1077  762
1077  975
1078  595
1078  793
1078  883
1078  901
1078  1036
1079  587
1079  634
1079  705
1079  739
1079  893
1079  945
1079  1048
1079  1061
1079  1107
1080  767
1080  1020
1081  692
1081  810
1082  610
1082  940
1082  1102
1083  617
1083  701
1083  948
1083  1095
1083  1110
1084  683
1084  715
1084  917
1084  1039
1084  1134
1085  846
1085  887
1085  923
1086  522
1086  647
1086  893
1087  931
1088  582
1088  669
1088  712
1088  744
1088  905
1088  1041
1088  1117
1089  885
1089  910
1090  520
1090  575
1090  647
1090  812
1090  851
1090  867
1090  1124
1090  1129
1091  541
1091  683
1091  698
1091  760
1091  858
1091  1036
1091  1075
1091  1087
1092  614
1092  633
1092  735
1092  891
1092  916
1093  705
1093  800
1093  844
1093  908
1094  547
1094  927
1094  969
1095  604
1095  722
1095  959
1095  1017
1095  1026
1095  1046
1096  592
1096  662
1096  709
1096  834
1096  876
1097  1113
1097  1148
1098  587
1098  852
1099  649
1099  734
1099  865
1099  890
1099  1027
1100  542
1100  610
1100  872
1100  984
1101  604
1101  949
1102  569
1102  660
1102  997
1102  1119
1103  524
1103  579
1103  618
1103  668
1103  726
1103  828
1103  1001
1104  965
1104  1027
1104  1048
1104  1141
1105  696
1105  756
1105  801
1105  860
1105  968
1106  590
1106  835
1106  938
1107  603
1107  741
1107  781
1107  852
1107  945
1107  1016
1108  1044
1109  686
1109  816
1109  845
1109  968
1109  1023
1109  1038
1110  696
1110  1007
1110  1110
1111  606
1111  636
1111  666
1111  883
1111  950
1111  993
1111  1033
1111  1149
1112  519
1112  812
1112  889
1112  1001
1112  1049
1112  1123
1113  610
1113  767
1113  926
1113  1016
1113  1129
1114  723
1114  869
1114  946
1114  987
1114  1012
1115  830
1115  856
1115  972
1115  977
1115  1052
1115  1059
1116  566
1116  603
1116  1046
1116  1098
1117  578
1117  586
1117  776
1117  1006
1117  1117
1117  1136
1118  537
1118  549
1118  597
1118  649
1118  655
1118  660
1118  691
1118  754
1118  800
1118  1002
1118  1027
1119  571
1119  667
1119  1009
1119  1090
1120  623
1120  906
1120  934
1120  1058
1120  1105
1120  1122
1120  1159
1121  673
1121  827
1121  863
1121  870
1121  875
1122  528
1122  700
1122  915
1122  1039
1122  1045
1122  1048
1122  1067
1122  1076
1122  1125
1123  580
1123  694
1123  997
1124  905
1124  925
1124  967
1124  1032
1124  1080
1124  1146
1125  814
1125  867
1125  918
1125  990
1125  1055
1125  1103
1126  628
1126  662
1126  777
1126  806
1126  876
1126  951
1126  1086
1127  696
1127  934
1127  1019
1127  1140
1128  515
1128  584
1128  793
1128  956
1128  1029
1128  1043
1128  1168
1128  1298
1129  786
1129  802
1129  1023
1129  1094
1130  709
1130  809
1130  814
1130  829
1130  986
1130  1000
1130  1061
1131  552
1131  561
1131  758
1131  1035
1131  1074
1131  1101
1131  1108
1132  908
1132  977
1132  990
1132  1010
1132  1088
1133  740
1133  949
1133  954
1133  1004
1133  1079
1134  523
1134  894
1134  1056
1134  1063
1135  580
1135  687
1135  1017
1136  571
1136  659
1136  723
1136  743
1136  873
1136  881
1136  1039
1136  1082
1136  1163
1137  814
1137  825
1137  994
1137  1074
1137  1106
1138  527
1138  637
1138  714
1138  901
1138  989
1139  653
1139  793
1139  798
1139  892
1139  923
1139  982
1139  1005
1139  1011
1139  1263
1140  549
1140  566
1140  595
1140  615
1140  736
1140  786
1140  1032
1140  1036
1141  543
1141  671
1141  706
1141  810
1141  869
1141  1019
1141  1059
1142  574
1142  886
1142  931
1142  972
1142  1023
1142  1257
1142  1297
1143  679
1143  774
1143  998
1143  1291
1144  530
1144  770
1144  780
1144  1045
1144  1079
1144  1100
1144  1273
1145  506
1145  549
1145  555
1145  830
1145  865
1145  876
1145  988
1145  1074
1146  515
1146  640
1146  689
1146  852
1146  884
1146  1062
1146  1245
1146  1264
1147  971
1147  994
1148  726
1148  1000
1148  1035
1148  1069
1148  1167
1149  593
1149  751
1149  854
1149  1011
1149  1099
1149  1159
1150  616
1150  861
1150  979
1150  1063
1151  555
1151  696
1151  837
1151  922
1151  983
1151  1081
1152  882
1152  1243
1153  503
1153  550
1153  649
1153  685
1153  821
1153  943
1153  989
1153  995
1153  1073
1153  1149
1153  1155
1153  1183
1154  560
1154  715
1154  724
1154  959
1154  1020
1154  1093
1154  1270
1155  576
1155  620
1155  735
1155  791
1155  802
1155  1013
1155  1082
1156  797
1156  882
1156  971
1156  1099
1157  581
1157  690
1157  712
1157  829
1158  671
1158  704
1158  709
1158  860
1158  888
1158  1066
1158  1078
1159  567
1159  641
1159  856
1159  951
1159  983
1159  1006
1159  1089
1159  1247
1160  534
1160  654
1160  683
1160  759
1160  816
1160  978
1160  1219
1161  578
1161  665
1161  742
1161  755
1161  964
1161  1012
1161  1072
1161  1083
1162  541
1162  728
1162  794
1162  844
1162  929
1162  1186
1163  507
1163  690
1163  789
1163  973
1163  994
1163  1161
1163  1247
1164  528
1164  960
1164  1240
1165  535
1165  589
1165  633
1165  942
1165  979
1166  605
1166  716
1166  932
1166  950
1166  954
1166  969
1166  1094
1166  1209
1167  543
1167  739
1167  755
1167  848
1167  1089
1167  1098
1167  1185
1168  719
1168  834
1168  890
1168  925
1168  984
1168  1002
1168  1015
1168  1170
1169  912
1169  1181
1169  1220
1170  519
1170  558
1170  583
1170  635
1170  756
1170  772
1170  967
1170  972
1170  1011
1171  510
1171  533
1171  765
1171  790
1171  908
1171  954
1171  963
1171  990
1171  1020
1171  1025
1171  1080
1171  1098
1172  732
1172  744
1172  811
1172  860
1172  868
1172  921
1172  1005
1172  1175
1172  1228
1172  1242
1173  525
1173  947
1174  668
1174  760
1174  941
1174  1067
1175  481
1175  604
1175  688
1175  708
1175  825
1175  855
1175  935
1175  984
1175  1020
1175  1062
1176  475
1176  695
1176  791
1176  833
1176  877
1176  896
1176  980
1177  578
1177  847
1177  918
1177  923
1177  948
1177  1002
1177  1031
1177  1057
1177  1087
1177  1181
1178  502
1178  737
1178  756
1178  816
1178  957
1178  966
1179  711
1179  869
1179  891
1179  910
1179  930
1179  990
1179  1050
1179  1067
1180  524
1180  719
1180  749
1180  976
1180  1026
1181  538
1181  900
1181  1007
1181  1015
1181  1042
1181  1055
1181  1092
1182  549
1182  668
1182  772
1182  782
1182  831
1182  874
1182  938
1182  970
1182  1096
1182  1227
1183  690
1183  852
1183  913
1183  979
1183  991
1183  1164
1183  1250
1184  704
1184  848
1184  1022
1184  1224
1185  544
1185  577
1185  648
1185  859
1185  896
1185  905
1185  960
1185  997
1185  1012
1185  1017
1185  1051
1185  1056
1185  1074
1185  1238
1186  534
1186  560
1186  827
1186  876
1186  1175
1187  523
1187  556
1187  720
1187  764
1187  912
1187  932
1187  976
1187  987
1188  529
1188  632
1188  716
1188  806
1188  812
1188  952
1188  1081
1188  1210
1189  705
1189  779
1189  842
1189  891
1189  896
1189  943
1189  965
1189  1008
1189  1036
1189  1171
1189  1263
1190  503
1190  535
1190  541
1190  545
1190  886
1190  983
1190  1052
1190  1064
1190  1091
1191  561
1191  909
1191  934
1191  958
1191  976
1191  1071
1191  1191
1192  597
1192  709
1192  743
1192  783
1192  1029
1192  1056
1192  1077
1192  1108
1192  1145
1192  1182
1193  525
1193  556
1193  630
1193  723
1193  954
1193  1176
1193  1203
1193  1249
1194  644
1194  800
1194  899
1194  926
1194  964
1194  1234
1195  610
1195  857
1195  887
1195  944
1195  1006
1195  1041
1195  1052
1195  1198
1195  1214
1196  507
1196  578
1196  809
1196  913
1196  919
1196  978
1196  1016
1196  1034
1196  1092
1196  1162
1196  1167
1197  490
1197  540
1197  605
1197  685
1197  727
1197  764
1197  848
1197  895
1197  961
1197  988
1197  1044
1197  1224
1198  672
1198  952
1198  1001
1199  590
1199  719
1199  775
1199  934
1199  1140
1199  1173
1200  498
1200  527
1200  768
1200  806
1200  916
1200  946
1200  955
1200  965
1200  997
1200  1040
1200  1113
1200  1180
1200  1191
1200  1233
1200  1294
1201  454
1201  481
1201  565
1201  837
1201  950
1201  979
1201  1025
1201  1151
1201  1216
1202  713
1202  1014
1202  1045
1202  1079
1202  1204
1203  586
1203  760
1203  815
1203  879
1203  938
1203  959
1203  1108
1203  1126
1203  1172
1204  543
1204  779
1204  862
1204  874
1204  955
1204  1018
1204  1033
1204  1074
1204  1141
1205  530
1205  679
1205  888
1205  900
1205  907
1205  917
1205  986
1205  1150
1206  622
1206  657
1206  796
1206  805
1206  929
1206  1013
1206  1134
1206  1160
1206  1213
1207  573
1207  619
1207  684
1207  698
1207  838
1207  1053
1207  1077
1207  1251
1208  483
1208  539
1208  707
1208  737
1208  758
1208  762
1208  780
1208  894
1208  936
1208  1019
1208  1195
1209  546
1209  615
1209  661
1209  688
1209  866
1209  878
1209  945
1209  991
1209  1003
1209  1029
1209  1081
1209  1098
1210  508
1210  567
1210  588
1210  772
1210  843
1210  1136
1210  1167
1210  1180
1211  825
1211  887
1211  995
1211  1067
1211  1093
1211  1203
1211  1216
1211  1222
1212  501
1212  783
1212  830
1212  853
1212  857
1212  929
1212  1275
1213  523
1213  550
1213  628
1213  806
1213  954
1213  981
1213  1088
1213  1118
1213  1184
1213  1251
1214  511
1214  699
1214  836
1214  868
1214  906
1214  957
1214  1036
1214  1081
1214  1159
1214  1268
1215  528
1215  704
1215  720
1215  1048
1215  1056
1215  1069
1216  473
1216  558
1216  758
1216  898
1216  1131
1217  688
1217  776
1217  782
1217  850
1217  990
1217  1099
1217  1143
1217  1177
1217  1188
1217  1210
1217  1235
1218  488
1218  637
1218  854
1218  865
1218  871
1218  970
1218  996
1218  1021
1218  1120
1218  1240
1219  814
1219  966
1219  1006
1219  1034
1219  1077
1219  1110
1220  592
1220  682
1220  739
1220  757
1220  822
1220  844
1220  908
1220  919
1220  1011
1220  1041
1220  1089
1220  1184
1220  1261
1221  581
1221  709
1221  749
1221  793
1221  940
1221  1099
1221  1126
1221  1150
1221  1255
1222  640
1222  648
1222  719
1222  744
1222  800
1222  884
1222  1104
1223  516
1223  678
1223  702
1223  789
1223  864
1223  877
1223  896
1223  997
1223  1094
1223  1143
1223  1178
1223  1233
1223  1264
1224  482
1224  552
1224  889
1224  916
1224  982
1224  1115
1225  525
1225  728
1225  740
1225  829
1225  873
1225  988
1225  1049
1225  1078
1225  1112
1226  495
1226  687
1226  693
1226  747
1226  823
1226  834
1226  946
1226  959
1226  964
1226  978
1226  1041
1226  1105
1227  475
1227  485
1227  499
1227  575
1227  673
1227  679
1227  774
1227  891
1227  902
1227  1002
1227  1027
1228  582
1228  605
1228  641
1228  743
1228  782
1228  880
1228  1064
1229  551
1229  712
1229  767
1229  789
1229  992
1229  1018
1230  634
1231  701
1230  1007
1230  1138
1231  479
1231  508
1231  514
1231  666
1231  722
1231  775
1231  783
1231  825
1231  865
1231  925
1231  946
1231  962
1231  1011
1231  1066
1232  585
1232  624
1232  670
1232  675
1232  958
1232  999
1232  1046
1232  1054
1232  1078
1232  1089
1232  1100
1233  726
1233  890
1233  953
1233  1059
1233  1072
1233  1110
1234  711
1234  984
1234  1115
1235  519
1235  644
1235  691
1235  766
1235  859
1235  899
1235  919
1235  930
1235  1019
1235  1063
1235  1155
1236  444
1236  579
1236  639
1236  648
1236  683
1236  769
1236  1039
1236  1105
1237  465
1237  490
1237  608
1237  678
1237  705
1237  756
1237  785
1237  914
1237  999
1237  1066
1237  1088
1237  1098
1237  1136
1237  1189
1238  613
1238  716
1238  734
1238  802
1238  950
1238  1115
1239  502
1239  674
1239  859
1239  899
1239  925
1239  990
1239  1094
1239  1146
1240  582
1240  688
1240  1058
1240  1080
1240  1085
1240  1153
1241  852
1241  891
1241  978
1241  1126
1241  1195
1242  666
1242  825
1242  871
1242  879
1242  930
1242  1067
1242  1106
1242  1140
1242  1161
1242  1191
1243  445
1243  487
1243  644
1243  693
1243  703
1243  748
1243  768
1243  865
1243  907
1243  1044
1243  1116
1243  1136
1244  501
1244  659
1244  885
1244  974
1244  1033
1244  1122
1244  1149
1245  955
1245  968
1245  1084
1245  1100
1245  1159
1246  607
1246  732
1246  742
1246  779
1246  861
1246  1046
1246  1069
1246  1075
1246  1168
1247  503
1247  650
1247  709
1247  713
1247  857
1247  870
1247  877
1247  929
1247  996
1247  1002
1247  1017
1247  1024
1247  1055
1247  1094
1247  1126
1247  1152
1247  1200
1248  498
1248  847
1248  853
1248  904
1249  593
1249  662
1249  719
1249  760
1249  839
1249  978
1249  1050
1249  1062
1249  1103
1249  1134
1249  1143
1249  1157
1250  791
1250  912
1250  1011
1250  1121
1251  502
1251  631
1251  708
1251  713
1251  920
1251  986
1251  994
1251  1085
1251  1149
1252  467
1252  471
1252  602
1252  668
1252  699
1252  734
1252  860
1252  894
1252  1089
1252  1097
1253  480
1253  680
1253  686
1253  841
1253  880
1253  947
1253  1044
1253  1078
1253  1136
1254  675
1254  741
1254  784
1254  814
1254  927
1254  1003
1255  460
1255  563
1255  571
1255  661
1255  778
1255  821
1255  826
1255  850
1255  867
1255  890
1255  982
1255  1050
1255  1129
1256  721
1256  898
1256  1123
1256  1149
1257  475
1257  577
1257  996
1257  1022
1257  1064
1257  1101
1257  1161
1258  486
1258  515
1258  703
1258  713
1258  940
1258  962
1258  991
1258  1075
1258  1111
1258  1139
1258  1197
1258  1201
1259  683
1259  790
1259  1085
1259  1183
1260  470
1260  686
1260  708
1260  727
1260  773
1260  834
1260  852
1260  1007
1260  1051
1260  1092
1260  1168
1261  479
1261  761
1261  820
1261  858
1261  874
1261  1017
1261  1045
1261  1148
1262  458
1262  691
1262  773
1262  894
1262  905
1262  1025
1262  1155
1263  703
1263  715
1263  719
1263  1037
1263  1105
1264  435
1264  755
1264  1030
1264  1040
1264  1065
1264  1090
1264  1137
1264  1183
1265  644
1265  890
1265  980
1266  483
1266  702
1266  784
1266  825
1266  870
1266  972
1266  987
1266  1004
1267  788
1267  1028
1267  1044
1268  491
1268  876
1268  886
1268  978
1268  1069
1268  1083
1268  1108
1268  1163
1269  720
1269  904
1269  913
1269  936
1269  948
1269  999
1269  1080
1269  1144
1270  454
1270  660
1270  781
1270  822
1270  1015
1270  1019
1270  1288
1271  707
1271  726
1271  830
1271  853
1271  860
1271  881
1271  958
1271  992
1271  1005
1271  1045
1271  1060
1271  1128
1271  1253
1272  665
1272  676
1272  687
1272  877
1272  1009
1272  1095
1272  1105
1272  1134
1273  793
1273  1038
1273  1073
1273  1151
1273  1209
1273  1271
1274  642
1274  999
1274  1077
1274  1242
1275  468
1275  771
1275  858
1275  913
1275  943
1275  1013
1275  1110
1275  1247
1275  1309
1276  444
1276  873
1276  888
1276  899
1276  1063
1276  1147
1276  1198
1276  1267
1276  1296
1277  745
1277  761
1277  791
1277  864
1277  869
1277  1027
1277  1235
1278  473
1278  766
1278  784
1278  861
1278  1124
1278  1136
1278  1144
1278  1165
1278  1218
1278  1306
1279  680
1279  725
1279  879
1279  884
1279  892
1279  990
1279  1045
1279  1084
1279  1153
1279  1185
1280  464
1280  505
1280  651
1280  710
1280  770
1280  947
1280  995
1280  1087
1280  1098
1280  1129
1280  1228
1280  1273
1281  964
1281  977
1281  1173
1281  1211
1282  789
1282  795
1282  840
1282  1011
1282  1019
1282  1031
1282  1040
1282  1081
1282  1167
1282  1197
1282  1252
1282  1265
1283  479
1283  576
1283  734
1283  893
1283  1000
1283  1023
1283  1068
1283  1191
1283  1240
1283  1298
1284  692
1284  700
1284  743
1284  928
1284  1124
1285  899
1285  971
1285  985
1285  1029
1285  1042
1285  1115
1285  1140
1285  1144
1285  1149
1285  1179
1285  1218
1285  1260
1286  474
1286  706
1286  863
1286  892
1286  1009
1286  1064
1286  1083
1286  1089
1286  1131
1287  822
1287  955
1287  979
1287  1099
1287  1122
1287  1206
1287  1256
1287  1272
1287  1290
1288  662
1288  713
1288  763
1288  870
1288  912
1288  1003
1288  1128
1288  1280
1289  448
1289  735
1289  771
1289  919
1289  964
1289  1013
1289  1019
1289  1034
1289  1046
1289  1053
1289  1195
1289  1231
1289  1239
1290  731
1290  864
1290  871
1290  1042
1290  1079
1290  1117
1290  1137
1290  1141
1290  1169
1290  1250
1290  1265
1290  1302
1291  431
1291  746
1291  755
1291  775
1291  867
1291  924
1291  987
1291  1243
1292  909
1292  1025
1292  1102
1292  1177
1292  1191
1292  1201
1292  1211
1293  531
1293  662
1293  1090
1293  1099
1293  1112
1293  1162
1293  1247
1294  686
1294  751
1294  789
1294  981
1294  998
1294  1059
1294  1139
1294  1166
1294  1181
1294  1238
1294  1285
1295  454
1295  477
1295  505
1295  526
1295  855
1295  881
1295  895
1295  1119
1295  1145
1295  1158
1295  1215
1296  653
1296  755
1296  768
1296  794
1296  817
1296  877
1296  1030
1296  1107
1296  1115
1296  1173
1296  1207
1296  1211
1296  1255
1297  698
1297  702
1297  763
1297  775
1297  780
1297  923
1297  930
1297  1040
1297  1079
1297  1133
1297  1221
1297  1231
1297  1238
1297  1274
1298  510
1298  569
1298  785
1298  1202
1298  1226
1298  1270
1299  465
1299  943
1299  1001
1299  1008
1299  1149
1299  1159
1299  1196
1299  1245
1300  632
1300  709
1300  845
1300  904
1300  1012
1300  1055
1300  1111
1300  1139
1301  683
1301  702
1301  744
1301  775
1301  804
1301  921
1301  928
1301  963
1301  994
1301  1059
1301  1075
1301  1095
1301  1099
1301  1215
1302  714
1302  721
1302  731
1302  780
1302  1121
1302  1171
1302  1201
1302  1227
1303  771
1303  858
1303  881
1303  1178
1303  1239
1303  1247
1304  457
1304  590
1304  607
1304  654
1304  666
1304  670
1304  955
1304  966
1304  996
1304  1022
1304  1078
1304  1134
1304  1146
1304  1184
1304  1211
1304  1222
1305  825
1305  863
1305  911
1305  976
1305  1008
1305  1033
1305  1045
1305  1063
1305  1070
1305  1109
1305  1139
1306  678
1306  701
1306  846
1306  930
1306  941
1306  1000
1306  1015
1306  1122
1306  1157
1306  1191
1306  1228
1306  1242
1307  568
1307  576
1307  692
1307  706
1307  749
1307  761
1307  776
1307  791
1307  870
1307  1005
1308  458
1308  769
1308  855
1308  1040
1308  1168
1308  1178
1308  1218
1309  639
1309  671
1309  743
1309  876
1309  1053
1309  1062
1309  1127
1309  1135
1309  1141
1309  1175
1309  1196
1309  1205
1310  446
1310  644
1310  862
1310  1071
1310  1087
1310  1114
1310  1151
1311  774
1311  893
1311  939
1311  945
1311  1000
1311  1008
1311  1019
1311  1046
1311  1078
1311  1097
1312  722
1312  755
1312  782
1312  889
1312  906
1312  967
1312  1083
1312  1118
1312  1147
1313  460
1313  917
1313  1029
1313  1168
1314  513
1314  738
1314  872
1314  1157
1315  684
1315  697
1315  765
1315  815
1315  951
1315  1042
1315  1050
1315  1065
1315  1098
1315  1111
1315  1163
1316  446
1316  528
1316  599
1316  773
1316  1020
1317  642
1317  785
1317  1038
1317  1107
1317  1123
1317  1126
1317  1173
1318  688
1318  804
1318  859
1318  865
1318  943
1318  982
1318  1013
1318  1144
1318  1154
1318  1182
1319  658
1319  916
1319  933
1319  1059
1319  1086
1319  1094
1319  1186
1320  548
1320  672
1320  762
1320  842
1320  853
1320  1006
1320  1030
1320  1052
1320  1070
1320  1074
1320  1159
1320  1206
1321  775
1321  789
1321  796
1321  849
1321  948
1321  1042
1321  1046
1321  1111
1321  1122
1321  1149
1321  1164
1321  1202
1322  631
1322  639
1322  897
1322  955
1322  960
1322  1055
1322  1101
1322  1168
1322  1217
1323  603
1323  757
1323  770
1323  838
1323  909
1323  929
1323  1019
1323  1130
1323  1137
1324  682
1324  697
1324  975
1324  1090
1324  1094
1325  783
1325  818
1325  924
1325  1064
1325  1124
1326  652
1326  658
1326  776
1326  851
1326  948
1326  983
1326  1050
1326  1082
1326  1173
1327  891
1327  1017
1327  1027
1327  1111
1328  943
1328  1060
1328  1105
1329  511
1329  627
1329  634
1329  664
1329  672
1329  788
1329  834
1329  841
1329  1000
1329  1056
1330  760
1330  960
1330  1079
1330  1100
1330  1159
1330  1186
1330  1218
1331  693
1331  780
1331  914
1331  922
1331  948
1331  1062
1332  638
1332  649
1332  773
1332  788
1332  1070
1332  1087
1332  1095
1332  1116
1333  624
1333  677
1333  953
1333  1017
1333  1111
1333  1144
1333  1157
1333  1168
1334  662
1334  783
1334  850
1334  945
1334  975
1335  732
1335  830
1335  895
1335  965
1335  985
1335  998
1336  645
1336  932
1336  948
1336  1003
1336  1098
1337  903
1337  1019
1337  1082
1337  1178
1337  1209
1338  656
1338  682
1338  820
1338  927
1338  968
1338  1162
1338  1184
1339  979
1339  1150
1340  603
1340  744
1340  841
1340  882
1340  935
1340  954
1340  990
1340  1130
1341  528
1341  553
1341  640
1341  678
1341  851
1341  894
1341  1010
1341  1024
1341  1181
1342  629
1342  660
1342  931
1342  997
1343  535
1343  543
1343  556
1343  667
1343  766
1343  777
1343  986
1343  1005
1344  785
1344  865
1344  887
1344  972
1345  647
1345  976
1345  1106
1346  764
1346  791
1346  812
1346  837
1346  859
1346  932
1346  962
1346  1015
1346  1190
1347  757
1347  772
1347  1006
1347  1089
1348  892
1348  939
1348  953
1348  1081
1349  603
1349  669
1349  675
1349  960
1350  545
1350  631
1350  766
1350  965
1350  994
1350  1142
1351  831
1351  900
1351  987
1351  1001
1352  816
1352  1027
1352  1127
1352  1158
1352  1190
1353  661
1353  762
1353  936
1353  956
1353  983
1353  1073
1353  1109
1353  1150
1354  633
1354  940
1354  1014
1354  1196
1355  627
1355  674
1355  829
1355  844
1355  916
1355  974
1355  1032
1355  1036
1356  530
1356  935
1356  979
1356  984
1356  1045
1356  1116
1357  552
1357  770
1357  925
1357  944
1357  953
1357  966
1357  1006
1357  1201
1358  760
1358  776
1358  832
1358  878
1358  997
1359  767
1359  1157
1359  1206
1360  754
1360  949
1360  1168
1361  639
1361  645
1361  653
1361  920
1361  974
1361  981
1361  1024
1361  1050
1361  1087
1362  879
1362  1030
1362  1057
1363  530
1363  849
1363  945
1363  959
1363  1133
1363  1225
1364  770
1364  904
1364  934
1364  976
1364  989
1364  1096
1364  1184
1364  1214
1365  553
1365  561
1365  765
1365  967
1365  981
1365  1052
1365  1493
1366  753
1366  856
1366  915
1366  1465
1367  556
1367  804
1367  815
1367  902
1367  1023
1367  1033
1367  1216
1367  1228
1368  776
1368  783
1368  835
1368  933
1368  1108
1369  759
1369  842
1369  919
1369  939
1369  952
1369  965
1369  978
1369  1027
1369  1066
1370  633
1370  771
1370  791
1370  908
1370  1129
1371  560
1371  799
1371  985
1371  995
1371  1041
1372  640
1372  813
1372  817
1372  956
1372  1063
1372  1100
1372  1104
1373  754
1373  774
1373  942
1373  1021
1373  1215
1374  596
1374  789
1374  898
1374  1048
1374  1054
1374  1175
1374  1199
1375  627
1375  902
1375  908
1375  923
1375  937
1375  949
1376  666
1376  839
1376  968
1376  1005
1376  1075
1376  1129
1377  916
1377  945
1377  961
1377  994
1377  1114
1378  973
1378  1001
1379  766
1379  921
1379  964
1379  1043
1379  1059
1379  1066
1380  625
1380  640
1380  752
1380  785
1380  1035
1381  939
1381  959
1381  1082
1381  1108
1381  1187
1382  835
1382  936
1382  946
1382  982
1382  986
1382  1171
1383  781
1383  889
1383  967
1383  1103
1383  1116
1383  1144
1384  916
1384  950
1384  993
1384  1089
1384  1207
1384  1213
1384  1485
1385  649
1385  677
1385  955
1385  976
1385  1107
1385  1121
1386  739
1386  805
1386  875
1386  906
1386  926
1386  935
1386  1010
1386  1033
1386  1069
1387  653
1387  775
1387  792
1387  919
1387  970
1387  1198
1389  573
1389  593
1389  658
1389  887
1389  1074
1389  1093
1389  1126
1389  1195
1390  909
1390  914
1390  959
1390  1002
1390  1007
1390  1110
1390  1183
1391  604
1391  621
1391  673
1391  747
1391  922
1391  941
1391  1050
1391  1114
1392  685
1392  755
1392  798
1392  904
1392  971
1392  1191
1393  740
1393  786
1393  809
1393  926
1393  931
1393  1034
1394  670
1394  780
1394  816
1394  948
1394  981
1394  1067
1395  760
1395  789
1395  826
1395  890
1395  897
1395  996
1395  1094
1395  1122
1396  654
1396  771
1396  952
1396  1006
1396  1046
1396  1072
1396  1206
1397  590
1397  753
1397  794
1397  956
1397  972
1398  583
1398  765
1398  945
1398  967
1398  983
1398  993
1398  1012
1398  1083
1399  737
1399  781
1399  804
1399  877
1399  997
1399  1027
1400  647
1400  872
1400  1071
1401  753
1401  868
1401  1226
1402  960
1402  1036
1402  1054
1403  581
1403  664
1403  807
1403  940
1403  978
1403  1043
1403  1070
1403  1445
1404  614
1404  703
1404  718
1404  761
1404  968
1404  1126
1405  647
1405  770
1405  862
1405  895
1405  906
1405  944
1405  1165
1406  740
1406  756
1406  982
1406  997
1406  1143
1406  1195
1407  684
1407  868
1407  958
1407  1034
1408  634
1408  660
1408  885
1408  908
1408  1017
1408  1063
1408  1091
1409  640
1409  706
1409  791
1409  893
1409  938
1409  976
1409  1055
1409  1083
1409  1163
1409  1201
1409  1457
1410  715
1410  747
1410  861
1410  947
1410  953
1410  1022
1410  1175
1410  1204
1411  778
1411  986
1411  1077
1412  649
1412  662
1412  711
1412  857
1412  883
1412  928
1412  998
1412  1468
1413  727
1413  1189
1413  1197
1413  1213
1414  754
1414  869
1414  894
1414  933
1414  957
1414  1033
1415  638
1415  853
1415  912
1415  920
1415  938
1415  996
1415  1159
1416  704
1416  713
1416  725
1416  768
1416  818
1416  876
1416  1208
1416  1440
1417  788
1417  859
1417  1052
1417  1076
1417  1082
1418  775
1418  863
1418  883
1418  926
1418  1065
1418  1089
1418  1456
1419  641
1419  888
1419  948
1419  1022
1419  1057
1419  1157
1419  1228
1420  766
1420  869
1420  967
1420  974
1420  1034
1420  1102
1420  1137
1421  754
1421  783
1421  921
1421  963
1421  986
1421  1070
1421  1115
1422  662
1422  687
1422  854
1423  597
1423  667
1423  789
1423  879
1423  888
1423  934
1423  955
1423  1010
1423  1086
1423  1453
1424  696
1424  711
1424  734
1424  764
1424  794
1424  918
1424  1062
1424  1082
1424  1155
1424  1226
1425  637
1425  768
1425  775
1425  909
1425  925
1426  863
1426  969
1426  1000
1426  1038
1426  1051
1426  1071
1426  1147
1427  789
1427  959
1427  988
1427  1165
1427  1213
1428  701
1428  763
1428  785
1428  898
1428  1055
1428  1098
1429  635
1429  681
1429  866
1429  883
1429  951
1429  1076
1429  1172
1429  1441
1429  1471
1430  687
1430  697
1430  712
1430  1044
1430  1102
1430  1135
1431  766
1431  795
1431  914
1431  921
1431  935
1431  974
1431  1111
1431  1168
1431  1195
1432  707
1432  872
1432  878
1432  1051
1432  1090
1432  1129
1432  1457
1433  778
1433  858
1433  901
1433  978
1433  1000
1433  1097
1434  596
1434  763
1434  783
1434  822
1434  938
1434  949
1434  1177
1435  740
1435  786
1435  793
1435  875
1435  906
1435  985
1435  1112
1436  769
1436  926
1436  1051
1436  1098
1437  684
1437  699
1437  870
1437  896
1437  963
1437  968
1437  1047
1437  1063
1437  1471
1438  981
1438  1001
1438  1074
1438  1123
1438  1220
1439  710
1439  732
1439  762
1439  788
1439  888
1439  917
1439  955
1440  767
1440  1094
1440  1101
1441  779
1441  811
1441  859
1441  934
1441  950
1441  988
1441  1108
1441  1111
1441  1136
1441  1183
1441  1212
1442  713
1442  807
1442  865
1442  894
1442  1054
1442  1195
1442  1207
1443  696
1443  756
1443  787
1443  800
1443  887
1443  939
1443  944
1443  970
1443  978
1443  999
1443  1017
1443  1048
1443  1116
1443  1237
1444  767
1444  880
1444  901
1444  906
1444  922
1444  964
1444  1024
1444  1455
1445  596
1445  701
1445  705
1445  815
1445  929
1445  992
1445  1010
1445  1042
1445  1101
1445  1184
1445  1433
1447  606
1447  688
1447  777
1447  1118
1448  788
1448  828
1448  937
1448  969
1448  1062
1449  801
1449  904
1449  966
1449  1087
1449  1219
1450  666
1450  879
1450  925
1450  1019
1450  1024
1450  1047
1451  674
1451  770
1451  870
1451  889
1451  945
1451  958
1451  1053
1451  1423
1452  790
1452  898
1452  919
1452  950
1453  686
1453  795
1453  830
1453  854
1453  884
1453  902
1453  994
1453  1028
1453  1110
1453  1114
1454  707
1454  875
1454  930
1454  1037
1454  1044
1454  1101
1455  679
1455  836
1455  862
1455  955
1455  964
1455  999
1455  1016
1456  649
1456  871
1456  914
1456  942
1456  947
1456  979
1456  985
1456  1025
1456  1052
1456  1093
1457  640
1457  771
1457  878
1457  885
1457  900
1457  906
1457  927
1457  1072
1457  1252
1457  1433
1457  1448
1458  735
1458  785
1458  920
1458  936
1459  662
1459  795
1459  892
1459  1030
1460  682
1460  780
1460  815
1460  844
1460  863
1460  973
1460  997
1460  1082
1461  769
1461  819
1461  871
1461  1094
1462  828
1462  878
1462  882
1462  968
1463  735
1463  792
1463  913
1463  924
1463  941
1463  953
1463  1037
1463  1086
1463  1410
1463  1449
1464  846
1464  852
1464  899
1464  1027
1464  1081
1464  1264
1465  690
1465  859
1465  990
1465  1043
1465  1120
1466  943
1466  1007
1466  1113
1466  1140
1467  797
1467  835
1467  882
1467  957
1467  968
1467  1019
1467  1064
1467  1102
1468  768
1468  887
1468  998
1468  1213
1468  1450
1469  672
1469  867
1469  973
1469  1106
1470  654
1470  785
1470  792
1470  831
1470  893
1470  979
1470  1217
1470  1437
1471  803
1471  1029
1471  1033
1471  1092
1471  1126
1472  758
1472  885
1472  1024
1472  1046
1472  1241
1473  773
1473  780
1473  835
1473  853
1473  931
1473  936
1473  967
1473  1038
1474  639
1474  648
1474  858
1474  878
1474  957
1474  994
1474  1099
1474  1416
1475  726
1475  791
1475  798
1475  973
1475  1015
1475  1022
1475  1213
1476  869
1476  890
1476  943
1476  950
1476  982
1476  1026
1476  1047
1477  736
1477  1034
1477  1120
1477  1137
1478  632
1478  803
1478  844
1478  883
1478  1031
1478  1124
1479  777
1479  859
1479  955
1479  1019
1479  1100
1479  1448
1480  950
1480  996
1480  1027
1480  1108
1481  637
1481  710
1481  785
1481  797
1481  823
1481  1005
1481  1045
1481  1057
1481  1264
1481  1405
1482  883
1482  938
1482  1034
1483  745
1483  1125
1483  1273
1484  795
1484  801
1484  855
1484  878
1484  995
1484  1144
1485  762
1485  790
1485  944
1485  956
1485  1016
1485  1044
1485  1112
1486  771
1486  872
1486  934
1486  951
1486  1004
1487  715
1487  819
1487  990
1487  1031
1487  1101
1488  845
1488  861
1488  1010
1488  1026
1488  1407
1489  865
1489  1037
1490  764
1490  796
1490  835
1490  880
1490  951
1490  963
1490  985
1490  991
1490  1021
1490  1135
1491  702
1491  790
1491  802
1491  970
1491  997
1491  1115
1491  1450
1492  847
1492  1014
1492  1220
1493  854
1493  1038
1494  816
1494  880
1494  975
1494  983
1494  1032
1494  1063
1494  1086
1494  1102
1495  887
1495  938
1495  947
1495  994
1496  834
1496  837
1496  1000
1496  1026
1496  1109
1496  1123
1496  1176
1497  780
1497  960
1497  1070
1497  1148
1497  1163
1497  1258
1498  774
1498  795
1498  812
1498  870
1498  1216
1498  1417
1499  981
1499  1012
1499  1031
1499  1044
1499  1241
1500  875
1500  1060
1500  1247
1500  1403
1501  866
1501  891
1501  1159
1502  844
1502  851
1502  965
1502  985
1502  996
1502  1019
1502  1028
1502  1036
1502  1251
1503  825
1503  956
1503  1009
1503  1050
1503  1099
1504  776
1504  782
1504  791
1504  798
1504  970
1504  1032
1504  1095
1504  1106
1504  1444
1505  830
1505  872
1505  977
1505  1084
1505  1168
1506  937
1506  1005
1506  1039
1506  1071
1506  1263
1507  780
1507  815
1507  839
1507  1152
1507  1284
1507  1419
1508  698
1508  719
1508  772
1508  857
1508  866
1508  887
1508  1434
1509  768
1509  787
1509  882
1509  944
1509  975
1509  988
1509  993
1509  1008
1509  1120
1509  1224
1509  1253
1510  713
1510  822
1510  940
1510  961
1510  969
1510  1013
1510  1106
1510  1402
1511  780
1511  799
1511  982
1511  1017
1511  1033
1512  791
1512  1396
1513  720
1513  775
1513  950
1513  997
1513  1009
1513  1096
1513  1159
1513  1172
1514  815
1514  1072
1515  782
1515  937
1515  966
1515  992
1515  1027
1515  1101
1516  856
1516  873
1516  885
1516  960
1516  1046
1516  1090
1516  1096
1517  764
1517  829
1517  1000
1517  1014
1517  1230
1518  777
1518  823
1518  851
1518  945
1518  1077
1518  1125
1518  1181
1519  783
1519  804
1519  843
1519  865
1519  982
1519  1107
1519  1263
1520  951
1520  1006
1520  1189
1520  1273
1521  719
1521  787
1521  797
1521  858
1521  881
1521  1020
1521  1129
1521  1280
1522  791
1522  946
1522  987
1522  1180
1522  1404
1523  808
1523  874
1523  994
1523  1049
1523  1054
1524  826
1524  861
1524  999
1524  1026
1524  1033
1524  1067
1524  1077
1524  1109
1524  1133
1525  852
1525  1005
1525  1014
1525  1072
1525  1092
1525  1238
1526  782
1526  981
1527  718
1527  789
1527  879
1527  1059
1527  1107
1527  1396
1527  1432
1528  816
1528  836
1528  997
1528  1251
1528  1414
1529  866
1529  956
1529  1016
1529  1023
1529  1035
1529  1053
1529  1064
1529  1084
1529  1119
1530  725
1530  791
1530  858
1530  875
1530  1007
1530  1044
1530  1078
1530  1099
1530  1292
1531  1028
1532  822
1533  868
1533  968
1533  986
1533  991
1533  999
1533  1022
1533  1035
1533  1092
1533  1301
1533  1405
1534  717
1534  1017
1534  1051
1535  883
1535  1078
1536  959
1536  1027
1536  1039
1537  1005
1537  1009
1537  1032
1537  1377
1538  819
1538  853
1538  870
1538  1096
1538  1265
1539  963
1539  991
1539  1023
1539  1071
1539  1258
1539  1288
1540  1000
1540  1053
1540  1119
1540  1190
1541  844
1541  866
1541  876
1541  1017
1541  1036
1541  1083
1542  718
1542  849
1542  954
1542  968
1542  982
1542  1004
1543  793
1543  977
1543  1044
1543  1079
1544  722
1544  857
1544  882
1544  991
1544  1026
1544  1069
1544  1404
1544  1416
1545  804
1545  816
1545  948
1545  1031
1545  1063
1545  1209
1546  866
1546  971
1546  1007
1546  1053
1546  1351
1547  1059
1547  1089
1547  1204
1547  1362
1548  807
1548  855
1548  861
1548  1003
1548  1013
1548  1020
1548  1189
1548  1310
1549  873
1549  956
1549  983
1549  988
1549  1084
1550  784
1550  797
1550  867
1550  1025
1550  1036
1550  1048
1551  719
1551  850
1551  1089
1551  1274
1552  792
1552  822
1552  964
1552  994
1552  1078
1552  1358
1553  1000
1553  1083
1553  1163
1553  1215
1553  1256
1554  691
1554  712
1554  817
1554  952
1554  985
1554  1010
1554  1067
1554  1220
1555  973
1555  979
1555  996
1555  1062
1556  851
1556  856
1556  876
1556  988
1556  1019
1556  1261
1557  803
1557  822
1557  1174
1558  706
1558  1004
1558  1014
1558  1024
1558  1044
1559  954
1559  999
1559  1048
1559  1052
1559  1407
1559  1531
1560  962
1560  1010
1560  1156
1561  853
1561  967
1561  1395
1562  979
1562  1035
1562  1262
1562  1333
1563  809
1563  822
1563  956
1563  994
1563  1027
1563  1044
1563  1241
1563  1404
1564  856
1564  968
1564  986
1564  999
1564  1009
1564  1299
1565  676
1565  789
1565  866
1565  975
1565  1050
1566  877
1566  1032
1566  1250
1567  687
1567  831
1567  837
1567  845
1567  881
1567  953
1567  1388
1567  1491
1567  1538
1568  868
1568  1015
1568  1022
1569  856
1569  862
1569  1351
1569  1519
1570  950
1570  964
1570  992
1570  1026
1571  878
1571  1046
1571  1062
1571  1144
1571  1176
1572  853
1572  981
1572  988
1572  1010
1572  1503
1573  1019
1573  1534
1574  848
1574  861
1574  964
1574  1251
1574  1406
1575  820
1575  977
1575  987
1575  991
1575  1342
1576  684
1576  813
1576  873
1576  995
1576  1000
1576  1006
1576  1013
1576  1031
1577  878
1577  1261
1577  1467
1577  1498
1578  835
1578  973
1578  1009
1578  1027
1578  1255
1578  1486
1579  857
1579  984
1579  1024
1579  1403
1580  685
1580  956
1580  994
1580  1019
1580  1057
1581  691
1581  802
1581  813
1581  818
1581  878
1581  1002
1581  1044
1582  798
1582  856
1582  966
1582  1015
1582  1032
1582  1338
1583  823
1583  862
1583  1413
1584  948
1584  977
1584  987
1584  1465
1584  1474
1585  972
1585  1050
1585  1482
1585  1489
1586  992
1586  1029
1586  1060
1586  1205
1586  1497
1587  983
1587  1045
1588  808
1588  854
1588  858
1588  865
1588  1000
1588  1400
1589  800
1589  872
1589  995
1589  1016
1589  1032
1589  1039
1589  1051
1589  1086
1589  1350
1589  1451
1589  1486
1591  794
1591  824
1591  965
1591  987
1591  1078
1591  1098
1592  1046
1592  1107
1592  1476
1593  866
1593  939
1593  991
1593  1043
1593  1069
1594  1012
1594  1022
1594  1037
1594  1050
1594  1057
1594  1101
1594  1202
1594  1295
1595  998
1595  1007
1595  1078
1595  1087
1595  1094
1595  1116
1595  1132
1595  1186
1595  1269
1596  818
1596  828
1596  952
1596  969
1596  1031
1596  1412
1597  853
1597  861
1597  963
1597  1017
1597  1210
1598  683
1598  958
1598  1044
1598  1106
1598  1125
1598  1138
1598  1149
1598  1315
1599  873
1599  991
1599  1025
1599  1070
1599  1427
1600  982
1600  1034
1600  1050
1600  1057
1600  1114
1601  863
1601  937
1601  1002
1601  1158
1601  1165
1602  848
1602  1074
1602  1099
1602  1105
1602  1409
1603  994
1603  1080
1603  1119
1603  1136
1603  1301
1603  1489
1604  968
1604  976
1604  1006
1604  1017
1604  1028
1604  1091
1604  1148
1604  1437
1604  1453
1605  982
1605  1041
1605  1053
1605  1087
1605  1143
1605  1155
1605  1428
1606  947
1606  991
1606  1063
1606  1111
1606  1130
1607  849
1607  934
1607  1011
1607  1071
1607  1107
1608  854
1608  961
1608  1032
1608  1037
1608  1078
1608  1161
1608  1168
1609  860
1609  939
1609  997
1609  1102
1609  1172
1610  819
1610  931
1610  968
1610  1066
1610  1119
1610  1144
1610  1416
1611  988
1611  1029
1611  1093
1611  1097
1611  1152
1611  1186
1611  1316
1611  1374
1611  1378
1612  829
1612  945
1612  958
1612  1001
1612  1023
1612  1039
1612  1046
1612  1056
1612  1073
1612  1134
1612  1189
1612  1337
1613  1117
1614  934
1614  940
1614  953
1614  1109
1614  1142
1614  1156
1614  1160
1614  1176
1615  862
1615  966
1615  974
1615  1064
1615  1067
1615  1127
1616  1168
1616  1184
1617  853
1617  1014
1617  1035
1617  1043
1617  1049
1617  1083
1617  1100
1617  1290
1617  1318
1618  987
1618  1055
1618  1060
1618  1074
1618  1149
1618  1154
1619  993
1619  1002
1619  1008
1619  1089
1619  1094
1619  1119
1619  1166
1619  1202
1619  1330
1620  952
1620  998
1620  1109
1621  972
1621  1115
1621  1384
1621  1402
1622  940
1622  1089
1622  1101
1622  1138
1622  1238
1623  933
1623  1127
1623  1146
1623  1155
1623  1196
1623  1371
1624  847
1624  1057
1624  1142
1624  1168
1625  942
1625  979
1625  990
1625  1051
1625  1063
1625  1073
1625  1107
1625  1182
1626  922
1626  1103
1626  1163
1626  1204
1626  1398
1627  931
1627  950
1627  1088
1627  1137
1627  1153
1628  963
1628  975
1628  1069
1628  1127
1628  1368
1629  1097
1629  1115
1629  1157
1629  1178
1629  1185
1630  834
1630  845
1630  936
1630  1065
1630  1164
1630  1299
1631  982
1631  992
1631  1104
1631  1195
1631  1395
1632  924
1632  1208
1632  1220
1633  850
1633  931
1633  975
1633  1085
1633  1094
1633  1110
1633  1127
1633  1151
1633  1305
1633  1376
1634  962
1634  1089
1634  1145
1634  1202
1634  1215
1634  1268
1635  941
1635  970
1635  987
1635  1101
1635  1185
1635  1192
1636  858
1636  980
1636  1080
1636  1164
1637  849
1637  1043
1637  1097
1637  1172
1637  1181
1637  1209
1637  1360
1638  961
1638  965
1638  1030
1638  1157
1638  1241
1638  1281
1638  1318
1638  1326
1639  918
1639  1227
1639  1304
1640  927
1640  988
1640  1351
1641  955
1641  985
1641  1010
1641  1023
1641  1194
1641  1297
1642  1199
1643  1170
1643  1179
1643  1219
1643  1398
1644  932
1644  1046
1645  1193
1645  1204
1645  1213
1645  1231
1645  1278
1646  922
1646  944
1646  1180
1646  1208
1646  1227
1647  915
1647  1021
1647  1236
1647  1323
1648  867
1648  919
1648  936
1648  1084
1648  1313
1650  928
1650  990
1650  1145
1650  1202
1650  1321
1650  1388
1651  874
1651  1024
1651  1206
1651  1214
1651  1238
1652  968
1652  1195
1652  1230
1653  912
1653  955
1653  1112
1655  923
1655  977
1655  1082
1655  1095
1656  865
1656  1167
1656  1214
1657  912
1657  1109
1657  1127
1658  950
1658  969
1658  1205
1658  1249
1658  1368
1659  982
1659  1195
1659  1210
1659  1219
1660  1133
1660  1201
1660  1285
1660  1306
1661  852
1662  943
1662  977
1662  1239
1662  1380
1663  863
1664  1000
1665  926
1665  1070
1665  1232
1665  1244
1666  938
1666  971
1666  1099
1666  1159
1667  961
1667  1348
1668  1220
1668  1363
1669  911
1669  935
1669  1072
1670  877
1670  916
1670  1225
1670  1229
1671  857
1671  954
1671  1049
1672  927
1672  949
1672  1052
1672  1255
1673  944
1673  1093
1673  1214
1673  1249
1673  1259
1674  874
1674  955
1674  1073
1674  1098
1674  1143
1674  1219
1674  1265
1675  919
1675  1313
1675  1373
1676  1011
1676  1029
1676  1261
1677  885
1677  959
1677  974
1677  1101
1677  1229
1677  1244
1677  1255
1677  1301
1678  931
1678  940
1678  1259
1679  978
1679  1266
1680  947
1680  1122
1681  921
1682  926
1682  940
1682  954
1682  1132
1682  1217
1682  1238
1682  1249
1682  1317
1683  911
1683  1015
1683  1035
1683  1230
1684  899
1684  1262
1684  1278
1685  915
1685  1074
1685  1100
1685  1348
1686  944
1686  977
1687  963
1687  1344
1688  968
1688  972
1689  1092
1689  1115
1689  1253
1689  1301
1690  938
1690  1068
1690  1074
1690  1245
1690  1267
1691  1021
1691  1233
1692  905
1693  928
1693  976
1693  1274
1694  967
1694  1107
1694  1263
1694  1335
1695  950
1696  895
1696  941
1696  1073
1696  1246
1696  1268
1697  916
1698  930
1698  1107
1698  1251
1698  1276
1699  899
1699  911
1699  921
1699  947
1699  1014
1699  1254
1700  880
1700  904
1700  973
1700  1259
1701  858
1701  894
1701  1348
1702  915
1703  952
1703  962
1704  926
1704  1014
1704  1088
1704  1095
1705  876
1705  909
1705  1067
1705  1130
1705  1277
1705  1291
1705  1332
1706  935
1706  946
1706  958
1706  1138
1706  1263
1707  941
1707  966
1707  1162
1708  915
1708  1073
1708  1082
1709  907
1710  952
1710  1156
1711  1173
1711  1274
1712  1072
1712  1316
1713  916
1714  910
1714  957
1714  963
1714  1283
1714  1306
1714  1325
1715  885
1715  935
1715  1078
1715  1277
1715  1289
1716  1156
1717  860
1717  867
1717  906
1717  946
1717  954
1717  1151
1717  1160
1718  1146
1719  892
1719  927
1720  872
1720  938
1720  1139
1720  1319
1721  931
1721  959
1721  1109
1721  1181
1722  1133
1723  910
1723  923
1724  946
1724  1122
1724  1159
1725  962
1725  1075
1726  899
1726  1019
1726  1154
1726  1161
1727  914
1728  892
1728  908
1728  919
1728  1148
1728  1189
1728  1200
1729  1100
1730  939
1730  1137
1730  1212
1731  923
1732  929
1732  1142
1733  934
1733  962
1733  1189
1733  1207
1735  1258
1736  943
1736  956
1737  888
1737  903
1737  916
1737  1198
1738  883
1738  934
1738  1182
1738  1191
1738  1207
1739  949
1740  919
1740  924
1740  1150
1743  913
1744  931
1744  945
1745  885
1746  889
1746  1190
1747  877
1747  1198
1747  1242
1748  906
1748  926
1750  919
1751  949
1752  913
1752  938
1753  1148
1754  886
1755  921
1757  943
1757  1172
1758  882
1758  909
1759  877
1760  921
1761  906
1762  914
1762  1173
1763  1154
1763  1202
1763  1216
1764  888
1765  924
1766  908
1768  929
1768  1037
1768  1229
1770  889
1772  1054
1773  920
1774  901
1776  914
1777  929
1779  937
1782  899
1782  931
1784  906
1786  903
1789  912
1789  1041
1790  895
1793  903
1794  912
1795  917
1795  923
1796  898
1796  1030
1797  892
1798  1045
1800  902
1802  925
1803  1032
1803  1253
1803  1264
1806  907
1808  917
1809  921
1810  891
1810  1246
1811  897
1813  906
1816  1042
1817  904
1818  893
1819  1036
1821  903
1834  901
1834  1273
1835  910
1838  1274
1839  899
1845  909
1846  883
1846  902
1847  900
1858  890
1858  908
1862  890
1862  905
1866  885
1867  907
1870  897
1880  1267
1884  1288
1889  1272
1892  1290
1896  1294
1900  1293
1906  1306
1907  1276
1909  1285
1938  1286
1951  1302