# Filename: CLN3-561nm_416_bidi_60x_011.tif
# Puncta radius (pixels): (1.3888888888888888, 1.3888888888888888)
# Puncta radius (nm): (150, 150)
# Cluster threshold (nm): 300
# Voxel size (nm): (108, 108)
Y     X
0     216
3     201
17    1939
18    212
19    238
23    1919
35    220
37    1873
53    247
55    219
55    1812
57    1803
58    270
60    238
61    1870
64    256
66    229
67    262
73    237
74    216
76    255
78    137
80    282
82    243
86    264
90    209
93    1790
95    1887
95    2047
97    205
100   1785
102   14
117   268
118   276
118   285
119   279
120   257
128   263
128   269
133   280
134   235
140   260
143   289
151   188
163   274
164   268
175   297
177   268
180   288
189   294
189   314
193   308
195   280
202   317
203   294
205   311
207   318
210   325
213   292
220   40
221   301
221   307
226   2
229   290
231   320
232   311
233   303
241   82
241   321
242   332
243   315
246   48
246   74
253   95
255   340
256   314
257   109
264   122
264   308
267   180
267   316
268   62
268   331
269   338
270   87
271   78
273   189
276   241
276   328
276   342
277   199
277   319
278   112
278   210
278   224
279   159
279   192
280   243
285   104
285   232
286   131
290   139
290   202
292   138
296   173
297   207
308   1336
346   1289
347   10
358   1306
365   6
371   22
378   1276
380   1281
389   3
389   1040
389   1270
390   8
393   1274
394   1288
397   1275
398   1051
401   15
403   1288
405   11
405   1045
405   1049
408   1041
408   1052
409   1064
415   1064
417   1044
423   1281
428   5
428   33
428   1052
432   1258
433   18
435   1059
436   4
436   1252
437   9
437   26
437   36
446   1063
446   1251
450   19
453   913
454   1060
455   1092
456   907
457   1075
461   1254
463   928
463   1093
466   932
468   941
468   947
469   1081
470   1090
470   1258
470   1269
475   921
475   1089
477   913
477   945
478   940
478   951
480   959
485   948
485   1082
485   1088
487   944
487   960
491   662
491   1104
494   968
494   1107
495   935
495   964
495   1098
497   947
499   646
499   1088
499   1098
500   950
501   961
501   1257
502   929
502   970
502   1095
502   1262
503   937
505   1107
506   963
507   647
508   931
508   975
508   1249
509   944
509   1098
510   956
511   656
511   884
511   978
512   972
512   1138
512   1252
513   938
514   949
515   930
515   1101
516   656
516   962
516   989
517   642
517   968
518   935
519   670
519   974
519   1253
520   957
520   986
520   1263
521   877
522   971
523   966
524   873
524   942
526   980
527   995
528   1153
529   965
529   1115
530   643
530   881
530   970
530   978
530   992
530   1161
531   889
531   942
531   952
531   1120
532   1102
534   987
535   971
535   1117
536   1104
537   978
537   998
538   957
538   1275
539   891
539   951
539   969
539   982
539   989
540   961
542   935
543   945
544   887
544   981
544   1151
545   973
546   956
546   994
547   1108
547   1160
548   952
548   961
548   974
548   980
549   939
549   987
549   1000
551   1294
552   937
552   948
553   1125
554   1176
555   627
555   900
555   912
555   1153
556   652
556   965
556   979
557   945
557   994
558   1296
559   905
559   910
560   639
560   1131
560   1273
561   914
562   986
563   996
563   1282
564   982
564   1126
564   1272
565   1004
565   1134
567   1171
567   1279
567   1293
569   891
569   961
569   991
569   1009
570   944
572   1290
573   949
574   890
574   941
574   962
574   996
575   624
575   1304
578   1009
579   939
579   957
580   900
581   966
581   996
582   631
582   906
585   916
585   1004
586   910
586   945
586   963
586   1011
587   1131
587   1150
588   1138
589   929
589   939
589   1002
589   1033
589   1160
589   1316
590   909
590   963
591   950
591   955
591   1020
592   1312
593   605
593   945
593   1140
596   940
596   1150
596   1202
597   955
597   1145
597   1155
598   1013
598   1321
599   907
599   933
599   1300
600   927
600   945
601   1135
602   954
602   1127
602   1210
603   619
603   965
603   1045
604   958
605   917
605   1121
606   601
606   940
606   1130
607   936
607   1158
607   1306
608   588
608   954
608   1016
608   1136
608   1153
609   1027
609   1037
609   1144
609   1285
610   928
610   946
610   1024
610   1060
610   1072
610   1169
610   1209
611   966
611   1001
612   596
612   617
612   988
612   1034
612   1160
613   914
614   1131
614   1166
614   1213
615   935
615   950
615   1020
615   1050
615   1270
617   962
617   980
617   1026
617   1066
617   1099
617   1114
617   1121
617   1194
619   1047
619   1143
620   1007
620   1181
620   1331
621   1285
622   914
622   938
622   946
622   954
622   1109
622   1113
622   1169
622   1258
622   1276
623   964
623   1196
623   1297
624   933
624   1074
624   1098
624   1106
624   1162
624   1215
625   1032
625   1154
626   1120
627   994
627   1027
627   1148
627   1169
628   959
628   1060
628   1085
628   1331
629   586
629   910
629   952
630   920
630   1138
630   1152
631   598
631   939
631   963
631   1010
631   1023
631   1116
633   932
633   1038
633   1081
634   948
634   987
634   1100
634   1163
635   580
635   925
635   1053
635   1178
637   974
637   1004
637   1088
637   1106
637   1128
637   1271
638   903
638   956
638   1148
638   1309
639   959
639   1156
639   1254
640   933
640   1194
641   1009
641   1118
641   1278
642   587
642   963
642   1060
642   1241
642   1250
643   1336
644   1128
645   969
645   1072
646   598
646   975
646   1049
647   903
647   947
647   957
647   981
647   1023
647   1182
647   1318
648   940
648   1059
648   1125
648   1137
649   935
649   951
649   991
649   1016
649   1039
649   1244
649   1270
650   1005
650   1154
650   1235
650   1240
651   1204
651   1297
652   1174
652   1224
653   942
653   1012
653   1032
653   1055
653   1068
654   549
654   939
654   963
654   1091
654   1183
654   1239
655   885
655   1037
655   1113
656   1153
656   1170
656   1244
656   1304
657   957
657   1131
658   528
658   949
658   987
658   1097
658   1123
659   1012
659   1018
660   546
660   959
660   982
660   1128
660   1297
661   1076
661   1106
661   1255
662   521
662   571
662   939
662   953
662   1069
662   1163
663   1054
663   1082
664   1096
665   782
665   948
665   963
665   1209
665   1344
666   956
666   970
666   1113
667   1270
668   576
668   951
668   1086
668   1278
669   992
669   1071
669   1367
670   798
670   937
670   1150
670   1360
671   544
671   1075
671   1103
671   1233
672   568
672   573
672   1095
673   783
673   946
673   1282
673   1340
674   587
674   774
674   795
674   967
674   1251
674   1305
675   778
675   956
675   970
676   942
676   990
676   1073
676   1237
677   517
677   1206
677   1328
678   466
678   1062
678   1107
678   1156
678   1169
679   539
679   779
679   947
679   1230
679   1289
679   1293
680   1054
680   1282
681   547
681   579
681   930
681   1046
681   1219
681   1345
682   488
682   1299
683   574
683   785
683   924
683   937
683   960
683   987
683   1031
683   1069
683   1264
684   585
684   795
684   943
684   954
684   1053
684   1088
684   1332
685   534
685   1325
686   1023
686   1373
687   463
687   471
687   506
687   556
687   1281
688   567
688   788
688   907
688   943
689   485
689   913
689   937
689   950
689   984
689   1006
689   1010
690   629
690   955
690   1050
690   1116
691   467
691   607
691   972
691   978
692   797
692   863
692   867
692   928
692   946
692   1027
692   1032
692   1046
692   1060
692   1302
692   1349
693   776
693   920
693   1018
693   1041
693   1289
693   1388
694   474
694   961
694   1279
694   1283
694   1365
695   575
695   785
695   879
695   913
695   931
695   951
695   990
695   1078
696   471
696   797
696   907
696   980
696   1355
697   867
697   899
697   1046
697   1295
698   478
698   802
698   971
698   1139
699   521
699   783
699   961
699   1007
699   1064
700   572
700   768
700   872
700   877
700   948
700   977
700   1049
701   510
701   735
701   748
701   826
701   840
701   953
701   983
701   1018
701   1068
701   1118
701   1358
701   1382
702   795
702   911
702   917
702   934
702   1058
702   1153
702   1270
702   1274
702   1352
703   533
703   549
703   728
703   744
703   967
703   988
703   1012
704   784
704   874
704   938
704   961
704   999
704   1053
704   1264
704   1343
705   594
705   627
705   721
705   761
705   766
705   824
705   905
705   980
706   795
706   844
706   865
706   919
706   1002
706   1018
706   1026
707   617
707   806
707   900
707   955
707   972
708   450
708   518
708   579
708   632
708   709
708   751
708   932
708   941
708   967
708   1031
709   739
709   978
709   1372
709   1396
710   695
710   701
710   725
710   735
710   781
710   832
710   1349
711   526
711   586
711   655
711   787
711   905
711   931
711   948
711   982
711   990
711   996
711   1048
711   1117
711   1279
712   441
712   722
712   861
712   885
712   892
712   970
712   1017
712   1083
712   1266
713   530
713   685
713   756
713   804
713   919
713   941
713   977
713   1023
713   1041
714   743
714   762
714   815
714   915
714   1033
714   1252
714   1327
715   447
715   643
715   676
715   678
715   726
715   751
715   825
715   839
715   951
715   966
715   1053
715   1173
716   697
716   787
716   803
716   867
716   873
716   883
716   925
716   1048
716   1268
717   513
717   521
717   631
717   647
717   670
717   689
717   693
717   1006
717   1177
717   1277
717   1416
718   565
718   682
718   707
718   749
718   777
718   816
718   861
718   907
718   913
718   935
718   948
718   959
718   998
718   1030
719   721
719   726
719   732
719   754
719   821
719   891
719   900
719   919
719   931
719   1045
719   1061
719   1257
719   1355
720   701
720   883
720   895
720   923
720   939
720   972
720   1319
720   1405
721   595
721   653
721   674
721   718
721   740
721   963
721   1140
722   642
722   687
722   696
722   829
723   869
722   878
722   1003
722   1035
722   1242
723   440
723   648
723   705
723   712
723   733
723   768
723   920
723   953
723   987
723   1262
723   1334
724   435
724   522
724   737
724   761
724   908
724   941
724   945
724   972
724   1008
724   1096
724   1185
724   1291
725   593
725   652
725   702
725   892
725   992
725   1047
725   1319
725   1402
726   725
726   876
726   900
726   935
726   1013
726   1025
727   773
727   905
727   955
727   961
727   983
727   1362
728   461
728   525
728   674
728   682
728   712
728   739
728   884
728   926
728   969
728   978
728   998
728   1177
729   664
729   688
729   696
729   752
729   947
729   1036
729   1049
729   1203
730   576
730   640
730   708
730   768
730   860
730   913
730   918
730   1006
730   1021
730   1073
731   597
731   651
731   658
731   719
731   778
731   835
731   902
731   984
731   1260
732   628
732   763
732   846
732   1282
732   1364
733   668
733   676
733   808
733   864
733   871
733   882
733   907
734   446
734   635
734   644
734   706
734   758
734   825
734   831
734   840
734   944
734   1054
734   1238
734   1275
735   619
735   690
735   695
735   719
735   727
735   935
735   985
735   1024
735   1299
735   1325
735   1396
736   569
736   676
736   700
736   768
736   895
736   902
736   926
736   1029
736   1345
736   1366
737   463
737   780
737   843
737   861
737   890
737   951
737   965
737   1007
737   1204
737   1259
738   663
738   683
738   711
738   773
738   847
738   935
738   947
738   1040
738   1249
738   1271
739   454
739   668
739   867
739   881
739   906
739   912
739   941
739   1279
739   1303
740   638
740   642
740   759
740   918
740   929
741   601
741   605
741   626
741   675
741   751
741   777
741   786
741   894
741   1033
741   1205
741   1289
741   1334
742   689
742   839
742   901
742   969
742   1000
742   1036
742   1230
742   1271
742   1402
743   440
743   565
743   584
743   592
743   609
743   650
743   682
743   694
743   698
743   755
743   835
743   961
743   965
743   1065
743   1179
743   1265
743   1413
744   768
744   829
744   863
744   879
744   908
745   632
745   818
745   841
745   887
745   897
745   927
745   943
745   1029
745   1173
745   1332
746   449
746   853
746   917
746   923
746   968
747   578
747   595
747   606
747   836
747   892
747   911
747   931
747   992
747   997
747   1271
747   1489
748   617
748   639
748   661
748   670
748   779
748   872
748   879
748   942
748   1018
748   1352
748   1533
748   1597
749   453
749   658
749   787
749   793
749   864
749   869
749   1038
749   1302
750   574
750   586
750   602
750   611
750   627
750   644
750   761
750   773
750   813
750   831
750   845
750   949
750   972
750   1274
751   594
751   633
751   782
751   808
751   825
751   927
751   954
751   987
751   1000
751   1187
751   1257
751   1379
752   470
752   618
752   652
752   858
752   905
752   963
752   1045
752   1358
753   852
753   942
753   979
753   1018
753   1366
753   1404
753   1527
754   589
754   801
754   822
754   838
754   867
754   890
754   1037
754   1049
754   1128
754   1234
754   1325
754   1349
754   1583
755   570
755   577
755   606
755   618
755   648
755   784
755   950
755   1007
755   1306
756   598
756   633
756   641
756   765
756   792
756   848
756   895
756   937
756   1026
756   1146
756   1271
756   1379
756   1471
757   787
757   830
757   854
757   872
757   969
757   978
757   1014
757   1277
757   1430
757   1538
758   589
758   628
758   810
758   823
758   859
758   887
758   930
758   957
758   1037
758   1047
758   1082
758   1240
758   1405
758   1528
758   1626
759   455
759   562
759   603
759   637
759   774
759   815
759   1018
759   1024
759   1033
759   1425
759   1519
760   439
760   582
760   803
760   863
760   879
760   993
760   999
760   1252
760   1265
760   1557
760   1569
761   555
761   617
761   807
761   820
761   846
761   934
761   939
761   975
761   1005
761   1057
761   1148
761   1229
761   1458
762   549
762   575
762   610
762   622
762   830
762   875
762   1073
762   1257
762   1284
762   1345
762   1386
762   1530
762   1609
763   434
763   599
763   634
763   792
763   860
763   1091
763   1365
764   543
764   581
764   871
764   957
764   985
764   1020
764   1044
764   1051
764   1066
764   1381
764   1479
764   1490
764   1524
764   1543
765   595
765   627
765   769
765   815
765   838
765   845
765   853
765   944
765   969
765   1278
766   587
766   775
766   810
766   826
766   1009
766   1040
766   1436
766   1578
767   781
767   797
767   803
767   1029
768   551
768   571
768   616
768   859
768   1060
768   1079
769   541
769   561
769   565
769   598
769   611
769   788
769   812
769   839
769   958
769   978
769   997
769   1252
769   1571
770   534
770   586
770   771
770   798
770   834
770   947
770   970
770   1006
770   1290
770   1429
771   578
771   783
771   808
771   844
771   1018
771   1038
771   1392
771   1523
772   827
772   966
772   974
772   1025
772   1073
772   1452
772   1560
772   1613
772   1628
773   547
773   583
773   1031
773   1087
773   1159
773   1460
773   1507
774   462
774   530
774   558
774   594
774   776
774   812
774   814
774   918
774   1054
774   1060
774   1192
774   1501
775   980
775   1220
776   573
776   794
776   820
776   1004
776   1048
776   1081
776   1271
776   1362
776   1385
777   535
777   541
777   567
777   834
777   851
777   858
777   1022
777   1095
777   1172
778   456
778   466
778   784
778   1011
778   1029
778   1507
778   1516
778   1534
779   577
779   770
779   791
779   827
779   969
779   1090
779   1266
779   1580
780   526
780   554
780   580
780   802
780   809
780   1055
780   1115
780   1164
780   1523
781   437
781   563
781   781
781   786
781   813
781   851
781   1035
781   1041
781   1068
781   1374
781   1483
782   520
782   533
782   573
782   936
782   1103
782   1108
782   1283
782   1415
783   453
783   546
783   795
783   930
783   949
783   954
783   1092
783   1506
784   609
784   807
784   971
784   1057
784   1099
784   1249
784   1407
784   1491
784   1531
785   563
785   771
785   787
785   818
785   958
785   1453
785   1552
786   525
786   540
786   558
786   798
786   812
786   1072
786   1182
786   1434
787   531
787   591
787   596
787   869
787   1210
787   1271
787   1337
787   1362
787   1373
789   459
789   779
789   789
789   844
789   855
789   1059
789   1120
789   1251
789   1278
790   521
790   798
790   815
790   1094
790   1160
790   1165
790   1186
790   1285
790   1301
790   1380
790   1451
790   1531
791   775
791   785
791   806
791   1067
791   1104
791   1109
791   1485
791   1514
791   1519
792   540
792   811
792   968
792   1054
792   1114
792   1245
792   1401
792   1419
793   544
793   761
793   971
793   1001
793   1058
793   1098
793   1186
793   1264
793   1360
793   1391
794   527
794   765
794   843
794   1037
794   1218
794   1434
794   1460
794   1478
795   473
795   769
795   779
795   939
795   1190
796   827
796   1102
796   1182
796   1275
796   1380
797   612
797   798
797   823
797   846
797   1031
797   1055
797   1239
797   1268
797   1499
798   786
798   805
798   875
798   1045
798   1062
798   1310
799   832
799   955
799   1082
799   1242
799   1296
799   1349
799   1528
800   782
800   837
800   851
800   949
800   960
800   1090
800   1258
800   1288
800   1379
800   1382
800   1481
800   1495
801   755
801   777
801   1074
801   1099
801   1111
801   1271
802   762
802   789
802   800
802   818
802   926
802   977
802   1028
802   1059
802   1103
802   1231
802   1320
802   1359
803   852
803   1194
803   1413
803   1417
804   456
804   473
804   796
804   821
804   872
804   960
804   1076
804   1277
805   768
805   788
805   940
805   986
805   1121
805   1326
806   933
806   943
806   972
806   1054
806   1097
806   1272
806   1375
806   1447
807   776
807   954
807   1016
807   1043
807   1061
807   1075
807   1399
807   1465
808   763
808   989
808   1009
808   1266
808   1336
808   1452
809   747
809   792
809   858
809   1216
810   781
810   1035
810   1101
811   968
811   1134
811   1280
812   750
812   1050
812   1078
812   1107
812   1209
812   1221
812   1508
813   578
813   760
813   865
813   952
813   960
813   1013
813   1023
813   1123
813   1415
814   463
814   477
814   1497
815   741
815   764
815   768
815   782
815   786
815   988
815   1055
815   1067
815   1117
815   1131
815   1286
815   1295
815   1308
815   1320
816   774
816   880
816   1073
816   1314
816   1394
816   1463
817   747
817   754
817   949
817   980
817   1111
817   1146
817   1332
817   1487
818   945
818   963
818   991
818   1016
818   1022
818   1043
818   1048
818   1289
818   1470
819   1011
819   1032
819   1522
820   769
820   774
820   975
820   1054
820   1096
820   1133
820   1298
820   1342
821   744
821   884
821   1026
821   1060
821   1115
821   1226
821   1236
822   727
822   869
822   950
822   960
822   1100
822   1348
822   1372
822   1511
823   813
823   992
823   1036
823   1044
823   1052
823   1067
823   1074
823   1119
824   763
824   776
824   863
824   875
824   1020
824   1180
824   1292
824   1426
825   459
825   720
825   751
825   981
825   1314
825   1329
826   610
826   625
826   734
826   744
826   859
826   944
826   1003
826   1012
826   1078
827   758
827   782
827   872
827   881
827   973
827   1070
827   1283
827   1323
827   1344
827   1455
828   768
828   915
828   1015
828   1018
828   1266
828   1440
829   618
829   775
829   932
829   947
829   1045
829   1139
829   1493
829   1502
830   464
830   745
830   890
830   944
830   1382
831   755
831   766
831   860
831   911
831   1064
831   1083
831   1101
831   1313
831   1489
832   749
832   761
832   883
832   1024
832   1033
832   1096
832   1454
833   927
833   1058
833   1073
833   1287
833   1317
833   1341
834   772
834   956
834   996
834   1068
834   1078
835   467
835   739
835   1300
835   1326
836   866
836   875
836   883
836   1026
836   1040
836   1047
836   1054
836   1119
836   1336
836   1443
837   745
837   765
837   889
837   968
837   1074
837   1125
837   1145
837   1165
837   1244
837   1330
837   1511
838   734
838   752
838   896
838   992
838   997
838   1078
838   1101
838   1313
838   1342
838   1375
838   1500
838   1516
839   472
839   786
839   961
839   1003
839   1069
839   1084
839   1188
839   1221
839   1319
840   486
840   599
840   755
840   884
840   988
840   1035
840   1062
840   1108
840   1363
840   1400
840   1474
840   1544
841   656
841   721
841   768
841   859
841   1117
841   1135
841   1154
842   480
842   923
842   981
842   1010
842   1235
842   1293
842   1323
842   1383
843   870
843   974
843   985
843   1024
843   1039
843   1044
843   1073
843   1159
843   1245
844   732
844   897
844   1088
844   1181
844   1279
844   1520
844   1535
845   747
845   753
845   765
845   918
845   977
845   1028
845   1055
845   1172
845   1189
845   1315
845   1385
846   483
846   713
846   863
846   1271
846   1290
846   1511
847   487
847   598
847   721
847   868
847   931
847   1049
847   1094
847   1114
847   1151
847   1411
847   1549
848   725
848   738
848   757
848   947
848   955
848   991
848   996
848   1350
849   657
849   1044
849   1157
849   1199
849   1325
850   753
850   860
850   898
850   915
850   971
850   1080
850   1186
850   1299
850   1303
850   1444
850   1497
850   1546
851   706
851   710
851   727
851   889
851   1243
851   1509
852   717
852   922
852   961
852   986
852   1020
852   1026
852   1159
852   1173
852   1335
853   978
853   1006
853   1062
853   1091
853   1121
853   1125
853   1144
853   1447
853   1472
853   1476
853   1481
853   1557
854   707
854   886
854   1036
854   1040
854   1075
854   1193
854   1276
854   1390
854   1461
855   740
855   748
855   855
855   877
855   904
855   948
855   967
855   998
855   1069
855   1342
855   1351
856   492
856   594
856   710
856   754
856   927
856   940
856   955
856   991
856   1053
856   1063
856   1082
856   1203
856   1283
857   726
857   732
857   900
857   1023
857   1141
857   1492
858   704
858   844
858   849
858   1046
858   1099
858   1110
858   1158
858   1453
859   913
859   977
859   1018
859   1042
859   1057
859   1078
859   1164
859   1552
860   584
860   701
860   739
860   921
860   949
860   1074
860   1126
860   1314
860   1368
860   1570
861   713
861   897
861   907
861   985
861   1022
861   1318
862   685
862   747
862   826
862   1009
862   1027
862   1097
862   1118
862   1175
862   1188
862   1447
863   836
863   881
863   999
863   1053
863   1157
863   1204
863   1380
864   877
864   923
864   931
864   968
864   1038
864   1048
864   1060
864   1122
864   1285
864   1308
864   1471
864   1560
865   696
865   726
865   905
865   963
865   982
865   1152
865   1217
865   1413
865   1457
865   1522
866   488
866   495
866   584
866   714
866   891
866   1086
866   1090
866   1105
866   1316
867   707
867   886
867   896
867   937
867   993
867   1073
867   1179
867   1347
867   1421
867   1491
868   738
868   767
868   822
868   974
868   1020
868   1044
868   1095
868   1401
869   475
869   730
869   759
869   1013
869   1031
869   1059
869   1083
869   1117
869   1176
869   1328
869   1447
870   516
870   717
870   864
870   876
870   925
870   953
870   981
870   1140
870   1180
870   1289
870   1341
870   1549
871   1039
871   1077
871   1135
871   1147
871   1168
871   1189
871   1277
871   1302
871   1573
872   744
872   823
872   885
872   942
872   1004
872   1051
872   1057
872   1106
872   1160
872   1439
872   1543
873   497
873   777
873   938
873   977
873   1023
873   1046
873   1062
873   1152
873   1258
874   598
874   693
874   813
874   857
874   946
874   986
874   1174
874   1312
875   487
875   699
875   889
875   1450
875   1480
876   497
876   723
876   729
876   845
876   928
876   975
876   1079
876   1142
876   1335
876   1375
877   902
877   1069
877   1117
877   1131
877   1168
877   1203
877   1522
878   707
878   716
878   749
878   965
878   993
878   1038
878   1066
878   1181
878   1294
878   1432
878   1498
879   508
879   755
879   826
879   881
879   932
879   1146
879   1173
879   1198
879   1328
879   1352
880   696
880   851
880   1031
880   1163
880   1208
880   1422
880   1537
880   1561
881   690
881   738
881   770
881   897
881   1012
881   1112
881   1116
881   1139
882   721
882   921
882   930
882   962
882   987
882   1005
882   1089
882   1104
882   1167
882   1362
882   1433
883   520
883   596
883   710
883   784
883   836
883   840
883   904
883   917
883   933
883   949
883   1196
883   1201
884   682
884   694
884   804
884   867
884   891
884   926
884   1001
884   1122
884   1314
885   1133
885   1143
885   1299
886   704
886   995
886   1037
886   1074
886   1085
886   1373
887   492
887   535
887   700
887   824
887   830
887   900
887   987
887   1096
887   1186
887   1210
887   1335
887   1448
888   708
888   792
888   860
888   946
888   1081
888   1108
888   1199
888   1206
888   1213
888   1259
889   688
889   718
889   744
889   907
889   1000
889   1010
889   1064
889   1068
889   1077
889   1089
889   1178
889   1263
889   1359
889   1433
889   1460
890   684
890   757
890   808
890   910
890   914
890   949
890   973
890   1029
890   1145
890   1154
890   1310
890   1484
891   703
891   800
891   853
891   864
891   883
891   919
891   993
891   1024
891   1107
891   1126
891   1184
892   693
892   786
892   961
892   1061
892   1193
892   1315
893   698
893   709
893   790
893   796
893   872
893   966
893   1067
893   1177
893   1223
893   1267
893   1518
894   829
894   987
894   1080
894   1090
894   1392
894   1454
894   1480
894   1514
895   752
895   820
895   910
895   994
895   1035
895   1135
895   1182
895   1343
896   519
896   760
896   803
896   877
896   1027
896   1159
896   1215
896   1429
896   1463
897   673
897   684
897   923
897   943
897   999
897   1197
897   1299
897   1406
898   536
898   699
898   882
898   950
898   1007
898   1039
898   1091
898   1189
898   1206
899   507
899   704
899   774
899   826
899   850
899   1034
899   1096
899   1173
900   513
900   528
900   691
900   816
900   846
900   865
900   958
900   1049
900   1082
900   1296
900   1308
900   1443
900   1460
901   789
901   967
901   1014
901   1452
901   1486
902   795
902   829
902   988
902   1108
902   1169
902   1191
902   1210
902   1336
903   742
903   823
903   884
903   899
903   925
903   1019
903   1046
903   1161
903   1182
903   1231
903   1244
904   679
904   701
904   765
904   775
904   893
904   1024
904   1175
904   1187
904   1214
904   1341
904   1480
905   517
905   815
905   955
905   1201
905   1263
905   1268
905   1300
905   1330
905   1417
905   1461
906   546
906   692
906   787
906   931
906   1002
906   1090
906   1137
906   1393
907   672
907   751
907   887
907   1051
907   1085
907   1319
907   1337
908   765
908   794
908   881
908   918
908   1037
908   1078
908   1098
908   1120
908   1159
908   1186
908   1213
908   1224
908   1242
908   1255
908   1400
909   739
909   772
909   831
909   1017
909   1069
909   1109
909   1148
909   1171
909   1201
909   1237
909   1246
909   1271
909   1301
910   537
910   689
910   806
910   859
910   937
910   942
910   949
910   1134
910   1325
911   517
911   702
911   811
911   969
911   1010
911   1195
911   1264
911   1345
912   675
912   734
912   790
912   820
912   852
912   1022
912   1053
912   1101
912   1151
912   1177
912   1214
912   1227
912   1243
912   1313
912   1411
913   521
913   756
913   785
913   959
913   1033
913   1098
913   1162
913   1182
913   1204
913   1440
913   1460
914   881
914   898
914   971
914   1045
914   1168
914   1210
914   1247
914   1395
914   1420
914   1476
915   780
915   833
915   893
915   929
915   1174
915   1401
916   720
916   768
916   846
916   861
916   1005
916   1019
916   1067
916   1192
916   1224
916   1235
916   1257
916   1390
916   1449
917   694
917   925
917   937
917   947
917   964
917   1010
917   1027
917   1041
917   1115
918   675
918   728
918   921
918   930
918   1124
918   1180
918   1251
918   1312
919   800
919   851
919   882
919   889
919   898
919   909
919   973
919   992
919   1081
919   1155
919   1267
919   1272
919   1318
919   1380
920   761
920   873
920   955
920   1073
920   1099
920   1104
920   1192
920   1200
920   1403
921   669
921   724
921   754
921   772
921   785
921   831
921   905
921   968
921   1017
921   1042
921   1091
921   1110
921   1135
921   1167
921   1206
921   1209
921   1236
921   1259
921   1407
921   1443
921   1453
921   1480
921   1538
922   738
922   808
922   926
922   1146
922   1215
922   1396
922   1534
923   659
923   674
923   730
923   747
923   813
923   886
923   1020
923   1028
923   1088
923   1141
923   1162
923   1223
923   1243
924   911
924   998
924   1120
924   1258
924   1302
924   1322
924   1471
924   1479
925   527
925   688
925   845
925   861
925   1050
925   1115
925   1205
925   1392
925   1453
925   1463
926   766
926   840
926   852
926   900
926   923
926   1103
926   1160
926   1178
926   1191
926   1213
926   1238
926   1406
926   1493
927   603
927   708
927   735
927   907
927   948
927   997
927   1015
927   1029
927   1047
927   1274
928   713
928   744
928   757
928   811
928   867
928   930
928   960
928   1009
928   1024
928   1134
928   1223
928   1334
929   955
929   970
929   975
929   1060
929   1173
929   1392
929   1477
930   678
930   892
930   1053
930   1073
930   1110
930   1127
930   1255
930   1286
930   1456
931   814
931   820
931   1039
931   1138
931   1191
931   1228
931   1280
931   1302
931   1408
931   1468
932   533
932   574
932   689
932   737
932   758
932   801
932   856
932   861
932   903
932   921
932   927
932   941
932   988
932   1090
932   1261
932   1377
933   667
933   717
933   724
933   844
933   1144
933   1150
933   1202
933   1243
933   1344
933   1398
933   1429
933   1533
934   620
934   838
934   917
934   955
934   981
934   1012
934   1022
934   1030
934   1068
934   1082
934   1120
934   1274
934   1391
935   652
935   1055
935   1196
935   1209
935   1218
935   1249
935   1387
936   614
936   680
936   732
936   751
936   1003
936   1157
936   1397
936   1405
937   775
937   878
937   913
937   943
937   951
937   987
937   991
937   1092
937   1222
937   1284
937   1485
938   905
938   922
938   960
938   1015
938   1082
938   1116
938   1202
938   1212
938   1381
939   548
939   594
939   716
939   895
939   996
939   1022
939   1070
939   1244
939   1328
940   607
940   901
940   917
940   977
940   1045
940   1181
940   1237
940   1304
940   1374
940   1412
940   1420
941   661
941   707
941   729
941   1280
942   679
942   875
942   941
942   949
942   964
942   1030
942   1062
942   1140
942   1157
942   1252
942   1399
943   806
943   911
943   927
943   999
943   1106
943   1176
943   1390
944   646
944   671
944   862
944   1191
944   1226
945   563
945   1050
945   1055
945   1127
945   1199
945   1212
945   1219
945   1243
945   1282
945   1300
945   1375
945   1406
945   1487
946   551
946   656
946   757
946   878
946   978
946   1018
946   1098
946   1236
946   1393
947   802
947   889
947   933
947   939
947   968
947   1151
947   1260
947   1402
948   675
948   713
948   720
948   734
948   851
948   873
948   905
948   996
948   1083
948   1139
948   1175
948   1383
949   571
949   668
949   912
949   918
949   1002
949   1075
949   1105
949   1179
949   1227
949   1243
950   650
950   663
950   993
950   1131
950   1190
950   1220
950   1247
950   1277
951   646
951   796
951   1030
951   1063
951   1263
951   1403
952   656
952   742
952   754
952   898
952   932
952   983
952   1006
952   1136
952   1163
952   1269
952   1356
953   615
953   629
953   697
953   872
953   907
953   990
953   1016
953   1024
953   1059
953   1070
953   1156
953   1194
953   1298
953   1396
953   1474
953   1478
953   1490
954   610
954   671
954   675
954   821
954   941
954   1150
954   1217
954   1224
954   1245
954   1421
954   1470
955   828
955   845
955   1076
955   1144
955   1182
955   1213
956   659
956   868
956   885
956   1003
956   1229
956   1234
956   1407
956   1410
957   931
957   1010
957   1052
957   1119
957   1137
957   1165
957   1171
957   1190
957   1198
957   1257
957   1394
958   650
958   725
958   833
958   948
958   970
958   1033
958   1044
958   1057
958   1382
958   1403
959   670
959   824
959   853
959   859
959   893
959   952
959   1019
959   1248
959   1420
960   608
960   879
960   936
960   979
960   991
960   1126
960   1161
960   1253
960   1264
960   1482
961   985
961   1201
961   1259
961   1273
961   1411
962   638
962   708
962   900
962   1074
962   1169
962   1269
962   1388
962   1397
963   594
963   727
963   817
963   996
963   1013
963   1031
963   1049
963   1106
963   1143
963   1215
963   1241
963   1294
964   647
964   712
964   867
964   891
964   1021
964   1227
964   1236
964   1393
964   1405
964   1417
965   836
965   917
965   931
965   1113
965   1154
965   1198
965   1202
965   1222
965   1260
965   1399
965   1429
966   654
966   708
966   855
966   861
966   909
966   963
966   971
966   1037
966   1053
966   1184
966   1480
967   921
967   1299
967   1422
967   1446
968   637
968   665
968   717
968   789
968   904
968   916
968   1001
968   1138
968   1265
968   1411
968   1435
969   582
969   801
969   892
969   1117
969   1146
969   1192
969   1231
969   1415
969   1467
970   870
970   888
970   996
970   1022
970   1212
970   1235
970   1245
970   1346
970   1393
971   630
971   637
971   700
971   748
971   785
971   897
971   949
971   971
971   978
971   989
971   1010
971   1018
971   1041
971   1049
971   1053
971   1253
971   1264
971   1287
971   1397
971   1407
971   1455
972   706
972   794
972   941
972   1060
972   1112
972   1129
972   1445
972   1487
973   984
973   1139
973   1175
973   1218
973   1248
973   1347
973   1429
973   1436
973   1483
974   649
974   681
974   806
974   838
974   861
974   890
974   917
974   954
974   961
974   1158
974   1191
974   1205
974   1234
974   1358
974   1417
975   645
975   905
975   978
975   1123
975   1229
975   1242
975   1284
976   612
976   775
976   845
976   853
976   926
976   1090
976   1104
976   1113
976   1167
976   1249
976   1271
976   1327
976   1403
976   1421
977   821
977   877
977   881
977   887
977   949
977   1055
977   1289
977   1471
978   676
978   733
978   770
978   830
978   974
978   999
978   1012
978   1044
978   1048
978   1346
978   1366
978   1390
979   642
979   814
979   898
979   1034
979   1039
979   1066
979   1117
979   1138
979   1220
979   1224
979   1245
979   1296
979   1341
979   1434
980   716
980   760
980   776
980   980
980   986
980   1028
980   1104
980   1129
980   1146
980   1269
980   1322
980   1369
980   1413
980   1481
981   821
981   918
981   930
981   1005
981   1284
981   1462
982   632
982   839
982   844
982   895
982   904
982   1000
982   1054
982   1071
982   1157
982   1208
982   1427
983   587
983   765
983   859
983   891
983   914
983   934
983   1017
983   1169
983   1197
983   1229
983   1263
983   1348
983   1405
984   649
984   818
984   880
984   910
984   1041
984   1049
984   1111
984   1141
984   1154
984   1256
984   1298
984   1320
984   1398
984   1409
984   1416
984   1421
985   630
985   772
985   790
985   795
985   810
985   828
985   925
985   943
985   951
985   1004
985   1135
985   1160
985   1367
986   652
986   727
986   754
986   983
986   1187
986   1192
986   1199
986   1205
986   1219
986   1247
986   1277
986   1306
986   1329
986   1371
986   1427
986   1464
987   748
987   786
987   1055
987   1060
987   1103
987   1339
987   1384
987   1442
987   1448
987   1505
988   833
988   847
988   856
988   888
988   931
988   1013
988   1168
988   1240
988   1321
988   1396
989   731
989   782
989   870
989   898
989   1037
989   1217
989   1266
989   1283
989   1293
989   1404
990   707
990   721
990   799
990   820
990   937
990   951
990   1210
990   1426
991   716
991   760
991   884
991   921
991   956
991   983
991   1309
991   1327
991   1335
992   833
992   880
992   1032
992   1120
992   1144
992   1259
992   1449
993   618
993   764
993   772
993   998
993   1023
993   1061
993   1151
993   1155
993   1196
993   1205
993   1384
993   1410
994   701
994   723
994   863
994   1015
994   1045
994   1133
994   1296
994   1348
994   1363
994   1388
994   1438
994   1446
995   818
995   860
995   929
995   947
995   962
995   1006
995   1190
995   1210
995   1240
995   1247
995   1282
995   1319
995   1430
996   640
996   825
996   918
996   1010
996   1068
996   1223
996   1374
996   1456
996   1484
997   635
997   729
997   790
997   845
997   871
997   878
997   989
997   1228
997   1369
997   1401
997   1417
997   1422
998   855
998   969
998   996
998   1016
998   1057
998   1145
998   1294
998   1342
998   1355
998   1392
999   614
999   1038
999   1062
999   1113
999   1190
999   1236
999   1306
999   1327
1000  784
1000  894
1000  904
1000  1221
1000  1285
1000  1384
1000  1429
1001  713
1001  809
1001  840
1001  931
1001  1132
1001  1155
1001  1161
1001  1216
1001  1290
1001  1494
1002  657
1002  758
1002  884
1002  922
1002  951
1002  956
1002  960
1002  1008
1002  1050
1002  1071
1002  1312
1003  739
1003  749
1003  844
1003  1063
1003  1117
1003  1192
1003  1264
1003  1268
1003  1300
1003  1417
1003  1434
1004  620
1004  772
1004  797
1004  847
1004  896
1004  936
1004  971
1004  982
1004  1031
1004  1039
1004  1131
1004  1138
1004  1281
1004  1365
1004  1387
1004  1403
1004  1449
1005  837
1005  867
1005  988
1005  1161
1005  1221
1005  1273
1005  1347
1005  1376
1005  1421
1005  1427
1006  626
1006  723
1006  735
1006  788
1006  874
1006  913
1006  930
1006  1004
1006  1091
1006  1124
1006  1357
1006  1453
1007  609
1007  633
1007  769
1007  783
1007  856
1007  1012
1007  1021
1007  1044
1007  1251
1007  1324
1007  1330
1008  706
1008  851
1008  884
1008  1017
1008  1041
1008  1068
1008  1175
1008  1308
1008  1360
1008  1397
1008  1411
1008  1461
1008  1467
1009  793
1009  880
1009  902
1009  954
1009  964
1009  972
1009  985
1009  995
1009  1026
1009  1053
1009  1156
1009  1165
1010  700
1010  745
1010  877
1010  919
1010  1035
1010  1056
1010  1103
1010  1115
1010  1152
1010  1188
1010  1268
1010  1364
1010  1438
1010  1449
1011  872
1011  883
1011  1006
1011  1082
1011  1133
1012  613
1012  765
1012  868
1012  1068
1012  1098
1012  1119
1012  1210
1012  1236
1012  1259
1012  1264
1012  1343
1012  1387
1012  1456
1013  668
1013  782
1013  937
1013  945
1013  951
1013  958
1013  997
1013  1012
1013  1027
1013  1032
1013  1063
1013  1163
1013  1167
1013  1179
1013  1196
1013  1202
1013  1282
1013  1296
1013  1420
1013  1427
1013  1445
1014  713
1014  740
1014  932
1014  1019
1014  1089
1014  1127
1014  1148
1014  1241
1014  1367
1014  1396
1014  1402
1014  1450
1014  1495
1015  848
1015  911
1015  973
1015  987
1015  1058
1015  1141
1015  1413
1016  881
1016  899
1016  924
1016  993
1016  1038
1016  1076
1016  1079
1016  1153
1016  1409
1016  1457
1017  565
1017  719
1017  749
1017  788
1017  794
1017  807
1017  865
1017  876
1017  885
1017  954
1017  1011
1017  1065
1017  1104
1017  1179
1017  1185
1017  1233
1017  1428
1018  625
1018  708
1018  813
1018  892
1018  920
1018  1017
1018  1023
1018  1109
1018  1117
1018  1137
1018  1215
1018  1247
1018  1276
1018  1406
1018  1438
1018  1462
1019  843
1019  870
1019  929
1019  967
1019  988
1019  1033
1019  1059
1019  1145
1019  1451
1020  714
1020  802
1020  934
1020  961
1020  1004
1020  1071
1020  1084
1020  1124
1020  1168
1020  1198
1020  1202
1020  1389
1021  783
1021  822
1021  880
1021  905
1021  1028
1021  1079
1021  1093
1021  1140
1021  1192
1021  1412
1021  1421
1021  1435
1021  1440
1022  773
1022  848
1022  951
1022  1040
1022  1050
1022  1161
1022  1228
1022  1400
1022  1425
1022  1448
1023  645
1023  710
1023  922
1023  936
1023  956
1023  985
1023  1024
1023  1044
1023  1107
1023  1132
1023  1174
1023  1455
1023  1461
1024  721
1024  787
1024  792
1024  866
1024  1073
1024  1117
1024  1149
1024  1203
1024  1383
1025  614
1025  636
1025  663
1025  696
1025  805
1025  844
1025  890
1025  1187
1025  1241
1025  1258
1026  756
1026  907
1026  1008
1026  1070
1026  1138
1026  1144
1026  1178
1026  1192
1026  1433
1027  325
1027  556
1027  678
1027  785
1027  952
1027  1015
1027  1019
1027  1157
1027  1169
1027  1227
1027  1270
1027  1413
1027  1437
1027  1454
1028  683
1028  857
1028  875
1028  944
1028  973
1028  994
1028  1161
1028  1235
1028  1291
1028  1299
1028  1422
1028  1429
1028  1449
1029  647
1029  738
1029  780
1029  919
1029  983
1029  1002
1029  1039
1029  1083
1029  1174
1030  324
1030  886
1030  894
1030  969
1030  1129
1030  1239
1030  1410
1030  1418
1030  1464
1031  733
1031  751
1031  794
1031  872
1031  924
1031  954
1031  988
1031  1029
1031  1063
1031  1202
1031  1250
1031  1414
1031  1426
1032  721
1032  759
1032  1070
1032  1087
1032  1118
1032  1141
1032  1181
1032  1186
1032  1198
1032  1304
1032  1429
1032  1435
1033  712
1033  762
1033  997
1033  1046
1033  1051
1033  1164
1033  1207
1033  1299
1033  1456
1034  726
1034  771
1034  784
1034  804
1034  1021
1034  1036
1034  1083
1034  1145
1034  1160
1034  1283
1034  1444
1035  704
1035  794
1035  842
1035  929
1035  972
1035  978
1035  1122
1035  1176
1035  1221
1035  1253
1035  1265
1035  1290
1035  1426
1035  1435
1036  883
1036  892
1036  1066
1036  1071
1036  1115
1036  1139
1036  1212
1037  385
1037  656
1037  700
1037  741
1037  746
1037  776
1037  1028
1037  1093
1037  1192
1037  1204
1037  1296
1037  1409
1037  1422
1038  328
1038  728
1038  763
1038  811
1038  954
1038  1088
1038  1173
1038  1226
1038  1445
1039  368
1039  379
1039  695
1039  824
1039  903
1039  931
1039  942
1039  968
1039  1102
1039  1125
1039  1157
1039  1168
1039  1325
1039  1434
1040  410
1040  600
1040  742
1040  801
1040  839
1040  873
1040  889
1040  987
1040  998
1040  1004
1040  1008
1040  1019
1040  1060
1040  1096
1040  1187
1040  1417
1040  1455
1041  789
1041  981
1041  1068
1041  1184
1041  1218
1041  1270
1041  1438
1042  676
1042  718
1042  770
1042  784
1042  807
1042  912
1042  973
1042  1031
1042  1144
1042  1153
1042  1421
1043  754
1043  761
1043  795
1043  848
1043  853
1043  879
1043  1052
1043  1150
1043  1174
1043  1239
1043  1264
1043  1282
1043  1451
1043  1457
1044  337
1044  633
1044  822
1044  1065
1044  1249
1044  1430
1045  383
1045  744
1045  890
1045  946
1045  1060
1045  1135
1045  1162
1045  1191
1045  1422
1046  331
1046  720
1046  815
1046  865
1046  953
1046  967
1046  973
1046  988
1046  997
1046  1112
1046  1123
1046  1129
1046  1195
1046  1302
1046  1437
1047  396
1047  625
1047  775
1047  897
1047  1027
1047  1037
1047  1086
1047  1092
1047  1117
1047  1146
1047  1157
1047  1186
1047  1202
1048  917
1048  1009
1048  1078
1048  1206
1048  1222
1048  1233
1048  1246
1049  645
1049  677
1049  748
1049  755
1049  847
1049  860
1049  887
1049  928
1049  1031
1049  1172
1049  1216
1049  1272
1049  1329
1050  433
1050  611
1050  767
1050  828
1050  837
1050  882
1050  950
1050  995
1050  1015
1050  1023
1050  1142
1050  1182
1050  1305
1050  1313
1050  1429
1051  399
1051  744
1051  811
1051  856
1051  1003
1051  1068
1051  1193
1051  1423
1051  1435
1051  1448
1052  350
1052  627
1052  1053
1052  1060
1052  1087
1052  1106
1052  1329
1052  1400
1052  1462
1053  785
1053  797
1053  818
1053  845
1053  862
1053  866
1053  933
1053  1010
1053  1083
1053  1244
1053  1324
1053  1442
1054  638
1054  711
1054  763
1054  827
1054  835
1054  895
1054  914
1054  938
1054  984
1054  1094
1054  1126
1054  1153
1054  1185
1054  1318
1054  1428
1054  1455
1055  730
1055  781
1055  859
1055  1035
1055  1072
1055  1160
1055  1174
1055  1221
1055  1435
1056  408
1056  444
1056  623
1056  738
1056  793
1056  843
1056  849
1056  955
1056  969
1056  992
1056  1132
1056  1192
1056  1200
1056  1207
1056  1301
1056  1313
1056  1387
1056  1421
1056  1452
1057  365
1057  552
1057  785
1057  828
1057  902
1057  1028
1057  1102
1057  1121
1057  1344
1058  556
1058  754
1058  764
1058  804
1058  854
1058  1014
1058  1067
1058  1079
1058  1135
1058  1231
1058  1278
1059  630
1059  861
1059  867
1059  1004
1059  1055
1059  1141
1059  1148
1059  1155
1059  1170
1060  935
1060  940
1060  980
1060  999
1060  1175
1060  1190
1060  1255
1060  1274
1061  392
1061  704
1061  760
1061  864
1061  880
1061  912
1061  1127
1061  1331
1061  1481
1062  780
1062  817
1062  897
1062  993
1062  1022
1062  1037
1062  1047
1062  1099
1062  1209
1062  1218
1062  1250
1062  1314
1063  420
1063  451
1063  586
1063  650
1063  728
1063  741
1063  748
1063  805
1063  836
1063  968
1063  1010
1063  1080
1063  1154
1063  1183
1063  1202
1063  1243
1063  1412
1064  404
1064  559
1064  642
1064  783
1064  853
1064  1001
1064  1030
1064  1065
1064  1073
1064  1132
1064  1161
1064  1272
1064  1277
1064  1456
1064  1469
1065  375
1065  412
1065  764
1065  823
1065  832
1065  844
1065  944
1065  1035
1065  1050
1065  1058
1065  1094
1065  1107
1066  818
1066  869
1066  940
1066  953
1066  1112
1066  1120
1066  1221
1066  1266
1066  1321
1066  1346
1066  1465
1066  1474
1067  452
1067  593
1067  684
1067  699
1067  710
1067  784
1067  847
1067  858
1067  899
1067  998
1067  1015
1067  1079
1067  1089
1067  1191
1067  1210
1067  1482
1067  1491
1068  467
1068  546
1068  738
1068  799
1068  812
1068  914
1068  1075
1068  1177
1068  1217
1068  1235
1068  1240
1068  1272
1069  485
1069  665
1069  716
1069  729
1069  771
1069  794
1069  808
1069  843
1069  1042
1069  1070
1069  1099
1069  1145
1069  1180
1069  1313
1069  1485
1070  447
1070  519
1070  854
1070  961
1070  1052
1070  1203
1070  1223
1070  1251
1070  1300
1070  1345
1070  1468
1071  505
1071  528
1071  790
1071  836
1071  870
1071  953
1071  1005
1071  1125
1071  1259
1072  746
1072  828
1072  947
1072  977
1072  984
1072  1011
1072  1020
1072  1048
1072  1161
1072  1410
1072  1433
1072  1462
1073  775
1073  798
1073  810
1073  860
1073  1087
1073  1094
1073  1100
1073  1488
1074  417
1074  495
1074  590
1074  673
1074  716
1074  730
1074  801
1074  880
1074  968
1074  992
1074  1029
1074  1038
1074  1044
1074  1069
1074  1140
1074  1297
1074  1334
1074  1456
1074  1475
1075  451
1075  721
1075  770
1075  782
1075  866
1075  887
1075  1023
1075  1123
1075  1200
1075  1213
1075  1237
1075  1245
1075  1264
1075  1272
1075  1481
1076  706
1076  814
1076  830
1076  891
1076  950
1076  981
1076  1117
1076  1318
1076  1470
1076  1489
1076  1496
1077  464
1077  487
1077  502
1077  552
1077  857
1077  1107
1077  1451
1078  436
1078  844
1078  848
1078  874
1078  935
1078  1079
1078  1085
1078  1128
1078  1166
1078  1223
1078  1242
1078  1282
1079  449
1079  468
1079  688
1079  817
1079  834
1079  1051
1079  1064
1079  1161
1079  1229
1080  517
1080  640
1080  649
1080  700
1080  708
1080  715
1080  726
1080  768
1080  781
1080  898
1080  904
1080  960
1080  988
1080  1000
1080  1173
1080  1207
1080  1233
1080  1249
1080  1260
1080  1476
1080  1499
1081  474
1081  539
1081  546
1081  791
1081  841
1081  1006
1081  1014
1081  1152
1081  1455
1081  1464
1082  456
1082  741
1082  750
1082  755
1082  1047
1082  1117
1082  1486
1082  1495
1083  446
1083  535
1083  582
1083  588
1083  737
1083  785
1083  796
1083  868
1083  873
1083  995
1083  1090
1083  1109
1083  1249
1083  1281
1083  1292
1083  1333
1083  1480
1084  528
1084  657
1084  717
1084  806
1084  832
1084  852
1084  863
1084  888
1084  1077
1084  1130
1084  1163
1084  1195
1084  1501
1084  1504
1085  481
1085  686
1085  705
1085  775
1085  1012
1085  1145
1085  1390
1085  1401
1085  1448
1085  1458
1086  466
1086  498
1086  769
1086  836
1086  946
1086  964
1086  1072
1086  1083
1086  1102
1086  1153
1086  1183
1086  1212
1086  1219
1086  1256
1086  1279
1087  734
1087  799
1087  816
1087  902
1087  1039
1087  1169
1087  1312
1087  1478
1088  460
1088  712
1088  742
1088  822
1088  894
1088  960
1088  995
1088  1003
1088  1106
1088  1149
1088  1251
1089  567
1089  678
1089  749
1089  846
1089  869
1089  976
1089  987
1089  1069
1089  1092
1089  1136
1089  1238
1089  1474
1089  1485
1089  1505
1090  527
1090  724
1090  754
1090  860
1090  991
1090  1087
1090  1099
1090  1215
1090  1245
1090  1335
1090  1446
1090  1462
1091  494
1091  539
1091  735
1091  795
1091  804
1091  809
1091  865
1091  891
1091  914
1091  943
1091  967
1091  995
1091  1063
1091  1153
1091  1266
1091  1353
1091  1441
1092  702
1092  707
1092  771
1092  777
1092  786
1092  885
1092  956
1092  1118
1092  1303
1093  751
1093  871
1093  963
1093  978
1093  1095
1093  1345
1093  1470
1094  477
1094  588
1094  679
1094  686
1094  843
1094  876
1094  947
1094  1022
1094  1079
1094  1128
1094  1137
1094  1144
1094  1204
1094  1233
1094  1309
1094  1415
1094  1489
1094  1495
1095  517
1095  537
1095  735
1095  774
1095  810
1095  826
1095  933
1095  1109
1095  1245
1095  1277
1096  460
1096  573
1096  749
1096  796
1096  852
1096  860
1096  985
1096  991
1096  996
1096  1004
1096  1067
1096  1102
1096  1214
1096  1484
1096  1506
1097  471
1097  502
1097  683
1097  700
1097  769
1097  1007
1097  1237
1097  1436
1097  1475
1098  606
1098  660
1098  705
1098  739
1098  745
1098  764
1098  847
1098  894
1098  898
1098  1061
1098  1118
1098  1124
1098  1447
1099  507
1099  651
1099  675
1099  690
1099  731
1099  869
1099  878
1099  953
1099  962
1099  1131
1099  1138
1099  1164
1099  1282
1099  1363
1099  1458
1100  749
1100  757
1100  774
1100  840
1100  926
1100  1085
1100  1091
1100  1472
1100  1486
1100  1498
1101  581
1101  919
1101  1071
1101  1097
1101  1195
1101  1224
1101  1246
1101  1266
1101  1275
1101  1358
1101  1490
1101  1506
1102  491
1102  545
1102  787
1102  851
1102  916
1102  960
1102  976
1102  1176
1102  1201
1102  1212
1102  1230
1102  1452
1102  1462
1102  1503
1103  576
1103  665
1103  676
1103  717
1103  879
1103  986
1103  1000
1103  1475
1104  683
1104  725
1104  741
1104  750
1104  1008
1104  1014
1104  1066
1104  1078
1104  1125
1104  1467
1104  1519
1105  840
1105  864
1105  930
1105  990
1105  1173
1105  1492
1105  1497
1106  606
1106  615
1106  704
1106  729
1106  770
1106  802
1106  823
1106  945
1106  996
1106  1191
1106  1216
1106  1274
1106  1346
1106  1426
1106  1510
1107  543
1107  619
1107  721
1107  757
1107  778
1107  798
1107  914
1107  935
1107  959
1107  968
1107  974
1107  1002
1107  1055
1107  1103
1107  1203
1107  1210
1107  1286
1107  1409
1107  1439
1108  576
1108  681
1108  686
1108  697
1108  743
1108  892
1108  983
1108  1063
1108  1113
1108  1121
1108  1244
1108  1258
1108  1269
1108  1455
1108  1469
1109  637
1109  791
1109  887
1109  926
1109  990
1109  1223
1109  1495
1109  1519
1110  665
1110  711
1110  724
1110  1092
1110  1137
1110  1393
1110  1430
1110  1512
1111  585
1111  693
1111  745
1111  819
1111  931
1111  966
1111  995
1111  1000
1111  1057
1111  1237
1111  1506
1112  601
1112  697
1112  736
1112  776
1112  870
1112  945
1112  950
1112  1105
1112  1481
1112  1488
1112  1492
1113  571
1113  647
1113  676
1113  708
1113  977
1113  1220
1113  1252
1113  1269
1113  1273
1113  1339
1113  1385
1113  1501
1113  1511
1114  815
1114  854
1114  991
1114  1004
1114  1278
1114  1434
1114  1496
1115  659
1115  669
1115  758
1115  859
1115  919
1115  966
1115  1093
1115  1126
1116  579
1116  867
1116  894
1116  961
1116  986
1116  1013
1116  1070
1116  1112
1116  1259
1116  1427
1117  503
1117  591
1117  725
1117  749
1117  1077
1117  1131
1117  1185
1117  1195
1117  1245
1117  1383
1117  1508
1117  1519
1117  1530
1118  682
1118  698
1118  720
1118  752
1118  823
1118  882
1118  943
1118  1047
1118  1091
1118  1116
1118  1495
1118  1504
1119  781
1119  806
1119  860
1119  937
1119  950
1119  1208
1119  1393
1120  693
1120  730
1120  791
1120  811
1120  838
1120  852
1120  869
1120  987
1120  1052
1120  1102
1120  1110
1120  1349
1120  1523
1120  1540
1121  735
1121  827
1121  921
1121  929
1121  962
1121  1000
1121  1015
1121  1174
1121  1236
1121  1241
1121  1277
1121  1514
1122  590
1122  642
1122  698
1122  704
1122  833
1122  1057
1122  1061
1122  1083
1122  1154
1122  1179
1122  1424
1123  745
1123  760
1123  885
1123  1379
1123  1499
1123  1518
1124  655
1124  741
1124  753
1124  793
1124  867
1124  880
1124  900
1124  917
1124  936
1124  967
1124  972
1124  980
1124  1024
1124  1093
1124  1104
1124  1167
1124  1202
1124  1218
1124  1394
1124  1397
1124  1493
1125  648
1125  737
1125  773
1125  864
1125  927
1125  1066
1125  1285
1125  1507
1125  1523
1126  611
1126  686
1126  718
1126  837
1126  860
1126  1011
1126  1099
1126  1127
1126  1247
1126  1263
1126  1539
1126  1546
1127  591
1127  636
1127  669
1127  841
1127  1056
1127  1188
1127  1242
1127  1514
1127  1529
1128  682
1128  690
1128  702
1128  722
1128  739
1128  919
1128  1031
1128  1110
1128  1350
1129  521
1129  824
1129  933
1129  991
1129  1088
1129  1196
1129  1218
1129  1374
1129  1399
1130  503
1130  631
1130  650
1130  657
1130  758
1130  881
1130  1010
1130  1067
1130  1277
1130  1500
1130  1521
1131  599
1131  694
1131  828
1131  855
1131  860
1131  1019
1131  1035
1131  1040
1131  1162
1131  1255
1131  1289
1132  589
1132  605
1132  617
1132  723
1132  864
1132  871
1132  898
1132  1050
1132  1094
1132  1102
1132  1168
1132  1224
1132  1354
1132  1358
1132  1525
1132  1535
1132  1548
1133  666
1133  678
1133  1080
1133  1126
1133  1137
1133  1539
1133  1544
1134  659
1134  687
1134  713
1134  927
1134  932
1134  965
1134  1111
1134  1184
1134  1198
1134  1512
1134  1516
1134  1555
1135  740
1135  775
1135  802
1135  847
1135  889
1135  976
1135  1006
1135  1033
1135  1075
1135  1271
1135  1370
1135  1531
1136  592
1136  703
1136  752
1136  794
1136  825
1136  835
1136  954
1136  1087
1136  1107
1136  1130
1136  1157
1136  1173
1136  1234
1136  1259
1136  1340
1136  1382
1137  864
1137  1334
1137  1377
1138  515
1138  723
1138  728
1138  759
1138  785
1138  812
1138  839
1138  932
1138  1101
1138  1221
1138  1526
1138  1535
1139  689
1139  715
1139  946
1139  996
1139  1012
1139  1057
1139  1081
1139  1344
1139  1350
1139  1507
1140  526
1140  651
1140  674
1140  869
1140  906
1140  914
1140  1036
1140  1063
1140  1069
1140  1239
1140  1301
1140  1540
1141  610
1141  919
1141  954
1141  1026
1141  1093
1141  1273
1141  1519
1141  1551
1142  512
1142  587
1142  635
1142  664
1142  719
1142  725
1142  730
1142  735
1142  789
1142  835
1142  855
1142  888
1142  961
1142  1140
1142  1516
1142  1530
1142  1545
1143  687
1143  849
1143  894
1143  1098
1143  1180
1143  1206
1144  619
1144  702
1144  970
1144  1088
1144  1368
1144  1510
1145  582
1145  692
1145  717
1145  756
1145  875
1145  954
1145  1063
1145  1164
1145  1360
1146  615
1146  748
1146  826
1146  1006
1146  1020
1146  1540
1147  742
1147  905
1147  935
1147  1055
1147  1078
1147  1093
1147  1142
1147  1170
1147  1211
1147  1216
1147  1299
1147  1560
1148  593
1148  638
1148  730
1148  870
1148  930
1148  944
1148  1043
1148  1101
1148  1112
1148  1182
1148  1292
1148  1351
1148  1531
1148  1547
1148  1555
1149  666
1149  710
1149  795
1149  846
1149  962
1149  972
1149  991
1149  1029
1149  1109
1149  1200
1149  1220
1149  1231
1149  1288
1149  1520
1150  493
1150  699
1150  735
1150  827
1150  836
1150  850
1150  856
1150  892
1150  1011
1150  1060
1150  1283
1151  692
1151  758
1151  802
1151  907
1151  968
1151  1309
1151  1536
1151  1548
1151  1560
1152  589
1152  642
1152  706
1152  841
1152  886
1152  922
1152  1007
1152  1017
1152  1050
1152  1089
1153  514
1153  682
1153  714
1153  769
1153  943
1153  980
1153  983
1153  1098
1153  1119
1153  1155
1153  1353
1154  750
1154  774
1154  789
1154  915
1154  1032
1154  1187
1154  1286
1154  1396
1154  1516
1154  1547
1154  1553
1155  554
1155  655
1155  733
1155  966
1155  1195
1155  1371
1155  1537
1156  671
1156  743
1156  761
1156  827
1156  846
1156  857
1156  882
1156  891
1156  1054
1156  1159
1156  1299
1156  1532
1157  660
1157  677
1157  682
1157  975
1157  1072
1157  1078
1157  1116
1157  1521
1157  1527
1158  580
1158  639
1158  738
1158  861
1158  871
1158  886
1158  925
1158  939
1158  952
1158  1021
1158  1335
1158  1366
1159  618
1159  804
1159  839
1159  901
1159  1009
1159  1095
1159  1200
1159  1543
1159  1554
1159  1559
1159  1567
1160  697
1160  958
1160  1195
1160  1346
1160  1383
1161  504
1161  576
1161  656
1161  680
1161  703
1161  985
1161  1150
1161  1334
1161  1525
1161  1534
1162  514
1162  661
1162  664
1162  689
1162  710
1162  757
1162  844
1162  908
1162  918
1162  932
1162  947
1162  965
1162  992
1162  1090
1162  1351
1163  794
1163  800
1163  832
1163  859
1163  885
1163  1378
1163  1494
1164  765
1164  850
1164  881
1164  898
1164  943
1164  974
1164  1022
1164  1031
1164  1185
1164  1357
1164  1538
1164  1566
1165  607
1165  611
1165  730
1165  749
1165  777
1165  781
1165  875
1165  1036
1165  1123
1165  1551
1165  1571
1166  585
1166  664
1166  711
1166  786
1166  804
1166  894
1166  933
1166  965
1166  1072
1166  1091
1166  1204
1167  794
1167  810
1167  830
1167  955
1167  1006
1167  1081
1167  1352
1167  1541
1168  570
1168  594
1168  676
1168  717
1168  741
1168  754
1168  876
1168  1102
1168  1177
1168  1186
1168  1345
1169  498
1169  602
1169  736
1169  1097
1169  1305
1170  686
1170  842
1170  997
1170  1533
1170  1551
1170  1560
1171  710
1171  752
1171  947
1171  959
1171  1034
1171  1210
1171  1287
1171  1567
1172  670
1172  725
1172  797
1172  831
1172  929
1172  967
1172  984
1172  1062
1172  1168
1172  1196
1173  625
1173  720
1173  875
1173  886
1173  1020
1173  1110
1173  1155
1173  1160
1174  684
1174  741
1174  747
1174  776
1174  784
1174  922
1175  680
1175  764
1175  895
1175  942
1175  1082
1175  1188
1175  1537
1175  1571
1176  498
1176  670
1176  843
1176  927
1176  1184
1176  1546
1177  604
1177  750
1177  935
1177  961
1177  1106
1177  1207
1177  1343
1177  1553
1177  1560
1178  673
1178  690
1178  730
1178  855
1178  881
1178  945
1178  985
1178  990
1178  1006
1178  1016
1178  1565
1178  1584
1179  725
1179  754
1179  798
1179  803
1179  808
1179  889
1179  1118
1179  1211
1179  1290
1179  1347
1180  776
1180  896
1180  939
1180  1570
1180  1579
1181  641
1181  902
1181  953
1181  967
1181  976
1181  1059
1181  1091
1181  1177
1181  1203
1181  1586
1182  494
1182  600
1182  693
1182  712
1182  789
1182  804
1182  827
1182  849
1182  1100
1182  1186
1182  1294
1183  683
1183  747
1183  761
1183  785
1183  840
1183  918
1183  949
1183  1106
1183  1182
1183  1298
1183  1547
1183  1563
1184  659
1184  726
1184  942
1184  962
1184  979
1184  1581
1185  707
1185  933
1185  1192
1185  1315
1185  1359
1186  483
1186  491
1186  540
1186  610
1186  674
1186  683
1186  914
1186  946
1186  1011
1186  1084
1186  1119
1186  1349
1186  1552
1186  1569
1186  1587
1187  805
1187  834
1187  891
1187  927
1187  997
1187  1030
1187  1143
1187  1201
1188  617
1188  635
1188  647
1188  741
1188  771
1188  791
1188  811
1188  828
1188  902
1188  954
1188  1003
1188  1024
1188  1100
1188  1308
1188  1592
1189  949
1189  1019
1189  1181
1189  1549
1189  1573
1190  1359
1190  1566
1191  512
1191  700
1191  842
1191  862
1191  892
1191  916
1191  941
1191  960
1191  971
1191  1110
1191  1178
1191  1558
1191  1562
1191  1577
1192  757
1192  921
1192  1049
1192  1346
1192  1553
1192  1583
1193  719
1193  788
1193  853
1193  872
1193  905
1193  950
1194  602
1194  626
1194  820
1194  826
1194  900
1194  932
1194  978
1194  1133
1194  1184
1194  1590
1195  595
1195  775
1195  927
1195  969
1195  1004
1195  1087
1196  489
1196  843
1196  1353
1196  1574
1197  518
1197  699
1197  726
1197  738
1197  814
1197  910
1197  960
1197  974
1197  982
1197  1072
1197  1158
1197  1560
1197  1569
1197  1582
1197  1593
1198  599
1198  640
1198  695
1198  764
1198  782
1198  805
1198  846
1198  885
1198  916
1198  937
1198  1031
1198  1040
1198  1141
1198  1167
1199  658
1199  682
1199  752
1199  996
1199  1115
1199  1184
1199  1333
1200  723
1200  962
1200  1082
1200  1093
1200  1120
1200  1314
1201  508
1201  787
1201  797
1201  804
1201  944
1201  1013
1201  1055
1202  614
1202  820
1202  896
1202  1105
1202  1288
1203  585
1203  641
1203  714
1203  913
1203  973
1203  1021
1203  1349
1203  1585
1204  489
1204  671
1204  727
1204  760
1204  902
1204  1005
1204  1196
1204  1565
1204  1581
1205  647
1205  689
1205  848
1205  931
1205  935
1205  977
1205  986
1205  1059
1205  1079
1205  1161
1205  1178
1206  668
1206  764
1206  942
1206  1012
1206  1017
1206  1049
1206  1191
1206  1558
1206  1572
1206  1593
1207  592
1207  622
1207  738
1207  779
1207  893
1207  1168
1208  773
1208  834
1208  878
1208  953
1208  1149
1208  1586
1209  641
1209  684
1209  688
1209  711
1209  723
1209  745
1209  919
1209  932
1209  1098
1209  1179
1209  1291
1209  1331
1210  670
1210  971
1210  1158
1211  617
1211  912
1211  984
1211  1023
1211  1582
1211  1588
1212  702
1212  883
1212  892
1212  1004
1212  1089
1212  1174
1212  1195
1213  685
1213  695
1213  904
1213  1032
1213  1049
1213  1067
1213  1569
1213  1574
1214  690
1214  764
1214  819
1214  837
1214  898
1214  920
1214  1128
1214  1138
1214  1158
1214  1181
1214  1186
1215  663
1215  704
1215  789
1215  832
1216  737
1216  776
1216  1286
1216  1560
1216  1579
1217  492
1217  609
1217  639
1217  681
1217  686
1217  880
1217  917
1217  1083
1217  1144
1217  1165
1217  1347
1218  698
1218  903
1218  908
1218  924
1218  953
1218  964
1218  1103
1218  1112
1218  1298
1218  1565
1218  1575
1219  484
1219  656
1219  691
1219  742
1219  974
1219  1034
1219  1046
1219  1055
1219  1097
1219  1150
1219  1183
1220  588
1220  663
1220  714
1220  730
1220  748
1220  809
1220  849
1220  1074
1220  1078
1220  1128
1220  1131
1220  1170
1220  1588
1221  679
1221  780
1221  896
1221  985
1221  1023
1221  1051
1221  1067
1221  1155
1221  1574
1221  1597
1222  704
1222  795
1222  1015
1222  1161
1222  1555
1223  692
1223  736
1223  961
1223  1087
1223  1128
1223  1263
1223  1301
1223  1559
1224  667
1224  724
1224  739
1224  758
1224  994
1224  1060
1224  1134
1224  1336
1225  504
1225  710
1225  882
1225  888
1225  893
1225  1043
1225  1288
1226  582
1226  609
1226  646
1226  650
1226  679
1226  778
1226  827
1226  942
1226  1073
1226  1180
1226  1296
1226  1581
1227  785
1227  916
1227  951
1227  1029
1227  1056
1227  1105
1227  1153
1227  1171
1227  1326
1228  876
1228  983
1228  1052
1228  1067
1228  1166
1228  1176
1228  1594
1229  755
1229  798
1229  823
1229  878
1229  1024
1229  1082
1230  666
1230  671
1230  839
1230  922
1230  957
1230  1142
1230  1570
1231  635
1231  691
1231  705
1231  740
1231  768
1231  884
1231  1048
1231  1074
1231  1157
1231  1289
1232  576
1232  747
1232  773
1232  780
1232  903
1232  941
1232  1009
1232  1030
1232  1064
1232  1149
1232  1251
1232  1278
1233  654
1233  681
1233  950
1233  1101
1233  1554
1234  686
1234  873
1234  891
1234  1015
1234  1037
1234  1170
1234  1178
1234  1592
1235  472
1235  478
1235  591
1235  650
1235  710
1235  718
1235  737
1235  1000
1235  1044
1235  1135
1235  1145
1235  1158
1235  1315
1235  1581
1236  578
1236  620
1236  654
1236  662
1236  807
1236  838
1236  886
1236  907
1236  970
1236  1019
1236  1054
1236  1080
1236  1339
1237  645
1237  667
1237  671
1237  681
1237  689
1237  1004
1237  1072
1237  1332
1237  1573
1238  697
1238  752
1238  787
1238  862
1238  899
1238  917
1238  948
1238  986
1238  1013
1238  1257
1238  1555
1239  495
1239  594
1239  615
1239  710
1239  1091
1239  1135
1239  1145
1239  1166
1239  1282
1239  1298
1239  1584
1240  601
1240  702
1240  739
1240  796
1240  869
1240  913
1240  960
1240  993
1240  1019
1240  1033
1240  1041
1240  1061
1240  1086
1240  1174
1240  1236
1240  1266
1240  1313
1240  1563
1241  580
1241  766
1241  772
1241  967
1241  975
1241  1317
1241  1592
1242  676
1242  820
1242  927
1242  1004
1242  1066
1242  1324
1242  1334
1242  1552
1243  587
1243  613
1243  662
1243  671
1243  691
1243  789
1243  812
1243  874
1243  982
1243  991
1243  1071
1243  1127
1243  1157
1244  712
1244  719
1244  736
1244  953
1244  1009
1244  1052
1244  1138
1244  1170
1244  1227
1244  1276
1244  1566
1244  1574
1244  1579
1245  471
1245  486
1245  606
1245  729
1245  761
1245  771
1245  835
1245  851
1245  897
1245  1032
1245  1047
1245  1091
1245  1163
1245  1209
1245  1570
1245  1587
1246  622
1246  680
1246  699
1246  757
1246  798
1246  911
1246  919
1246  926
1246  959
1246  1001
1246  1019
1246  1075
1247  743
1247  859
1247  864
1247  879
1247  886
1247  978
1247  1110
1247  1144
1247  1151
1247  1169
1247  1179
1247  1255
1248  583
1248  689
1248  709
1248  752
1248  812
1248  893
1248  1051
1248  1061
1248  1164
1248  1243
1249  670
1249  686
1249  772
1249  779
1249  1233
1249  1566
1249  1578
1250  577
1250  720
1250  729
1250  740
1250  806
1250  866
1250  901
1250  1135
1250  1183
1250  1314
1250  1556
1251  469
1251  622
1251  661
1251  714
1251  762
1251  888
1251  1029
1252  605
1252  677
1252  792
1252  843
1252  877
1252  908
1252  970
1252  990
1252  1067
1252  1086
1252  1123
1252  1191
1252  1252
1253  851
1253  976
1253  1211
1253  1234
1253  1570
1254  553
1254  724
1254  745
1254  762
1254  798
1254  828
1254  872
1254  893
1255  502
1255  587
1255  635
1255  672
1255  686
1255  712
1255  839
1255  855
1255  859
1255  883
1255  1016
1255  1040
1255  1048
1255  1135
1255  1337
1255  1588
1256  771
1256  781
1256  836
1256  868
1256  928
1256  961
1256  1117
1256  1228
1256  1582
1257  728
1257  735
1257  777
1257  810
1257  863
1257  953
1257  974
1257  1006
1257  1029
1257  1194
1258  476
1258  693
1258  751
1258  807
1258  892
1258  1056
1258  1067
1258  1087
1258  1126
1258  1306
1259  946
1259  1050
1259  1142
1259  1558
1259  1565
1260  482
1260  755
1260  802
1260  983
1260  1028
1260  1100
1260  1110
1260  1133
1260  1571
1261  673
1261  705
1261  767
1261  795
1261  856
1261  887
1261  967
1261  1155
1261  1247
1261  1309
1262  603
1262  662
1262  759
1262  829
1262  852
1262  868
1262  903
1262  939
1262  1119
1262  1312
1262  1553
1263  616
1263  682
1263  841
1263  926
1263  994
1263  1013
1263  1051
1263  1139
1263  1332
1263  1580
1264  582
1264  655
1264  678
1264  748
1264  819
1264  909
1265  727
1265  778
1265  825
1265  882
1265  1090
1265  1121
1265  1131
1265  1151
1265  1161
1265  1261
1265  1319
1266  561
1266  859
1266  874
1266  958
1266  1070
1266  1126
1266  1303
1267  533
1267  615
1267  656
1267  689
1267  692
1267  819
1267  920
1267  945
1267  1034
1268  670
1268  842
1268  855
1268  898
1268  1310
1268  1560
1269  473
1269  663
1269  681
1269  730
1269  850
1269  1046
1269  1114
1269  1569
1271  748
1271  763
1271  858
1271  875
1271  955
1271  1326
1272  628
1272  651
1272  756
1272  807
1272  885
1272  1035
1272  1142
1273  845
1273  891
1273  932
1273  1068
1274  680
1274  716
1274  735
1274  741
1274  774
1274  786
1274  1128
1275  539
1275  608
1275  761
1275  869
1275  909
1275  1072
1275  1114
1275  1172
1276  557
1276  749
1276  886
1276  928
1276  1121
1276  1250
1277  472
1277  533
1277  713
1277  756
1277  797
1277  1003
1277  1104
1277  1159
1277  1310
1277  1326
1278  653
1278  668
1278  920
1279  673
1279  784
1279  863
1279  880
1279  896
1279  917
1279  936
1279  975
1280  516
1280  776
1280  835
1280  842
1280  884
1280  924
1280  953
1281  722
1281  848
1281  857
1281  904
1281  965
1281  1119
1281  1137
1281  1309
1282  462
1282  742
1282  1018
1282  1128
1282  1157
1283  587
1283  653
1283  660
1283  758
1283  788
1284  768
1284  829
1284  835
1284  870
1284  912
1284  933
1284  1026
1284  1092
1284  1125
1284  1133
1284  1142
1284  1321
1285  610
1285  670
1285  839
1285  847
1285  928
1285  1264
1286  696
1286  737
1286  746
1286  875
1286  919
1286  1102
1286  1163
1287  463
1287  770
1287  948
1287  958
1288  591
1288  782
1288  832
1288  866
1288  952
1288  1141
1289  479
1289  648
1289  692
1289  725
1289  836
1289  886
1289  916
1289  1328
1290  507
1290  516
1290  546
1290  733
1290  775
1290  806
1290  909
1290  1130
1291  536
1291  662
1291  760
1291  853
1291  991
1291  1118
1291  1161
1292  743
1292  902
1292  953
1292  1302
1293  594
1293  623
1293  890
1293  965
1293  1134
1293  1309
1294  457
1294  461
1294  503
1294  520
1294  668
1294  845
1294  859
1294  866
1294  1108
1295  607
1295  926
1295  946
1295  951
1296  874
1296  1114
1296  1317
1297  641
1297  756
1297  767
1297  916
1297  1132
1298  483
1298  530
1298  596
1298  610
1298  699
1298  722
1298  750
1298  777
1298  987
1298  1046
1298  1114
1298  1124
1298  1286
1299  703
1299  815
1299  944
1299  957
1299  1001
1299  1079
1299  1271
1299  1312
1300  615
1300  855
1300  891
1300  1263
1301  469
1301  652
1301  708
1301  763
1301  783
1301  861
1301  899
1301  1105
1301  1139
1301  1159
1301  1281
1302  498
1302  512
1302  645
1302  743
1302  813
1302  821
1302  833
1302  850
1302  876
1302  947
1302  967
1302  1166
1303  540
1303  769
1303  807
1303  911
1303  915
1303  920
1303  1072
1303  1126
1303  1252
1304  778
1304  925
1304  957
1304  982
1304  1146
1304  1260
1304  1314
1305  591
1305  605
1305  669
1305  758
1305  790
1305  823
1305  1063
1305  1113
1305  1121
1306  702
1306  728
1306  782
1306  828
1306  881
1306  888
1306  1169
1307  457
1307  576
1307  835
1307  856
1307  1015
1307  1105
1307  1299
1307  1326
1308  654
1308  746
1308  893
1308  1110
1309  755
1309  772
1309  905
1309  924
1309  937
1309  964
1309  976
1309  1136
1310  488
1310  759
1310  867
1310  930
1310  954
1310  983
1310  1132
1310  1167
1310  1312
1311  806
1311  852
1311  915
1311  945
1311  1085
1311  1108
1311  1130
1311  1159
1312  549
1312  881
1312  902
1312  926
1312  1037
1313  618
1313  643
1313  706
1313  727
1313  751
1313  767
1313  812
1313  856
1313  897
1313  941
1313  950
1314  520
1314  662
1314  776
1314  821
1314  933
1314  957
1314  973
1314  1079
1314  1101
1314  1122
1315  556
1315  758
1315  865
1315  889
1315  921
1315  1073
1315  1263
1315  1319
1316  483
1316  877
1316  963
1316  981
1316  986
1316  1107
1317  590
1317  716
1317  913
1317  1095
1317  1133
1317  1277
1318  582
1318  724
1318  882
1318  1060
1318  1268
1318  1321
1319  706
1319  739
1319  811
1319  925
1319  1010
1319  1102
1319  1125
1319  1253
1319  1259
1320  455
1320  505
1320  742
1320  824
1320  863
1320  934
1320  960
1320  970
1320  1045
1320  1137
1320  1249
1321  608
1321  662
1321  769
1321  920
1321  990
1321  1290
1322  721
1322  839
1322  845
1323  748
1323  762
1323  868
1323  1003
1323  1026
1323  1041
1323  1132
1324  672
1324  712
1324  926
1324  938
1324  981
1324  1114
1324  1162
1324  1264
1325  496
1325  512
1325  694
1325  743
1325  756
1325  812
1325  942
1325  1120
1325  1301
1326  663
1326  899
1326  914
1326  988
1326  1086
1326  1297
1327  765
1327  995
1327  1046
1327  1055
1327  1104
1327  1109
1327  1171
1328  822
1328  977
1328  1096
1328  1306
1329  492
1329  667
1329  755
1329  867
1329  928
1329  1007
1330  501
1330  580
1330  588
1330  650
1330  654
1330  693
1330  786
1330  853
1330  897
1330  966
1330  1027
1331  712
1331  759
1331  832
1331  1012
1332  554
1332  706
1332  836
1332  873
1332  988
1332  1313
1333  869
1333  893
1333  1082
1333  1097
1333  1110
1333  1150
1333  1164
1334  930
1334  958
1334  966
1334  982
1334  1020
1334  1263
1335  456
1335  506
1335  695
1335  761
1335  824
1335  945
1335  1028
1336  753
1336  864
1336  877
1336  1103
1336  1313
1337  452
1337  479
1337  549
1337  815
1337  832
1337  962
1337  1120
1337  1141
1337  1322
1338  584
1338  655
1338  714
1338  740
1338  867
1338  889
1338  934
1338  1074
1338  1090
1339  485
1339  502
1339  603
1339  646
1339  780
1339  940
1339  990
1339  1026
1339  1109
1339  1114
1340  709
1340  729
1340  835
1340  927
1340  1056
1340  1303
1341  457
1341  589
1341  639
1341  749
1341  756
1341  873
1341  921
1341  1044
1341  1067
1341  1148
1342  768
1342  811
1342  815
1342  882
1342  1119
1342  1310
1343  492
1343  581
1343  826
1343  934
1343  962
1343  1093
1344  595
1344  645
1344  717
1344  745
1344  779
1344  783
1344  1081
1344  1305
1345  486
1345  661
1345  720
1345  796
1345  880
1345  951
1345  955
1345  1101
1345  1114
1346  459
1346  1146
1347  471
1347  757
1347  765
1347  802
1347  821
1347  884
1347  1154
1347  1320
1348  595
1348  651
1348  730
1348  794
1348  912
1348  1111
1349  696
1349  704
1349  715
1349  850
1349  929
1349  948
1349  1009
1349  1037
1350  567
1350  636
1350  663
1350  769
1350  815
1350  825
1350  869
1350  945
1351  464
1351  711
1351  785
1351  890
1351  1091
1352  688
1352  1157
1352  1321
1353  652
1353  859
1353  1151
1354  799
1354  817
1354  1030
1355  570
1355  727
1355  772
1355  789
1355  825
1355  977
1355  1159
1355  1164
1355  1302
1356  658
1356  706
1356  804
1356  837
1356  910
1356  985
1356  1318
1357  739
1357  849
1357  879
1357  894
1357  1322
1358  712
1358  815
1359  579
1359  701
1359  748
1359  988
1359  1005
1359  1010
1360  591
1360  827
1360  860
1360  890
1360  942
1360  969
1360  1080
1360  1306
1361  647
1361  666
1361  840
1361  1043
1361  1048
1361  1152
1362  641
1362  934
1362  1025
1362  1074
1362  1088
1362  1146
1362  1326
1363  562
1363  575
1363  692
1363  795
1363  926
1363  1085
1364  848
1365  879
1364  930
1364  986
1364  1094
1365  569
1365  778
1365  852
1365  856
1365  872
1365  952
1365  1011
1365  1317
1366  668
1366  861
1366  1141
1367  697
1367  713
1367  768
1367  819
1367  832
1368  673
1368  1044
1369  703
1369  721
1369  756
1369  785
1369  890
1369  936
1370  740
1370  797
1370  884
1370  991
1370  1011
1370  1150
1371  645
1371  659
1371  665
1371  732
1371  812
1371  858
1371  920
1371  983
1372  575
1372  652
1372  958
1372  1160
1373  687
1373  927
1374  710
1374  829
1374  864
1374  996
1374  1067
1375  633
1375  921
1375  938
1375  969
1375  978
1375  1308
1376  561
1376  671
1376  806
1376  817
1376  988
1377  586
1377  661
1377  868
1378  821
1378  854
1379  568
1379  655
1379  712
1379  875
1379  999
1380  647
1380  813
1380  824
1380  834
1380  1085
1380  1301
1381  728
1381  788
1381  940
1381  979
1382  739
1382  859
1382  986
1382  1159
1383  548
1383  565
1383  759
1383  774
1383  778
1383  865
1383  881
1383  919
1383  936
1383  954
1384  1145
1384  1319
1385  701
1385  743
1385  852
1385  931
1385  983
1386  651
1386  721
1386  725
1386  755
1386  979
1387  732
1387  822
1387  825
1387  869
1387  875
1387  890
1388  764
1388  863
1388  881
1388  936
1389  663
1389  803
1389  886
1389  925
1389  932
1389  1299
1390  562
1390  858
1390  1307
1391  542
1391  572
1391  583
1391  598
1391  645
1391  739
1391  780
1391  817
1391  1294
1392  548
1392  864
1392  955
1393  704
1393  723
1393  942
1394  603
1394  914
1394  1312
1395  624
1395  642
1395  655
1395  716
1395  847
1395  984
1396  565
1396  583
1396  807
1396  816
1397  947
1397  955
1397  1138
1398  597
1398  725
1398  761
1399  710
1399  777
1399  829
1399  870
1399  918
1399  935
1399  982
1400  665
1400  802
1400  846
1400  977
1401  563
1401  570
1401  882
1401  1159
1402  820
1403  750
1403  824
1404  652
1404  758
1404  772
1404  862
1404  942
1404  1153
1405  723
1405  799
1405  808
1405  892
1405  931
1406  540
1406  559
1406  704
1406  741
1406  767
1406  843
1406  875
1406  922
1406  1309
1407  820
1407  855
1407  897
1407  1130
1408  551
1408  981
1409  631
1409  948
1410  521
1410  747
1410  862
1410  891
1410  954
1410  1285
1411  639
1411  895
1411  1149
1412  532
1412  802
1412  931
1412  977
1412  1142
1413  704
1414  643
1414  695
1414  771
1414  824
1414  860
1415  550
1415  561
1415  709
1415  897
1415  982
1415  1296
1416  832
1416  850
1416  887
1416  894
1416  956
1416  990
1417  555
1417  655
1417  973
1418  636
1418  648
1418  781
1418  867
1418  916
1418  942
1419  558
1419  854
1419  1290
1420  541
1420  897
1421  718
1421  723
1421  734
1421  774
1421  870
1421  952
1421  1141
1422  811
1422  1154
1423  637
1423  759
1423  799
1423  804
1423  821
1423  878
1423  903
1423  934
1424  690
1424  989
1425  526
1425  929
1425  1286
1426  769
1426  872
1426  995
1426  1304
1427  740
1427  865
1427  887
1427  895
1428  628
1428  845
1428  912
1428  1141
1429  526
1429  709
1429  1271
1430  546
1430  641
1430  694
1430  748
1430  762
1430  773
1430  807
1430  877
1431  536
1431  858
1431  873
1431  883
1431  892
1431  934
1432  552
1432  630
1432  753
1432  964
1432  1147
1433  704
1433  1295
1434  542
1434  793
1434  878
1434  1161
1435  854
1435  884
1435  985
1436  525
1436  691
1436  1284
1437  891
1437  900
1437  1135
1438  515
1438  699
1438  707
1438  752
1438  816
1438  858
1438  1290
1439  874
1440  532
1440  769
1440  789
1440  846
1440  1285
1440  1295
1441  820
1441  888
1441  894
1441  960
1441  992
1441  1263
1442  883
1442  916
1443  701
1443  835
1444  506
1444  794
1444  844
1444  901
1444  974
1444  1267
1444  1272
1444  1279
1445  625
1445  647
1445  822
1446  691
1446  813
1446  990
1447  638
1447  809
1447  873
1447  894
1447  1156
1448  516
1448  680
1448  792
1448  802
1448  828
1448  889
1449  542
1449  633
1449  795
1450  845
1450  904
1451  500
1451  522
1451  638
1452  884
1452  889
1452  1145
1452  1273
1453  691
1453  803
1453  910
1454  826
1454  840
1454  1155
1454  1263
1455  831
1455  850
1455  879
1456  682
1456  793
1456  845
1456  875
1456  1278
1458  513
1458  626
1459  910
1459  998
1460  495
1460  619
1460  669
1460  830
1461  790
1461  801
1461  838
1461  853
1461  890
1461  933
1461  1267
1461  1271
1462  899
1463  633
1463  912
1463  1144
1463  1240
1464  608
1464  803
1464  950
1464  1162
1464  1167
1465  698
1465  883
1465  985
1466  517
1466  672
1466  808
1466  815
1466  894
1466  907
1467  786
1468  635
1468  655
1468  677
1468  833
1468  1001
1469  761
1469  792
1469  915
1469  990
1469  1259
1470  1237
1471  670
1471  1227
1472  690
1472  836
1472  878
1472  896
1472  904
1472  932
1472  1159
1473  1145
1474  605
1474  841
1474  1005
1474  1138
1475  676
1475  1150
1476  494
1476  798
1476  913
1476  1226
1476  1251
1476  1264
1477  876
1477  900
1477  993
1478  668
1478  752
1478  939
1478  984
1479  907
1479  1135
1479  1144
1480  514
1480  811
1481  873
1481  904
1481  1002
1481  1217
1481  1232
1482  625
1482  891
1482  914
1483  800
1483  997
1484  762
1484  819
1484  876
1485  655
1485  898
1486  673
1486  746
1486  804
1486  850
1486  905
1486  979
1487  517
1487  880
1487  920
1487  987
1487  1212
1487  1217
1487  1243
1488  884
1488  891
1488  1232
1489  876
1490  998
1490  1161
1491  905
1491  981
1492  620
1492  844
1492  887
1492  901
1492  1234
1493  616
1493  798
1493  823
1493  872
1493  894
1493  913
1493  948
1493  1208
1494  640
1494  653
1494  671
1494  778
1494  785
1494  837
1494  931
1495  636
1495  806
1495  882
1496  499
1496  783
1496  1226
1497  619
1497  755
1497  838
1497  921
1498  603
1498  641
1498  896
1499  796
1499  873
1499  981
1499  1140
1500  781
1500  847
1500  880
1500  885
1501  790
1501  890
1501  905
1502  809
1502  1196
1503  775
1503  937
1503  1205
1503  1226
1504  782
1504  897
1505  795
1505  829
1505  890
1505  946
1506  740
1506  800
1506  838
1507  496
1507  922
1508  781
1508  910
1509  615
1509  841
1509  901
1509  944
1509  987
1510  955
1510  1195
1510  1200
1512  790
1512  816
1513  754
1513  836
1513  895
1514  740
1514  766
1514  779
1514  987
1516  608
1516  613
1516  801
1516  912
1516  1208
1517  841
1517  903
1517  922
1518  766
1518  896
1518  1005
1519  637
1519  1010
1520  493
1520  610
1520  782
1520  915
1521  483
1521  903
1521  940
1521  1198
1522  644
1522  925
1522  1156
1523  1188
1524  776
1524  1168
1525  906
1526  792
1527  745
1527  920
1527  963
1527  1152
1528  641
1528  823
1528  909
1529  774
1529  785
1529  842
1529  932
1529  1001
1530  630
1530  1196
1531  925
1531  1166
1532  770
1533  916
1533  919
1533  995
1534  1157
1535  645
1535  908
1536  930
1536  1174
1538  651
1538  782
1539  922
1539  955
1540  773
1541  778
1541  829
1541  1015
1541  1151
1542  639
1542  789
1542  937
1542  970
1543  745
1543  922
1543  1164
1544  752
1544  837
1545  781
1546  926
1547  771
1547  967
1548  766
1548  932
1548  935
1548  1161
1550  629
1550  639
1550  783
1552  840
1553  736
1553  772
1553  1182
1554  607
1554  1176
1555  473
1555  638
1555  777
1556  727
1556  782
1556  1157
1557  932
1558  918
1559  968
1559  981
1559  1015
1562  943
1562  1166
1563  952
1563  965
1565  930
1566  475
1566  615
1566  1033
1568  943
1568  1021
1569  718
1570  925
1570  1037
1572  738
1572  1027
1573  1178
1574  840
1574  930
1574  950
1576  926
1577  1176
1578  820
1579  837
1579  935
1581  730
1581  844
1581  956
1581  961
1582  939
1582  942
1582  1180
1583  947
1584  843
1584  929
1584  935
1585  952
1585  960
1585  1177
1587  956
1588  733
1589  1028
1589  1164
1590  947
1590  968
1591  941
1591  957
1592  962
1594  945
1594  949
1595  740
1595  964
1596  705
1596  973
1596  1029
1597  1047
1598  716
1599  951
1599  957
1600  700
1600  945
1602  964
1602  1036
1604  949
1604  972
1605  1186
1606  714
1607  981
1608  832
1612  958
1612  978
1613  722
1613  1181
1614  699
1617  958
1618  833
1619  828
1620  952
1620  1176
1621  722
1623  992
1624  962
1624  980
1624  1192
1625  970
1629  992
1631  973
1632  829
1635  819
1636  996
1637  699
1637  824
1639  705
1640  981
1640  988
1642  966
1643  1002
1644  979
1644  996
1645  972
1645  1008
1646  717
1647  1004
1649  982
1650  993
1650  1008
1650  1012
1654  983
1655  710
1656  1006
1657  687
1657  696
1659  700
1661  994
1663  1007
1664  1002
1665  683
1666  707
1666  987
1668  1009
1670  989
1671  708
1673  687
1675  693
1677  1021
1679  1010
1680  684
1681  1006
1684  994
1685  1001
1688  1020
1690  694
1690  1027
1691  688
1691  998
1699  1002
1701  686
1701  1009
1704  1005
1704  1012
1717  688
1718  692
1719  673
1725  677
1738  670
1810  753
1818  750
1820  761
1823  747
1844  729
1867  747
1881  729
1886  754
1892  729
1911  715
1916  732
1928  713
1932  727
1950  712
1959  728
1963  696
1966  703
1969  720
1970  736
1971  708
1973  753
1975  730
1976  679
1978  644
1978  718
1978  747
1979  670
1982  688
1984  668
1985  698
1985  738
1988  746
1991  659
1993  638
1997  693
1998  644
1999  749
2002  737
2004  692
2004  748
2007  774
2008  702
2008  715
2012  763
2014  578
2015  588
2015  743
2018  785
2020  765
2021  563
2021  761
2022  754
2022  770
2026  775
2032  652
2035  543