# Filename: CLN3-561nm_416_ctrl_60x_007.tif
# Puncta radius (pixels): (1.3888888888888888, 1.3888888888888888)
# Puncta radius (nm): (150, 150)
# Cluster threshold (nm): 300
# Min puncta per cluster: 2
# Voxel size (nm): (108, 108, 200)
Y     X     CLUSTER_ID
50    969   -1
66    1119  -1
68    829   -1
76    824   -1
81    564   -1
98    767   -1
98    1109  -1
104   752   -1
104   811   -1
106   566   -1
106   703   -1
107   767   -1
116   523   -1
117   908   -1
119   842   -1
123   1123  -1
126   849   -1
127   979   -1
129   675   -1
130   749   -1
138   762   -1
141   743   -1
142   1104  -1
146   969   -1
150   318   -1
151   742   -1
152   756   -1
154   335   -1
154   778   -1
161   781   -1
162   677   -1
174   795   -1
177   424   -1
178   378   -1
181   739   -1
181   769   -1
184   813   -1
188   808   -1
198   618   -1
199   843   -1
201   757   -1
201   797   -1
201   831   -1
201   1162  -1
206   817   -1
206   1090  -1
214   946   -1
214   1006  -1
218   646   -1
218   849   -1
219   1032  -1
220   230   -1
220   439   -1
221   873   -1
221   1002  -1
222   220   -1
223   904   -1
224   1070  -1
225   334   -1
227   843   -1
227   876   -1
227   1026  -1
229   990   -1
230   757   -1
231   349   -1
232   959   -1
232   1069  -1
236   678   -1
236   877   -1
236   984   -1
238   1011  -1
239   382   -1
239   867   -1
239   961   -1
240   245   -1
245   863   -1
245   1108  -1
249   438   -1
250   1100  -1
251   441   -1
251   551   -1
251   815   -1
251   1186  -1
252   494   -1
253   567   -1
253   921   -1
254   1052  -1
254   1081  -1
254   1195  -1
255   356   -1
255   840   -1
256   749   -1
258   420   -1
258   894   -1
259   1087  -1
261   861   -1
261   909   -1
264   719   -1
264   754   -1
265   595   -1
265   1071  -1
266   211   -1
267   850   -1
270   873   -1
271   541   -1
271   731   -1
271   1099  -1
273   563   -1
273   1073  -1
273   1092  -1
274   416   -1
277   606   -1
277   619   -1
277   1096  -1
278   916   -1
279   777   -1
279   1289  -1
280   422   -1
280   546   -1
280   562   -1
280   875   -1
280   1068  -1
282   234   -1
283   729   -1
284   689   -1
284   888   -1
285   807   -1
285   1089  -1
286   303   -1
287   798   -1
289   782   -1
289   1059  -1
289   1072  -1
290   428   -1
291   1093  -1
292   1297  -1
294   745   -1
294   764   -1
295   789   -1
295   1078  -1
295   1102  -1
296   511   -1
298   423   -1
298   884   -1
299   535   -1
299   797   -1
299   942   -1
300   1095  -1
301   320   -1
301   333   -1
302   683   -1
302   792   -1
303   646   -1
304   818   -1
305   230   -1
306   981   -1
307   963   -1
308   826   -1
308   978   -1
309   945   -1
309   1217  -1
312   251   -1
312   523   -1
312   635   -1
312   933   -1
313   529   -1
315   835   -1
316   372   -1
318   520   -1
319   382   -1
319   841   -1
320   435   -1
320   948   -1
322   372   -1
322   918   -1
323   1055  -1
324   308   -1
324   863   -1
324   1112  -1
325   281   -1
326   985   -1
326   1123  -1
327   174   -1
327   971   -1
328   869   -1
328   945   -1
329   526   -1
329   1103  -1
330   519   -1
330   773   -1
331   877   -1
333   210   -1
333   260   -1
333   445   -1
334   969   -1
335   1083  -1
336   988   -1
337   436   -1
337   874   -1
337   1585  -1
339   1002  -1
339   1016  -1
340   462   -1
341   982   -1
342   417   -1
342   635   -1
342   1111  -1
343   335   -1
343   934   -1
345   1215  -1
346   976   -1
347   500   -1
348   408   -1
348   891   -1
348   928   -1
348   987   -1
349   923   -1
350   241   -1
352   281   -1
353   763   -1
353   882   -1
355   275   -1
355   435   -1
357   993   -1
357   1568  -1
358   441   -1
361   506   -1
361   527   -1
362   981   -1
362   1239  -1
363   279   -1
364   1585  -1
365   1113  -1
367   190   -1
367   1054  -1
368   245   -1
368   1160  -1
369   285   -1
369   337   -1
369   506   -1
370   306   -1
370   697   -1
371   1134  -1
371   1568  -1
372   359   -1
372   471   -1
372   796   -1
372   943   -1
373   1103  -1
373   1112  -1
374   310   -1
374   1283  -1
375   730   -1
375   797   -1
375   1033  -1
375   1169  -1
377   639   -1
377   1074  -1
378   614   -1
378   754   -1
378   1085  -1
378   1228  -1
380   676   -1
381   238   -1
381   501   -1
382   663   -1
383   729   -1
383   1100  -1
384   645   -1
385   510   -1
385   518   -1
385   921   -1
385   937   -1
385   1011  -1
385   1076  -1
385   1554  -1
386   305   -1
386   482   -1
386   1018  -1
386   1081  -1
386   1184  -1
387   315   -1
388   945   -1
390   982   -1
390   1131  -1
392   753   -1
392   1038  -1
392   1179  -1
393   451   -1
394   625   -1
394   966   -1
395   616   -1
395   813   -1
395   919   -1
395   941   -1
395   954   -1
396   210   -1
396   281   -1
397   611   -1
398   419   -1
398   1129  -1
399   1108  -1
400   713   -1
400   1565  -1
403   341   -1
403   1111  -1
404   956   -1
406   480   -1
406   1145  -1
407   1111  -1
408   256   -1
408   358   -1
409   413   -1
410   434   -1
410   979   -1
414   375   -1
414   559   -1
414   746   -1
417   350   -1
416   1113  -1
420   659   -1
421   344   -1
422   1154  -1
424   1165  -1
426   334   -1
427   608   -1
429   433   -1
429   962   -1
429   1115  -1
430   1059  -1
433   404   -1
434   354   -1
434   667   -1
435   1141  -1
436   1217  -1
437   1099  -1
438   604   -1
439   214   -1
439   589   -1
439   979   -1
440   1149  -1
441   1153  -1
442   476   -1
443   672   -1
444   608   -1
445   660   -1
445   1081  -1
446   282   -1
448   551   -1
448   931   -1
450   475   -1
451   666   -1
452   1217  -1
453   325   -1
453   342   -1
453   649   -1
454   247   -1
454   769   -1
454   1062  -1
454   1454  -1
456   331   -1
456   1049  -1
457   1216  -1
457   1477  -1
458   240   -1
458   265   -1
458   1181  -1
459   462   -1
460   1130  -1
460   1163  -1
460   1396  -1
461   1154  -1
462   455   -1
464   1188  -1
465   926   -1
465   1359  -1
466   937   -1
469   1421  -1
470   274   -1
470   1149  -1
471   1024  -1
472   774   -1
474   975   -1
475   1241  -1
476   748   -1
477   120   -1
478   758   -1
479   529   -1
480   130   -1
480   536   -1
480   1361  -1
481   274   -1
481   1023  -1
482   289   -1
482   443   -1
482   466   -1
483   683   -1
483   1065  -1
483   1319  -1
484   262   -1
485   1250  -1
486   328   -1
486   513   -1
486   1246  -1
487   420   -1
487   1138  -1
488   661   -1
489   449   -1
490   923   -1
491   1027  -1
495   713   -1
495   1014  -1
495   1089  -1
496   1194  -1
496   1252  -1
499   85    -1
499   1195  -1
501   1207  -1
502   258   -1
502   441   -1
502   810   -1
504   779   -1
505   522   -1
506   711   -1
507   551   -1
507   573   -1
507   721   -1
508   1614  -1
509   92    -1
510   1060  -1
510   1653  -1
511   377   -1
511   771   -1
511   1121  -1
512   579   -1
513   797   -1
514   621   -1
514   1056  -1
514   1165  -1
514   1201  -1
514   1227  -1
515   1066  -1
515   1626  -1
516   596   -1
516   767   -1
517   404   -1
517   793   -1
518   575   -1
518   590   -1
518   1186  -1
519   693   -1
520   813   -1
521   387   -1
521   1005  -1
523   934   -1
524   394   -1
524   717   -1
524   1293  -1
525   1055  -1
526   1312  -1
526   1565  -1
527   1604  -1
527   1575  -1
527   1625  -1
528   578   -1
528   779   -1
528   930   -1
528   1057  -1
528   1188  -1
529   986   -1
529   1099  -1
530   384   -1
531   735   -1
531   1552  -1
532   629   -1
533   356   -1
533   377   -1
533   723   -1
534   1557  -1
534   1596  -1
535   795   -1
536   1037  -1
537   1564  -1
539   1046  -1
539   1199  -1
539   1539  -1
539   1546  -1
540   616   -1
540   705   -1
541   930   -1
541   1338  -1
543   317   -1
543   866   -1
543   1556  -1
544   1064  -1
545   792   -1
545   852   -1
545   1460  -1
546   620   -1
546   1444  -1
548   956   -1
549   1184  -1
551   1036  -1
552   1614  -1
553   328   -1
554   1283  -1
554   1409  -1
554   1538  -1
555   967   -1
555   1315  -1
555   1501  -1
555   1549  -1
556   1432  -1
557   902   -1
558   86    -1
559   331   -1
560   836   -1
562   903   -1
562   970   -1
562   1302  -1
563   830   -1
564   889   -1
565   1070  -1
566   874   -1
567   320   -1
568   1189  -1
568   1326  -1
569   967   -1
569   1508  -1
570   265   -1
570   1088  -1
571   684   -1
572   781   -1
573   1241  -1
574   258   -1
574   942   -1
574   1079  -1
575   1359  -1
576   584   -1
576   1368  -1
577   269   -1
577   623   -1
577   722   -1
578   183   -1
578   836   -1
579   951   -1
580   976   -1
581   1244  -1
581   1398  -1
582   837   -1
583   822   -1
587   824   -1
587   829   -1
587   1230  -1
589   1339  -1
590   956   -1
592   456   -1
593   219   -1
596   953   -1
596   1211  -1
596   1221  -1
599   651   -1
602   479   -1
602   901   -1
602   1057  -1
603   698   -1
603   1283  -1
604   320   -1
604   368   -1
604   1225  -1
606   304   -1
606   795   -1
606   804   -1
610   655   -1
611   921   -1
612   1216  -1
612   1268  -1
615   0     -1
615   657   -1
615   767   -1
615   1294  -1
616   150   -1
616   1237  -1
617   742   -1
618   271   -1
618   819   -1
619   185   -1
620   1361  -1
621   660   -1
623   1039  -1
625   648   -1
625   1235  -1
627   289   -1
627   726   -1
628   1203  -1
628   1358  -1
629   1192  -1
633   280   -1
635   26    -1
635   140   -1
638   237   -1
638   704   -1
638   773   -1
638   1070  -1
639   83    -1
639   137   -1
639   397   -1
639   668   -1
641   119   -1
641   211   -1
641   320   -1
641   410   -1
642   924   -1
643   1103  -1
644   173   -1
644   1192  -1
644   1221  -1
645   149   -1
645   1131  -1
646   103   -1
646   660   -1
646   1141  -1
646   1236  -1
647   203   -1
647   331   -1
647   908   -1
648   167   -1
650   174   -1
650   687   -1
652   104   -1
653   255   -1
654   234   -1
654   414   -1
656   17    -1
656   277   -1
658   442   -1
660   53    -1
660   667   -1
660   693   -1
660   1220  -1
661   120   -1
662   57    -1
662   146   -1
662   1197  -1
666   101   -1
667   169   -1
667   421   -1
670   244   -1
670   1166  -1
671   221   -1
672   1355  -1
673   1188  -1
674   428   -1
676   208   -1
676   1222  -1
677   233   -1
677   1287  -1
679   126   -1
680   100   -1
680   804   -1
681   256   -1
681   1182  -1
682   106   -1
682   893   -1
683   119   -1
683   147   -1
683   362   -1
683   1220  -1
684   1240  -1
685   1229  -1
687   127   -1
687   339   -1
688   240   -1
688   443   -1
688   487   -1
688   1195  -1
690   35    -1
690   246   -1
690   268   -1
690   937   -1
691   457   -1
694   1116  -1
695   881   -1
696   1021  -1
700   1226  -1
701   338   -1
701   1020  -1
702   268   -1
702   864   -1
703   1198  -1
710   364   -1
712   1250  -1
716   823   -1
720   1050  -1
721   1160  -1
726   866   -1
726   1248  -1
729   368   -1
730   994   -1
742   196   -1
744   355   -1
749   355   -1
750   55    -1
752   21    -1
752   905   -1
753   1258  -1
759   193   -1
759   532   -1
763   248   -1
765   1269  -1
767   377   -1
768   67    -1
769   787   -1
770   1153  -1
770   1244  -1
771   29    -1
771   356   -1
774   40    -1
774   985   -1
777   354   -1
780   90    -1
781   82    -1
781   545   -1
784   72    -1
784   552   -1
785   1251  -1
787   1244  -1
788   1262  -1
790   928   -1
791   351   -1
791   1266  -1
792   1327  -1
793   507   -1
793   523   -1
799   519   -1
800   7     -1
802   402   -1
804   394   -1
806   135   -1
806   207   -1
806   522   -1
806   866   -1
807   1155  -1
808   387   -1
808   405   -1
808   421   -1
810   61    -1
813   618   -1
816   885   -1
820   484   -1
821   478   -1
822   414   -1
822   447   -1
822   1267  -1
823   1274  -1
825   331   -1
826   629   -1
832   1243  -1
834   845   -1
836   203   -1
837   456   -1
839   74    -1
839   1266  -1
840   83    -1
840   631   -1
843   408   -1
843   441   -1
844   9     -1
844   1096  -1
847   88    -1
850   456   -1
852   426   -1
852   1139  -1
856   435   -1
858   7     -1
858   56    -1
858   587   -1
859   66    -1
862   1266  -1
862   1277  -1
863   27    -1
863   113   -1
863   1254  -1
865   545   -1
865   1286  -1
870   510   -1
870   1269  -1
872   557   -1
873   597   -1
873   1289  -1
874   788   -1
875   1152  -1
876   187   -1
877   305   -1
879   442   -1
879   1235  -1
883   1148  -1
884   200   -1
886   1254  -1
887   582   -1
892   583   -1
893   233   -1
893   370   -1
894   626   -1
894   795   -1
894   1249  -1
895   186   -1
895   686   -1
895   1167  -1
897   1196  -1
898   124   -1
898   397   -1
899   660   -1
901   538   -1
902   440   -1
902   742   -1
904   158   -1
904   188   -1
904   656   -1
904   1201  -1
906   620   -1
908   475   -1
908   1273  -1
909   15    -1
909   258   -1
909   669   -1
910   525   -1
911   189   -1
911   485   -1
911   649   -1
912   218   -1
912   1040  -1
917   309   -1
918   537   -1
920   395   -1
920   561   -1
920   573   -1
922   422   -1
922   625   -1
925   149   -1
925   637   -1
926   1240  -1
927   1244  -1
928   484   -1
928   1124  -1
929   620   -1
929   1028  -1
930   127   -1
931   372   -1
934   159   -1
934   181   -1
935   271   -1
936   1161  -1
938   202   -1
938   560   -1
942   498   -1
946   368   -1
948   773   -1
949   333   -1
949   494   -1
953   103   -1
953   355   -1
954   229   -1
955   1275  -1
956   897   -1
957   348   -1
959   617   -1
959   711   -1
963   9     -1
963   495   -1
963   628   -1
964   241   -1
964   514   -1
967   1239  -1
969   596   -1
971   367   -1
971   1262  -1
973   548   -1
974   171   -1
976   226   -1
979   507   -1
981   349   -1
982   129   -1
983   254   -1
983   487   -1
984   1271  -1
985   149   -1
985   239   -1
985   355   -1
986   347   -1
989   556   -1
989   1114  -1
991   452   -1
992   200   -1
993   477   -1
994   242   -1
995   235   -1
995   1225  -1
996   274   -1
998   246   -1
999   362   -1
1000  491   -1
1005  508   -1
1014  435   -1
1016  67    -1
1018  324   -1
1018  523   -1
1023  280   -1
1024  133   -1
1031  501   -1
1032  13    -1
1033  568   -1
1035  217   -1
1037  458   -1
1039  125   -1
1042  546   -1
1045  157   -1
1045  412   -1
1050  278   -1
1051  414   -1
1053  1553  -1
1055  1578  -1
1057  170   -1
1058  429   -1
1059  1272  -1
1060  555   -1
1071  460   -1
1072  372   -1
1072  396   -1
1072  582   -1
1074  303   -1
1075  522   -1
1085  308   -1
1085  627   -1
1087  1224  -1
1088  93    -1
1088  122   -1
1088  258   -1
1091  442   -1
1094  342   -1
1096  115   -1
1098  180   -1
1098  1527  -1
1102  342   -1
1104  1225  -1
1106  304   -1
1109  736   -1
1110  187   -1
1111  292   -1
1111  408   -1
1112  279   -1
1113  269   -1
1116  166   -1
1122  207   -1
1130  286   -1
1130  360   -1
1131  368   -1
1135  143   -1
1135  221   -1
1135  418   -1
1140  205   -1
1143  20    -1
1143  715   -1
1144  214   -1
1146  181   -1
1146  1356  -1
1148  1136  -1
1153  298   -1
1153  418   -1
1154  718   -1
1155  323   -1
1155  360   -1
1155  369   -1
1156  391   -1
1156  1432  -1
1158  382   -1
1159  325   -1
1160  219   -1
1161  416   -1
1163  181   -1
1165  334   -1
1165  365   -1
1166  313   -1
1166  612   -1
1171  261   -1
1174  192   -1
1174  363   -1
1175  182   -1
1175  697   -1
1176  254   -1
1180  285   -1
1182  261   -1
1183  13    -1
1185  138   -1
1188  195   -1
1194  254   -1
1194  258   -1
1195  46    -1
1195  674   -1
1196  242   -1
1196  355   -1
1198  6     -1
1198  19    -1
1199  105   -1
1200  263   -1
1201  210   -1
1201  215   -1
1202  311   -1
1203  332   -1
1205  82    -1
1205  87    -1
1206  318   -1
1206  645   -1
1208  115   -1
1208  177   -1
1209  36    -1
1209  244   -1
1213  251   -1
1213  298   -1
1214  59    -1
1220  341   -1
1222  93    -1
1222  162   -1
1225  346   -1
1229  102   -1
1229  342   -1
1230  146   -1
1230  255   -1
1232  230   -1
1232  718   -1
1234  498   -1
1236  703   -1
1237  115   -1
1238  197   -1
1238  315   -1
1238  360   -1
1239  78    -1
1239  183   -1
1240  215   -1
1240  368   -1
1240  378   -1
1242  165   -1
1242  336   -1
1243  115   -1
1243  137   -1
1243  384   -1
1245  190   -1
1245  330   -1
1246  355   -1
1247  204   -1
1250  932   -1
1251  42    -1
1251  390   -1
1251  711   -1
1252  616   -1
1253  592   -1
1254  36    -1
1254  782   -1
1254  979   -1
1255  138   -1
1256  73    -1
1256  191   -1
1256  471   -1
1257  0     -1
1257  98    -1
1257  150   -1
1257  541   -1
1259  769   -1
1260  611   -1
1261  139   -1
1261  158   -1
1261  203   -1
1263  377   -1
1264  175   -1
1264  773   -1
1265  500   -1
1266  146   -1
1266  430   -1
1266  436   -1
1267  367   -1
1270  217   -1
1273  52    -1
1273  96    -1
1273  134   -1
1275  147   -1
1275  156   -1
1276  18    -1
1277  361   -1
1278  489   -1
1279  140   -1
1279  411   -1
1279  619   -1
1282  16    -1
1282  1186  -1
1284  5     -1
1284  84    -1
1285  456   -1
1290  23    -1
1290  411   -1
1293  78    -1
1296  388   -1
1303  58    -1
1304  139   -1
1305  407   -1
1305  458   -1
1308  205   -1
1316  525   -1
1321  592   -1
1322  585   -1
1326  489   -1
1330  311   -1
1334  329   -1
1334  555   -1
1335  470   -1
1337  315   -1
1340  184   -1
1344  384   -1
1344  424   -1
1344  535   -1
1345  549   -1
1349  133   -1
1351  301   -1
1352  324   -1
1352  577   -1
1354  491   -1
1355  592   -1
1357  611   -1
1360  458   -1
1361  738   -1
1363  36    -1
1363  408   -1
1365  130   -1
1368  308   -1
1371  496   -1
1372  594   -1
1376  497   -1
1377  46    -1
1377  413   -1
1378  402   -1
1379  620   -1
1380  384   -1
1384  612   -1
1385  163   -1
1386  178   -1
1388  420   -1
1389  327   -1
1393  508   -1
1394  106   -1
1394  526   -1
1394  572   -1
1396  792   -1
1407  612   -1
1412  889   -1
1413  396   -1
1414  561   -1
1415  328   -1
1421  1490  -1
1424  150   -1
1426  523   -1
1429  559   -1
1432  156   -1
1432  1599  -1
1437  514   -1
1437  1577  -1
1442  521   -1
1443  512   -1
1443  569   -1
1446  53    -1
1446  318   -1
1454  127   -1
1454  136   -1
1458  1511  -1
1460  504   -1
1461  550   -1
1461  737   -1
1463  410   -1
1464  490   -1
1466  415   -1
1467  395   -1
1467  747   -1
1468  441   -1
1468  546   -1
1470  533   -1
1473  136   -1
1474  39    -1
1475  380   -1
1487  530   -1
1488  1531  -1
1496  1527  -1
1497  350   -1
1501  366   -1
1503  529   -1
1504  317   -1
1508  523   -1
1510  336   -1
1510  465   -1
1510  1539  -1
1514  833   -1
1518  343   -1
1518  663   -1
1519  367   -1
1520  334   -1
1526  378   -1
1526  544   -1
1531  889   -1
1532  434   -1
1533  405   -1
1533  902   -1
1535  1320  -1
1538  466   -1
1541  384   -1
1541  905   -1
1541  1524  -1
1543  788   -1
1543  812   -1
1544  445   -1
1546  373   -1
1548  417   -1
1549  531   -1
1550  412   -1
1551  1132  -1
1553  348   -1
1553  524   -1
1553  754   -1
1559  1522  -1
1563  514   -1
1563  1222  -1
1563  1227  -1
1563  1365  -1
1566  1220  -1
1572  320   -1
1574  505   -1
1575  337   -1
1575  357   -1
1580  298   -1
1580  740   -1
1581  522   -1
1582  703   -1
1583  1316  -1
1585  500   -1
1586  436   -1
1589  771   -1
1593  336   -1
1594  508   -1
1595  1170  -1
1600  1518  -1
1603  1351  -1
1605  512   -1
1609  721   -1
1609  1327  -1
1611  1129  -1
1612  812   -1
1612  1125  -1
1618  308   -1
1618  705   -1
1619  647   -1
1621  417   -1
1622  684   -1
1622  690   -1
1625  1324  -1
1625  1367  -1
1630  274   -1
1632  460   -1
1633  920   -1
1635  1128  -1
1635  1608  -1
1639  275   -1
1641  264   -1
1641  1092  -1
1649  407   -1
1650  1452  -1
1650  1581  -1
1651  280   -1
1652  483   -1
1652  753   -1
1655  456   -1
1656  663   -1
1657  272   -1
1660  1389  -1
1660  1443  -1
1661  1476  -1
1664  417   -1
1666  641   -1
1669  691   -1
1671  57    -1
1672  990   -1
1676  947   -1
1676  1554  -1
1679  644   -1
1681  489   -1
1681  543   -1
1681  1426  -1
1683  577   -1
1684  1700  -1
1686  552   -1
1686  638   -1
1686  741   -1
1686  997   -1
1687  1620  -1
1689  581   -1
1692  1505  -1
1693  235   -1
1693  523   -1
1693  556   -1
1693  1808  -1
1694  1524  -1
1697  923   -1
1697  1671  -1
1697  1678  -1
1697  1951  -1
1698  300   -1
1699  324   -1
1699  481   -1
1700  1339  -1
1701  336   -1
1701  624   -1
1702  286   -1
1703  1972  -1
1704  491   -1
1705  286   -1
1705  470   -1
1706  796   -1
1707  295   -1
1708  393   -1
1708  624   -1
1709  355   -1
1710  1334  -1
1710  1605  -1
1715  471   -1
1716  845   -1
1717  1399  -1
1718  1714  -1
1719  431   -1
1719  1681  -1
1721  634   -1
1721  739   -1
1722  497   -1
1722  775   -1
1723  263   -1
1723  1450  -1
1724  1362  -1
1725  403   -1
1725  464   -1
1725  1392  -1
1725  1716  -1
1726  600   -1
1728  1304  -1
1734  1430  -1
1734  1481  -1
1736  322   -1
1736  1328  -1
1736  1436  -1
1738  842   -1
1738  1457  -1
1739  408   -1
1740  1426  -1
1740  1478  -1
1742  1411  -1
1744  808   -1
1746  789   -1
1746  1472  -1
1747  335   -1
1750  750   -1
1750  829   -1
1751  1942  -1
1753  1364  -1
1756  772   -1
1758  491   -1
1758  619   -1
1758  1308  -1
1758  1460  -1
1758  1994  -1
1759  385   -1
1759  437   -1
1759  462   -1
1759  1946  -1
1762  1289  -1
1764  429   -1
1765  1454  -1
1766  1905  -1
1767  1383  -1
1768  386   -1
1768  721   -1
1768  820   -1
1768  1316  -1
1773  1387  -1
1776  1255  -1
1777  1576  -1
1778  695   -1
1779  1951  -1
1782  730   -1
1782  781   -1
1782  1252  -1
1784  328   -1
1784  1398  -1
1785  623   -1
1785  642   -1
1785  735   -1
1785  768   -1
1787  1308  -1
1788  1842  -1
1789  626   -1
1789  1911  -1
1790  665   -1
1790  701   -1
1791  1357  -1
1793  1265  -1
1795  1902  -1
1801  571   -1
1802  1834  -1
1807  439   -1
1810  1380  -1
1811  1307  -1
1815  705   -1
1815  757   -1
1818  429   -1
1818  1354  -1
1819  406   -1
1821  444   -1
1822  382   -1
1822  715   -1
1825  731   -1
1825  1727  -1
1826  389   -1
1826  719   -1
1826  1424  -1
1828  1204  -1
1830  707   -1
1833  1408  -1
1833  1497  -1
1834  1374  -1
1834  1914  -1
1835  1387  -1
1838  675   -1
1844  697   -1
1844  841   -1
1844  1822  -1
1847  688   -1
1847  1316  -1
1850  658   -1
1850  674   -1
1852  1817  -1
1854  655   -1
1856  1389  -1
1857  655   -1
1859  728   -1
1859  1570  -1
1861  1677  -1
1862  651   -1
1862  661   -1
1862  1573  -1
1863  1853  -1
1864  1403  -1
1866  801   -1
1866  1600  -1
1867  526   -1
1867  1577  -1
1867  1949  -1
1868  1452  -1
1869  637   -1
1871  1393  -1
1871  1590  -1
1874  969   -1
1874  1425  -1
1875  1262  -1
1878  660   -1
1878  690   -1
1878  1633  -1
1880  669   -1
1881  1286  -1
1884  663   -1
1886  678   -1
1888  1258  -1
1888  1879  -1
1891  651   -1
1891  1378  -1
1894  1796  -1
1895  627   -1
1896  1636  -1
1899  772   -1
1899  1019  -1
1900  644   -1
1900  651   -1
1900  1006  -1
1907  1847  -1
1915  570   -1
1917  619   -1
1917  810   -1
1917  1707  -1
1918  594   -1
1918  1697  -1
1918  1843  -1
1921  1704  -1
1922  586   -1
1925  650   -1
1925  791   -1
1925  904   -1
1925  1456  -1
1926  699   -1
1933  1059  -1
1935  968   -1
1936  650   -1
1936  1020  -1
1937  772   -1
1940  918   -1
1940  1054  -1
1941  762   -1
1942  701   -1
1943  553   -1
1944  1444  -1
1945  779   -1
1949  545   -1
1950  1713  -1
1952  699   -1
1952  734   -1
1952  765   -1
1952  905   -1
1952  1146  -1
1953  1206  -1
1955  670   -1
1955  1257  -1
1956  1412  -1
1958  1040  -1
1958  1468  -1
1959  727   -1
1959  2022  -1
1960  865   -1
1962  695   -1
1964  527   -1
1964  1092  -1
1965  680   -1
1967  689   -1
1967  807   -1
1971  1064  -1
1973  829   -1
1975  842   -1
1977  779   -1
1979  416   -1
1979  642   -1
1979  786   -1
1979  1164  -1
1979  1207  -1
1980  1558  -1
1981  1733  -1
1984  1199  -1
1987  674   -1
1987  987   -1
1987  1413  -1
1989  638   -1
1988  1177  -1
1990  667   -1
1991  1745  -1
1994  1736  -1
1998  800   -1
1998  1262  -1
1999  522   -1
1999  1625  -1
2004  1166  -1
2005  1213  -1
2007  981   -1
2008  1241  -1
2016  524   -1
2016  1482  -1
2018  966   -1
2019  505   -1
2022  1198  -1
2024  1238  -1
2025  1189  -1
2025  1715  -1
2026  1160  -1
2032  794   -1
2033  1075  -1
2036  1162  -1
2037  1236  -1
2039  1626  -1
2041  738   -1
2042  357   -1
2044  685   -1
2044  1751  -1
2047  473   -1
24    825   -1
118   837   -1
121   913   -1
154   626   -1
205   618   -1
221   914   -1
225   1082  -1
227   1099  -1
237   989   -1
237   1081  -1
239   871   -1
241   915   -1
241   940   -1
243   1016  -1
244   931   -1
250   876   -1
257   1071  -1
260   874   -1
263   1118  -1
273   925   -1
276   825   -1
284   899   -1
291   439   -1
290   738   -1
291   932   -1
293   830   -1
296   1085  -1
296   960   -1
300   906   -1
300   759   -1
305   938   -1
306   1100  -1
309   902   -1
316   1002  -1
323   507   -1
323   859   -1
331   848   -1
331   769   -1
333   356   -1
333   1100  -1
332   1212  -1
335   1013  -1
338   1118  -1
341   856   -1
342   996   -1
343   1089  -1
344   990   -1
344   876   -1
345   1036  -1
348   1104  -1
354   966   -1
355   1007  -1
355   1115  -1
358   1019  -1
360   970   -1
361   677   -1
361   426   -1
363   904   -1
363   702   -1
365   1010  -1
366   769   -1
366   930   -1
367   1086  -1
367   1121  -1
368   762   -1
372   1088  -1
376   744   -1
376   1089  -1
378   814   -1
391   1014  -1
389   1034  -1
392   699   -1
390   697   -1
390   936   -1
391   1059  -1
392   728   -1
397   962   -1
399   1198  -1
400   604   -1
403   708   -1
406   1157  -1
409   969   -1
410   720   -1
411   934   -1
412   382   -1
414   804   -1
418   1108  -1
421   1108  -1
418   1150  -1
421   1092  -1
421   928   -1
423   755   -1
423   789   -1
426   245   -1
424   1147  -1
426   484   -1
428   569   -1
427   938   -1
427   1130  -1
429   1157  -1
430   910   -1
430   1489  -1
435   500   -1
435   728   -1
437   1058  -1
437   701   -1
438   1202  -1
440   719   -1
442   1141  -1
443   789   -1
446   1078  -1
447   1412  -1
449   926   -1
452   866   -1
455   1172  -1
457   987   -1
458   996   -1
457   1138  -1
460   1246  -1
460   604   -1
463   1230  -1
464   498   -1
467   976   -1
470   929   -1
469   1219  -1
470   1162  -1
474   818   -1
475   766   -1
477   1004  -1
478   699   -1
481   1178  -1
481   1190  -1
484   1076  -1
485   1162  -1
487   812   -1
488   527   -1
490   794   -1
493   765   -1
495   600   -1
495   1078  -1
496   541   -1
498   1070  -1
501   845   -1
504   417   -1
504   684   -1
505   749   -1
506   808   -1
507   697   -1
508   1010  -1
509   659   -1
512   1024  -1
515   907   -1
519   947   -1
520   999   -1
519   1259  -1
522   1142  -1
523   1596  -1
528   833   -1
525   831   -1
524   1534  -1
526   745   -1
527   807   -1
527   1529  -1
528   899   -1
528   1088  -1
529   588   -1
529   726   -1
530   1010  -1
531   833   -1
530   1294  -1
532   616   -1
535   982   -1
536   625   -1
537   1260  -1
540   1209  -1
540   1518  -1
541   749   -1
542   479   -1
543   1013  -1
543   1187  -1
542   1484  -1
544   494   -1
545   824   -1
546   1318  -1
545   1613  -1
547   1021  -1
547   993   -1
547   1227  -1
549   332   -1
549   686   -1
549   1265  -1
551   979   -1
553   974   -1
550   1204  -1
551   1553  -1
552   1468  -1
553   893   -1
553   896   -1
554   725   -1
555   890   -1
555   1425  -1
556   699   -1
555   828   -1
555   1215  -1
556   1241  -1
557   885   -1
558   1297  -1
560   1059  -1
559   1076  -1
562   1313  -1
559   1311  -1
560   756   -1
561   300   -1
562   772   -1
562   1236  -1
563   1332  -1
566   841   -1
563   842   -1
563   1277  -1
567   691   -1
567   685   -1
567   851   -1
567   1076  -1
568   1413  -1
568   1428  -1
571   1021  -1
573   1073  -1
572   1304  -1
574   862   -1
573   1372  -1
574   837   -1
574   1202  -1
575   1256  -1
575   700   -1
575   831   -1
579   849   -1
578   1196  -1
581   855   -1
580   1308  -1
580   1412  -1
582   663   -1
581   1196  -1
583   912   -1
585   1349  -1
585   1327  -1
588   729   -1
588   930   -1
588   1271  -1
590   467   -1
589   1075  -1
591   723   -1
591   1301  -1
592   728   -1
594   818   -1
594   908   -1
594   700   -1
594   1278  -1
601   905   -1
602   354   -1
602   813   -1
603   1229  -1
603   1083  -1
607   480   -1
609   1053  -1
612   453   -1
614   1115  -1
615   1243  -1
616   341   -1
616   1070  -1
618   887   -1
620   1129  -1
621   200   -1
620   780   -1
620   1122  -1
622   1114  -1
628   257   -1
629   799   -1
630   925   -1
632   294   -1
632   365   -1
632   1137  -1
634   757   -1
635   1214  -1
635   399   -1
635   1038  -1
637   728   -1
639   676   -1
645   680   -1
640   1058  -1
642   1110  -1
648   675   -1
648   678   -1
644   1211  -1
647   1296  -1
647   416   -1
650   696   -1
657   425   -1
656   1110  -1
660   399   -1
661   1025  -1
661   920   -1
663   825   -1
662   1208  -1
664   696   -1
664   809   -1
665   1186  -1
667   300   -1
672   905   -1
673   1213  -1
673   1336  -1
675   1245  -1
678   789   -1
679   1115  -1
681   1119  -1
682   468   -1
682   1126  -1
686   902   -1
685   1208  -1
688   871   -1
689   1210  -1
689   95    -1
690   98    -1
690   276   -1
691   903   -1
692   1241  -1
693   462   -1
696   1238  -1
697   277   -1
696   1231  -1
699   931   -1
699   298   -1
699   846   -1
702   834   -1
706   323   -1
706   926   -1
708   1019  -1
708   1037  -1
708   1246  -1
710   1287  -1
710   100   -1
713   327   -1
714   239   -1
714   1011  -1
717   867   -1
718   1198  -1
723   1302  -1
723   490   -1
725   961   -1
727   849   -1
728   1049  -1
728   1225  -1
729   1235  -1
732   892   -1
733   1148  -1
733   1039  -1
733   1186  -1
734   1017  -1
737   998   -1
738   1294  -1
749   803   -1
749   843   -1
749   784   -1
753   1185  -1
754   1240  -1
756   255   -1
755   510   -1
755   598   -1
758   916   -1
760   6     -1
759   849   -1
763   1134  -1
767   545   -1
768   402   -1
772   540   -1
773   1229  -1
775   1083  -1
778   327   -1
781   1059  -1
780   1121  -1
781   1146  -1
784   1037  -1
790   526   -1
790   1045  -1
790   51    -1
792   1133  -1
790   1131  -1
794   87    -1
796   115   -1
798   904   -1
799   586   -1
804   1236  -1
806   904   -1
809   1320  -1
812   539   -1
814   1320  -1
817   999   -1
821   352   -1
829   527   -1
833   648   -1
834   1148  -1
835   639   -1
835   1080  -1
840   655   -1
840   1285  -1
844   1048  -1
844   1157  -1
846   658   -1
847   670   -1
847   573   -1
849   1118  -1
851   674   -1
850   683   -1
852   630   -1
852   1115  -1
852   1228  -1
855   89    -1
854   572   -1
856   783   -1
859   1231  -1
863   325   -1
860   507   -1
863   778   -1
864   578   -1
867   459   -1
868   419   -1
869   466   -1
869   441   -1
869   1274  -1
870   860   -1
872   408   -1
873   439   -1
879   748   -1
880   1108  -1
882   1226  -1
883   292   -1
882   436   -1
882   1166  -1
885   1191  -1
888   525   -1
894   442   -1
894   226   -1
895   364   -1
896   581   -1
897   359   -1
897   1258  -1
898   381   -1
906   588   -1
907   448   -1
908   296   -1
911   1182  -1
915   642   -1
915   542   -1
918   457   -1
918   993   -1
919   1191  -1
920   460   -1
923   64    -1
928   1172  -1
932   652   -1
930   650   -1
929   1220  -1
931   396   -1
932   494   -1
932   238   -1
932   1104  -1
934   1024  -1
935   1015  -1
937   1234  -1
939   585   -1
940   340   -1
944   279   -1
944   354   -1
945   147   -1
947   1277  -1
949   210   -1
960   1271  -1
961   1157  -1
963   1316  -1
966   942   -1
966   1249  -1
967   1268  -1
970   1258  -1
972   1231  -1
978   492   -1
978   1204  -1
985   924   -1
987   486   -1
988   1246  -1
999   280   -1
1000  326   -1
1002  1217  -1
1001  1254  -1
1004  1231  -1
1005  754   -1
1016  353   -1
1024  586   -1
1024  323   -1
1025  450   -1
1027  290   -1
1028  434   -1
1030  512   -1
1029  682   -1
1034  461   -1
1034  240   -1
1042  1232  -1
1045  496   -1
1047  1277  -1
1049  489   -1
1051  440   -1
1052  449   -1
1054  461   -1
1058  417   -1
1060  437   -1
1061  318   -1
1065  1220  -1
1081  166   -1
1080  258   -1
1087  1368  -1
1090  262   -1
1092  323   -1
1092  1216  -1
1095  264   -1
1103  378   -1
1106  336   -1
1115  281   -1
1122  252   -1
1123  441   -1
1126  382   -1
1129  332   -1
1129  457   -1
1129  194   -1
1135  264   -1
1135  333   -1
1139  240   -1
1141  242   -1
1154  374   -1
1154  338   -1
1178  266   -1
1193  655   -1
1195  332   -1
1196  298   -1
1201  661   -1
1210  239   -1
1210  688   -1
1216  350   -1
1220  464   -1
1224  126   -1
1224  120   -1
1227  1037  -1
1228  363   -1
1231  380   -1
1231  686   -1
1235  241   -1
1236  590   -1
1237  513   -1
1240  475   -1
1240  311   -1
1245  414   -1
1244  606   -1
1247  553   -1
1246  643   -1
1247  661   -1
1246  750   -1
1248  831   -1
1251  400   -1
1251  427   -1
1252  460   -1
1252  559   -1
1254  863   -1
1253  889   -1
1254  898   -1
1258  183   -1
1259  570   -1
1261  413   -1
1261  416   -1
1261  471   -1
1261  693   -1
1261  386   -1
1262  439   -1
1262  829   -1
1262  989   -1
1263  382   -1
1267  482   -1
1268  1400  -1
1269  914   -1
1272  490   -1
1273  643   -1
1274  345   -1
1277  826   -1
1279  455   -1
1288  368   -1
1289  626   -1
1289  876   -1
1290  180   -1
1302  470   -1
1310  454   -1
1313  538   -1
1316  311   -1
1319  301   -1
1319  320   -1
1337  445   -1
1345  463   -1
1358  454   -1
1358  468   -1
1359  26    -1
1360  429   -1
1361  839   -1
1367  857   -1
1371  870   -1
1407  525   -1
1410  878   -1
1411  615   -1
1423  511   -1
1425  146   -1
1429  782   -1
1439  768   -1
1442  907   -1
1443  1505  -1
1453  725   -1
1457  1570  -1
1459  923   -1
1474  695   -1
1501  678   -1
1504  676   -1
1501  955   -1
1503  936   -1
1509  960   -1
1525  826   -1
1534  1048  -1
1535  1051  -1
1537  1531  -1
1540  832   -1
1545  1303  -1
1550  787   -1
1549  1315  -1
1557  672   -1
1557  1262  -1
1560  1254  -1
1562  428   -1
1561  1243  -1
1572  703   -1
1573  326   -1
1592  1183  -1
1607  470   -1
1611  710   -1
1629  1120  -1
1639  1096  -1
1641  255   -1
1643  480   -1
1646  1091  -1
1648  799   -1
1651  476   -1
1664  1048  -1
1666  996   -1
1669  719   -1
1674  1528  -1
1679  606   -1
1680  659   -1
1682  511   -1
1683  955   -1
1686  541   -1
1687  922   -1
1686  1009  -1
1687  531   -1
1697  1448  -1
1701  725   -1
1701  1348  -1
1708  856   -1
1755  1013  -1
1758  1212  -1
1761  1365  -1
1767  1202  -1
1775  665   -1
1794  1969  -1
1820  699   -1
1832  699   -1
1908  859   -1
1924  962   -1
1965  548   -1
1966  1467  -1
529   934   0
530   936   0
573   973   1
576   972   1
574   972   1
578   968   2
578   969   2
580   969   2
624   1132  3
623   1131  3
807   497   4
807   498   4
848   74    5
849   76    5
1124  203   6
1124  204   6
1142  367   7
1143  366   7
1221  119   8
1221  118   8
1256  278   9
1255  279   9
113   1138  10
114   1138  10
113   1138  10
112   1136  10
114   1138  10
111   1137  10
113   1139  10
116   1138  10
115   1136  10
112   1136  10
111   1139  10
115   1140  10
133   121   11
132   119   11
135   121   11
184   749   12
182   748   12
218   675   13
218   675   13
218   675   13
218   675   13
218   675   13
217   675   13
217   676   13
220   675   13
217   674   13
218   676   13
219   674   13
217   676   13
220   675   13
217   674   13
219   676   13
217   674   13
221   675   13
217   676   13
220   674   13
216   675   13
222   675   13
219   676   13
219   673   13
215   673   13
220   677   13
217   672   13
217   676   13
222   675   13
218   674   13
216   675   13
221   676   13
215   673   13
219   672   13
218   677   13
220   674   13
222   677   13
217   672   13
247   902   14
247   902   14
251   949   15
253   949   15
250   951   15
257   885   16
255   885   16
289   441   17
291   442   17
288   441   17
293   946   18
291   945   18
295   1071  19
297   1071  19
302   842   20
301   841   20
303   805   21
302   803   21
312   686   22
313   687   22
312   685   22
310   686   22
308   687   22
325   937   23
327   937   23
326   938   23
326   936   23
339   504   24
341   505   24
339   502   24
347   847   25
349   847   25
356   984   26
356   984   26
355   983   26
357   984   26
357   916   27
359   917   27
360   810   28
361   812   28
364   1031  29
364   1030  29
373   1022  30
375   1022  30
375   1053  31
375   1053  31
375   1053  31
376   1054  31
375   1053  31
376   1054  31
378   919   32
380   920   32
380   1126  33
380   1126  33
393   960   34
391   960   34
399   914   35
400   915   35
402   1145  36
400   1145  36
410   1125  37
410   1124  37
412   953   38
412   953   38
415   1168  39
416   1169  39
416   1125  40
418   1125  40
424   994   41
422   993   41
422   995   41
426   561   42
427   562   42
433   1067  43
431   1068  43
435   1068  43
433   1162  44
435   1162  44
435   333   45
436   335   45
436   333   45
435   335   45
446   355   46
446   357   46
448   755   47
448   755   47
454   571   48
455   570   48
457   749   49
459   750   49
456   1177  50
457   1177  50
462   701   51
463   702   51
465   1008  52
466   1008  52
476   661   53
477   662   53
479   1000  54
479   1000  54
480   724   55
482   723   55
479   724   55
482   1027  56
482   1029  56
485   965   57
483   966   57
483   472   58
483   472   58
493   505   59
494   505   59
497   966   60
496   965   60
497   966   60
502   556   61
501   558   61
502   556   61
503   995   62
504   995   62
504   951   63
505   950   63
504   1021  64
504   1021  64
507   762   65
505   762   65
507   986   66
507   986   66
507   1182  67
508   1183  67
509   1020  68
510   1018  68
513   739   69
512   740   69
516   630   70
516   630   70
517   753   71
517   754   71
519   511   72
520   512   72
519   1350  73
520   1349  73
522   617   74
520   616   74
522   1095  75
523   1095  75
528   1082  76
530   1083  76
530   1543  77
529   1544  77
532   917   78
534   917   78
539   982   79
539   981   79
538   1447  80
538   1446  80
540   1320  81
540   1319  81
540   1572  82
539   1573  82
542   1308  83
541   1308  83
543   1276  84
543   1276  84
543   1428  85
543   1429  85
546   923   86
545   923   86
551   976   87
555   976   87
553   977   87
554   1186  88
553   1187  88
556   1036  89
556   1037  89
556   1220  90
557   1221  90
556   1220  90
556   1010  91
557   1010  91
560   917   92
561   918   92
562   993   93
561   992   93
563   1399  94
562   1400  94
564   810   95
566   811   95
568   1315  96
567   1314  96
568   1343  97
567   1343  97
570   985   98
570   984   98
570   732   99
569   732   99
570   1276  100
570   1276  100
571   1275  100
572   1471  101
571   1472  101
574   704   102
574   705   102
576   1019  103
575   1019  103
581   1353  104
582   1353  104
584   1408  105
583   1407  105
585   1280  106
585   1281  106
587   1015  107
588   1015  107
586   1015  107
588   1309  108
588   1310  108
590   713   109
590   713   109
594   743   110
594   743   110
594   830   111
594   831   111
594   1314  112
594   1313  112
595   1193  113
596   1192  113
599   1052  114
599   1053  114
602   889   115
600   890   115
601   888   115
603   1234  116
603   1235  116
605   799   117
607   798   117
608   937   118
607   937   118
608   938   118
612   1184  119
610   1184  119
613   724   120
612   723   120
615   874   121
616   875   121
622   369   122
622   368   122
621   367   122
623   370   122
619   368   122
622   1228  123
622   1227  123
624   1188  124
622   1188  124
625   705   125
624   704   125
625   712   126
625   713   126
625   1197  127
625   1197  127
626   375   128
625   377   128
629   350   129
629   349   129
631   399   130
632   400   130
631   399   130
632   401   130
631   1046  131
632   1047  131
630   1113  132
632   1113  132
631   1196  133
631   1196  133
633   1067  134
633   1067  134
635   436   135
634   437   135
638   1038  136
639   1038  136
639   817   137
639   818   137
639   817   137
639   818   137
639   975   138
639   974   138
642   677   139
642   680   139
640   679   139
643   678   139
645   676   140
644   675   140
641   1100  141
639   1099  141
641   714   142
641   714   142
640   769   143
641   770   143
641   802   144
642   803   144
651   677   145
653   678   145
644   918   146
644   919   146
649   789   147
649   789   147
649   961   148
648   960   148
650   1041  149
652   1041  149
653   441   150
652   440   150
654   1205  151
654   1205  151
662   671   152
663   673   152
660   671   152
664   1085  153
665   1084  153
668   949   154
667   949   154
668   162   155
669   164   155
670   1095  156
669   1095  156
671   1010  157
671   1012  157
673   1119  158
671   1118  158
675   1211  159
676   1211  159
678   831   160
679   832   160
681   1052  161
682   1052  161
684   900   162
683   900   162
693   1099  163
693   1101  163
703   887   164
703   887   164
704   1303  165
703   1302  165
710   1047  166
709   1048  166
714   1015  167
713   1016  167
714   1028  168
716   1028  168
717   808   169
718   809   169
719   1223  170
719   1224  170
721   828   171
720   827   171
724   948   172
725   948   172
732   491   173
731   490   173
733   558   174
733   558   174
734   1162  175
734   1162  175
736   493   176
737   493   176
737   945   177
736   944   177
738   1301  178
738   1301  178
740   981   179
740   982   179
741   1193  180
741   1193  180
742   1034  181
743   1030  181
742   1032  181
742   1230  182
742   1230  182
744   833   183
744   832   183
744   567   184
744   567   184
745   812   185
745   812   185
749   894   186
749   893   186
750   582   187
750   580   187
756   307   188
756   309   188
765   1247  189
764   1246  189
769   523   190
769   523   190
774   752   191
773   753   191
774   788   192
773   787   192
778   858   193
779   858   193
782   519   194
781   518   194
783   1222  195
783   1222  195
784   1205  196
784   1205  196
787   1071  197
786   1069  197
788   321   198
788   322   198
791   743   199
789   742   199
793   1259  200
793   1259  200
795   561   201
795   561   201
795   1214  202
796   1212  202
800   1255  203
800   1256  203
800   1006  204
801   1007  204
801   557   205
803   557   205
804   659   206
804   660   206
805   1016  207
804   1015  207
805   1127  208
806   1127  208
808   538   209
809   539   209
809   691   210
809   691   210
809   691   210
814   461   211
814   463   211
814   652   212
814   654   212
817   1077  213
818   1078  213
817   1255  214
817   1255  214
817   394   215
818   396   215
821   1208  216
820   1209  216
824   526   217
824   527   217
825   1166  218
827   1167  218
825   1165  218
826   592   219
826   592   219
829   611   220
830   611   220
831   646   221
831   645   221
831   1157  222
832   1157  222
833   633   223
833   633   223
835   622   224
836   624   224
836   414   225
837   415   225
837   1256  226
837   1256  226
837   648   227
838   648   227
840   622   228
840   622   228
840   621   228
841   621   228
839   621   228
841   852   229
839   853   229
843   612   230
843   612   230
843   612   230
843   612   230
843   610   230
845   613   230
847   415   231
848   414   231
850   572   232
850   571   232
851   641   233
852   642   233
853   1234  234
853   1234  234
857   536   235
857   536   235
856   631   236
857   630   236
858   673   237
857   672   237
858   672   237
858   673   237
857   811   238
857   810   238
858   550   239
858   550   239
860   325   240
861   327   240
859   326   240
864   510   241
864   511   241
866   554   242
864   554   242
867   625   243
868   625   243
868   626   243
871   733   244
871   732   244
870   1220  245
871   1221  245
872   677   246
871   677   246
872   678   246
872   1257  247
873   1256  247
873   1280  248
873   1280  248
876   1106  249
875   1106  249
876   1213  250
876   1213  250
878   427   251
878   427   251
877   427   251
878   425   251
880   490   252
878   490   252
879   621   253
878   621   253
882   1229  254
882   1229  254
881   1230  254
882   1229  254
882   1154  255
882   1153  255
881   1154  255
884   707   256
883   709   256
882   710   256
883   527   257
883   526   257
884   527   257
884   1184  258
884   1183  258
886   1295  259
886   1295  259
888   484   260
888   483   260
891   1276  261
891   1276  261
892   1218  262
892   1218  262
893   1241  263
892   1242  263
901   533   264
902   533   264
908   864   265
907   864   265
907   1262  266
907   1262  266
913   474   267
913   474   267
916   856   268
917   856   268
918   1271  269
918   1271  269
920   1287  270
920   1287  270
925   1136  271
926   1137  271
929   679   272
929   678   272
930   1131  273
930   1131  273
932   606   274
931   607   274
931   614   275
932   614   275
933   321   276
933   323   276
935   787   277
935   787   277
935   900   278
935   899   278
936   358   279
935   357   279
936   1048  280
936   1048  280
936   1047  280
940   326   281
939   326   281
941   441   282
941   443   282
941   953   283
941   953   283
941   757   284
941   758   284
946   1186  285
946   1186  285
947   618   286
948   617   286
950   592   287
950   592   287
953   1045  288
953   1044  288
952   1044  288
953   1045  288
953   1044  288
952   1044  288
952   338   289
953   339   289
954   547   290
955   548   290
955   1289  291
954   1290  291
965   1016  292
966   1016  292
966   960   293
966   960   293
968   327   294
967   329   294
970   494   295
969   495   295
970   931   296
970   930   296
970   1178  297
970   1177  297
971   332   298
972   333   298
973   970   299
973   970   299
974   361   300
974   360   300
976   313   301
975   312   301
981   1266  302
980   1266  302
983   1235  303
984   1236  303
989   497   304
988   495   304
991   459   305
991   460   305
993   1194  306
993   1194  306
994   346   307
994   346   307
995   1023  308
995   1023  308
1001  1195  309
1000  1195  309
1003  593   310
1002  591   310
1004  176   311
1004  174   311
1004  379   312
1005  381   312
1009  349   313
1008  350   313
1014  416   314
1014  416   314
1014  416   314
1014  416   314
1014  416   314
1015  416   314
1014  416   314
1014  418   314
1015  416   314
1014  418   314
1015  416   314
1014  416   314
1014  418   314
1015  416   314
1012  416   314
1014  418   314
1015  415   314
1012  416   314
1014  418   314
1015  415   314
1012  416   314
1015  417   314
1014  414   314
1014  418   314
1016  416   314
1012  416   314
1012  418   314
1014  414   314
1016  418   314
1014  416   314
1016  416   314
1012  418   314
1015  419   314
1012  416   314
1014  414   314
1014  420   314
1020  1252  315
1019  1251  315
1021  1229  316
1021  1230  316
1025  1236  317
1025  1236  317
1025  1236  317
1028  324   318
1028  325   318
1029  536   319
1028  534   319
1043  1564  320
1043  1565  320
1062  372   321
1062  370   321
1071  321   322
1070  322   322
1091  546   323
1092  546   323
1093  1275  324
1094  1274  324
1100  306   325
1099  306   325
1100  306   325
1102  1399  326
1103  1399  326
1116  66    327
1116  67    327
1116  64    327
1116  445   328
1117  443   328
1120  267   329
1120  268   329
1122  268   329
1123  351   330
1123  349   330
1122  467   331
1122  466   331
1124  1149  332
1125  1151  332
1126  290   333
1127  291   333
1134  1218  334
1133  1217  334
1134  732   335
1136  731   335
1149  314   336
1149  312   336
1181  438   337
1182  438   337
1183  316   338
1182  315   338
1216  746   339
1217  746   339
1221  79    340
1222  77    340
1226  354   341
1226  353   341
1231  623   342
1231  623   342
1231  644   343
1231  644   343
1235  550   344
1235  550   344
1236  585   345
1237  584   345
1237  402   346
1236  401   346
1237  1039  347
1237  1039  347
1238  753   348
1238  753   348
1239  588   349
1240  587   349
1239  1052  350
1240  1052  350
1244  258   351
1242  258   351
1245  220   352
1243  220   352
1244  730   353
1243  732   353
1245  775   354
1245  775   354
1245  775   354
1246  527   355
1246  527   355
1246  1035  356
1247  1034  356
1248  812   357
1249  812   357
1249  638   358
1250  639   358
1249  638   358
1250  444   359
1250  443   359
1251  532   360
1252  531   360
1251  824   361
1250  825   361
1251  824   361
1255  854   362
1254  853   362
1255  477   363
1254  479   363
1255  846   364
1255  847   364
1258  495   365
1258  495   365
1258  757   366
1258  757   366
1259  338   367
1260  337   367
1260  223   368
1261  221   368
1262  725   369
1261  724   369
1262  725   369
1262  1200  370
1263  1200  370
1263  832   371
1263  832   371
1263  832   371
1266  533   372
1267  534   372
1267  532   372
1269  830   373
1269  830   373
1272  399   374
1273  400   374
1273  437   375
1272  439   375
1277  779   376
1276  779   376
1276  857   377
1277  856   377
1278  885   378
1278  885   378
1283  837   379
1283  837   379
1316  606   380
1317  605   380
1324  437   381
1322  437   381
1323  804   382
1324  803   382
1325  8     383
1324  10    383
1330  733   384
1331  734   384
1342  325   385
1340  324   385
1383  501   386
1383  501   386
1382  592   387
1382  592   387
1385  802   388
1384  803   388
1401  513   389
1400  512   389
1410  516   390
1410  517   390
1419  786   391
1419  786   391
1421  870   392
1421  870   392
1438  319   393
1439  318   393
1467  725   394
1467  725   394
1481  728   395
1480  730   395
1524  796   396
1524  795   396
1533  1313  397
1533  1313  397
1535  801   398
1535  801   398
1538  915   399
1537  915   399
1539  939   400
1539  938   400
1544  666   401
1544  665   401
1547  789   402
1547  788   402
1560  992   403
1560  993   403
1564  1257  404
1564  1257  404
1568  996   405
1569  996   405
1576  1362  406
1574  1363  406
1592  1369  407
1593  1368  407
1593  1154  408
1594  1154  408
1599  1333  409
1599  1333  409
1640  1316  410
1640  1317  410
1655  1082  411
1655  1082  411
1655  1082  411
1661  1053  412
1660  1054  412
1662  1067  413
1662  1066  413
1666  957   414
1668  958   414
1681  601   415
1683  601   415
1695  595   416
1695  593   416
1729  830   417
1729  829   417
1775  1212  418
1774  1211  418
1899  1151  419
1900  1151  419
1902  1151  419
1899  1151  419
1903  706   420
1905  704   420
1903  705   420
1932  566   421
1933  565   421
1968  670   422
1969  668   422
1983  1673  423
1981  1672  423
1986  257   424
1986  256   424
1987  258   424
1984  256   424
1986  259   424
1987  256   424