# Filename: CLN3-561nm_416_ctrl_60x_002.tif
# Puncta radius (pixels): (1.3888888888888888, 1.3888888888888888)
# Puncta radius (nm): (150, 150)
# Cluster threshold (nm): 300
# Min puncta per cluster: 2
# Voxel size (nm): (108, 108)
Y     X     NUM_PUNCTA    CLUSTER_ID
149   458   2             0
462   296   2             1
658   1520  2             2
909   316   2             3
1145  658   2             4
1190  770   3             5
1236  1010  2             6
1820  1395  2             7
36    1535  2             8
138   1414  2             9
149   1304  2             10
164   1135  2             11
201   1450  2             12
202   1555  2             13
203   1196  2             14
229   1157  2             15
239   1077  2             16
250   1047  2             17
272   1218  2             18
273   279   2             19
279   1068  3             20
285   1413  2             21
295   314   2             22
304   1047  2             23
306   1088  2             24
313   1067  2             25
345   1268  3             26
351   1068  2             27
384   333   2             28
389   91    2             29
404   1319  2             30
422   356   3             31
421   351   2             32
431   1078  2             33
437   397   3             34
436   1371  2             35
446   1328  2             36
447   665   2             37
453   1410  2             38
455   1071  2             39
460   1328  3             40
461   511   2             41
463   411   3             42
474   468   2             43
487   473   2             44
495   192   2             45
503   584   2             46
504   531   2             47
507   569   3             48
512   1342  2             49
517   689   2             50
528   691   2             51
528   1548  2             52
532   792   2             53
543   1521  2             54
544   1102  3             55
545   471   2             56
548   466   2             57
559   1563  2             58
566   1558  2             59
568   479   2             60
569   1593  2             61
595   127   2             62
606   488   2             63
612   648   2             64
618   842   2             65
629   742   2             66
631   679   2             67
641   533   2             68
649   707   2             69
651   509   3             70
650   696   2             71
651   683   2             72
652   930   2             73
654   700   2             74
654   1374  2             75
655   595   2             76
656   640   2             77
657   500   2             78
658   705   2             79
659   824   3             80
660   495   2             81
661   622   2             82
663   1225  2             83
664   1269  2             84
667   1303  2             85
673   526   2             86
675   610   2             87
673   996   2             88
672   1239  2             89
675   1020  2             90
679   1100  2             91
680   698   2             92
682   1136  2             93
691   519   2             94
688   775   2             95
690   571   2             96
691   791   2             97
693   767   2             98
694   674   2             99
697   769   2             100
699   637   2             101
699   647   5             102
701   742   2             103
704   619   2             104
704   870   2             105
705   536   2             106
705   609   3             107
707   668   2             108
709   640   2             109
710   467   2             110
712   770   4             111
712   627   2             112
713   727   2             113
716   1643  2             114
721   344   2             115
720   749   3             116
722   785   2             117
724   792   2             118
725   882   2             119
726   736   3             120
729   1643  2             121
734   510   2             122
736   811   2             123
739   1161  2             124
746   645   2             125
756   466   2             126
758   537   2             127
763   648   2             128
766   642   2             129
767   451   2             130
767   606   2             131
766   636   2             132
768   396   2             133
769   811   2             134
772   801   2             135
776   800   2             136
776   675   2             137
779   519   2             138
781   381   2             139
782   787   2             140
782   1615  2             141
784   596   2             142
793   658   7             143
793   103   2             144
793   557   2             145
794   1120  2             146
796   532   2             147
803   847   2             148
804   493   2             149
805   638   3             150
803   653   2             151
806   691   7             152
813   839   2             153
815   677   2             154
815   737   3             155
819   401   2             156
819   846   2             157
822   589   2             158
823   751   2             159
825   687   3             160
825   550   2             161
832   46    2             162
831   505   2             163
832   743   2             164
833   510   2             165
833   551   3             166
832   1415  2             167
834   705   2             168
836   51    2             169
835   631   2             170
836   391   2             171
836   735   2             172
836   810   2             173
838   784   2             174
837   1589  2             175
842   796   2             176
841   1608  2             177
850   624   3             178
855   342   2             179
859   672   2             180
860   305   2             181
862   165   2             182
862   323   2             183
864   563   2             184
875   742   2             185
877   444   2             186
884   370   2             187
886   330   4             188
887   65    2             189
888   475   2             190
900   257   2             191
901   543   2             192
902   1585  3             193
905   541   3             194
908   61    3             195
907   297   2             196
911   1560  4             197
917   635   2             198
920   363   2             199
928   273   2             200
935   607   2             201
937   665   2             202
938   1570  2             203
944   1534  2             204
949   440   2             205
948   563   2             206
949   1532  3             207
951   326   2             208
951   728   2             209
955   344   2             210
957   703   2             211
960   502   2             212
963   509   2             213
966   751   2             214
967   184   3             215
968   449   2             216
968   661   2             217
970   595   2             218
970   106   2             219
971   356   2             220
971   676   2             221
976   476   3             222
976   799   2             223
979   116   4             224
979   528   2             225
979   682   3             226
979   1534  2             227
983   134   4             228
981   406   2             229
982   454   2             230
984   715   2             231
987   120   4             232
987   178   3             233
992   596   2             234
1003  728   2             235
1008  1499  2             236
1010  734   2             237
1009  1478  2             238
1011  246   2             239
1016  256   2             240
1022  399   2             241
1023  1396  2             242
1023  1483  2             243
1025  640   2             244
1033  389   2             245
1037  1451  2             246
1039  525   2             247
1040  477   2             248
1040  656   2             249
1042  1079  2             250
1047  1089  3             251
1048  357   2             252
1048  1458  2             253
1049  468   2             254
1059  585   2             255
1063  641   2             256
1067  1467  2             257
1068  469   2             258
1070  1015  2             259
1072  353   2             260
1087  721   2             261
1087  1031  2             262
1092  1267  2             263
1095  1014  2             264
1098  590   4             265
1098  1309  3             266
1100  254   2             267
1103  485   2             268
1101  626   2             269
1101  1013  3             270
1102  589   2             271
1106  658   2             272
1109  652   2             273
1110  491   2             274
1109  1375  2             275
1110  635   2             276
1111  699   2             277
1114  549   3             278
1114  619   3             279
1115  1388  2             280
1117  1378  2             281
1118  1330  2             282
1120  551   2             283
1123  608   2             284
1123  683   2             285
1124  1467  2             286
1127  438   2             287
1128  733   2             288
1129  541   2             289
1131  633   2             290
1133  562   2             291
1138  357   2             292
1141  681   2             293
1143  376   2             294
1144  1429  2             295
1144  734   2             296
1145  383   2             297
1146  721   2             298
1146  1463  2             299
1147  708   3             300
1150  506   2             301
1151  715   2             302
1152  397   2             303
1154  655   2             304
1155  517   2             305
1155  684   2             306
1155  734   2             307
1155  310   2             308
1157  657   2             309
1158  1530  2             310
1159  716   2             311
1163  334   2             312
1162  787   2             313
1164  500   3             314
1164  919   2             315
1165  586   2             316
1167  769   2             317
1167  806   2             318
1166  1546  2             319
1169  810   2             320
1169  746   2             321
1171  411   2             322
1172  800   2             323
1174  783   2             324
1174  1460  2             325
1175  705   2             326
1175  583   2             327
1177  1467  3             328
1179  576   2             329
1180  206   2             330
1179  502   2             331
1182  1037  2             332
1184  1386  2             333
1186  403   2             334
1187  1532  2             335
1186  1549  2             336
1188  747   2             337
1189  763   2             338
1187  766   2             339
1187  780   2             340
1190  1082  2             341
1195  299   2             342
1194  462   2             343
1193  1500  2             344
1197  564   2             345
1201  827   3             346
1199  844   2             347
1201  1089  2             348
1203  755   2             349
1204  782   2             350
1210  1042  2             351
1212  976   6             352
1210  1398  2             353
1211  662   2             354
1212  703   3             355
1211  781   2             356
1213  653   2             357
1218  804   3             358
1219  1122  2             359
1219  416   2             360
1220  932   2             361
1222  333   2             362
1221  939   2             363
1222  1040  2             364
1223  859   2             365
1224  948   2             366
1226  1522  3             367
1228  972   2             368
1231  853   2             369
1230  1013  2             370
1231  575   2             371
1232  924   2             372
1232  845   2             373
1232  901   2             374
1233  1134  2             375
1236  1021  3             376
1239  977   2             377
1240  438   2             378
1243  510   2             379
1244  1358  2             380
1245  1584  3             381
1246  564   2             382
1248  907   2             383
1250  572   2             384
1255  1596  2             385
1260  637   2             386
1261  531   2             387
1270  366   2             388
1275  826   2             389
1280  1189  2             390
1284  509   2             391
1287  613   2             392
1288  600   2             393
1294  548   2             394
1298  489   2             395
1298  1602  2             396
1298  1344  2             397
1299  1588  3             398
1303  521   2             399
1303  1191  2             400
1302  1601  2             401
1306  1123  2             402
1314  1588  3             403
1322  1336  2             404
1326  1350  2             405
1331  1526  2             406
1331  1388  2             407
1335  596   2             408
1335  627   2             409
1337  1581  2             410
1348  1028  2             411
1352  518   2             412
1388  200   2             413
1394  1581  2             414
1410  1134  2             415
1410  1332  2             416
1411  1355  2             417
1412  696   3             418
1418  709   3             419
1423  1136  2             420
1424  1156  2             421
1426  699   2             422
1427  1339  5             423
1433  1559  2             424
1434  1373  2             425
1454  1381  2             426
1459  698   2             427
1461  474   2             428
1474  1541  2             429
1475  703   2             430
1479  1387  2             431
1480  1309  2             432
1485  741   2             433
1488  130   4             434
1489  716   2             435
1503  1407  2             436
1503  1532  2             437
1525  1072  2             438
1528  1303  2             439
1541  770   2             440
1550  822   3             441
1550  1303  2             442
1556  1107  2             443
1559  1176  2             444
1562  1093  2             445
1569  913   2             446
1586  1322  2             447
1599  1393  2             448
1620  1479  2             449
1653  1018  2             450
1703  1625  2             451
1724  1283  2             452
1727  1564  2             453
1739  1320  2             454
1779  1268  3             455
1816  1250  2             456
1833  1222  2             457