# C1_0     C2_0      C1_den    C2_den    dC1_den   dC2_den   C1_sol    C2_sol    dC1_sol   dC2_sol
1.520e-02 2.847e-02 1.243e-01 1.609e-01 5.454e-04 6.694e-04 2.818e-04 7.900e-03 6.782e-06 3.423e-05
1.551e-02 2.241e-02 1.392e-01 1.629e-01 5.805e-04 9.479e-04 9.467e-05 3.373e-03 2.952e-06 1.284e-05
1.530e-02 1.628e-02 1.579e-01 1.609e-01 4.520e-04 5.471e-04 3.652e-05 5.957e-04 3.192e-06 5.688e-06
1.510e-02 1.183e-02 1.749e-01 1.433e-01 7.791e-04 3.155e-04 1.271e-04 8.348e-05 3.593e-06 2.475e-06
1.542e-02 1.016e-02 1.825e-01 1.318e-01 5.829e-04 5.558e-04 4.993e-04 8.509e-05 6.809e-06 4.195e-06
2.708e-02 5.782e-03 1.846e-01 8.765e-02 7.390e-04 4.990e-04 1.609e-02 1.203e-03 3.752e-05 1.891e-05
1.525e-02 7.241e-03 1.886e-01 1.158e-01 6.643e-04 6.448e-04 2.472e-03 1.723e-04 1.865e-05 3.599e-06
1.931e-02 5.717e-03 1.900e-01 1.012e-01 9.961e-04 3.938e-04 8.069e-03 5.115e-04 2.771e-05 5.404e-06
1.544e-02 5.791e-03 1.907e-01 1.094e-01 7.018e-04 6.528e-04 4.539e-03 2.743e-04 2.025e-05 4.858e-06
1.544e-02 5.791e-03 1.907e-01 1.094e-01 7.018e-04 6.528e-04 4.539e-03 2.743e-04 2.025e-05 4.858e-06
1.509e-02 4.467e-03 1.935e-01 1.062e-01 1.005e-03 4.231e-04 6.656e-03 4.151e-04 2.761e-05 6.077e-06
1.191e-02 5.658e-03 1.888e-01 1.180e-01 6.589e-04 5.284e-04 2.193e-03 1.703e-04 1.097e-05 4.173e-06
1.512e-02 3.229e-03 1.893e-01 9.921e-02 1.256e-03 6.570e-04 9.260e-03 5.886e-04 2.233e-05 6.195e-06
8.612e-03 5.672e-03 1.804e-01 1.319e-01 9.925e-04 9.648e-04 4.309e-04 8.218e-05 6.582e-06 2.394e-06
7.307e-03 5.727e-03 1.711e-01 1.404e-01 6.363e-04 3.666e-04 1.187e-04 8.294e-05 2.379e-06 2.178e-06
5.337e-03 5.679e-03 1.569e-01 1.546e-01 5.863e-04 5.490e-04 4.026e-05 4.358e-04 1.968e-06 8.445e-06
3.929e-03 5.679e-03 1.482e-01 1.599e-01 3.570e-04 5.845e-04 4.432e-05 1.323e-03 2.651e-06 1.100e-05
3.037e-03 5.689e-03 1.413e-01 1.612e-01 6.289e-04 4.293e-04 6.996e-05 2.153e-03 3.582e-06 2.524e-05
2.219e-03 5.690e-03 1.364e-01 1.597e-01 3.531e-04 6.175e-04 9.165e-05 3.041e-03 4.497e-06 3.726e-05
8.926e-03 2.289e-02 1.157e-01 1.552e-01 6.402e-04 8.096e-04 4.173e-04 1.052e-02 5.641e-06 2.174e-05
8.568e-03 1.605e-02 1.323e-01 1.626e-01 3.875e-04 6.204e-04 1.353e-04 4.973e-03 3.359e-06 1.688e-05
8.755e-03 1.265e-02 1.431e-01 1.635e-01 6.654e-04 4.362e-04 6.827e-05 2.360e-03 3.474e-06 1.829e-05
8.752e-03 9.312e-03 1.588e-01 1.586e-01 5.016e-04 4.565e-04 4.493e-05 5.377e-04 1.336e-06 9.493e-06
8.511e-03 6.671e-03 1.713e-01 1.406e-01 9.547e-04 7.886e-04 1.264e-04 8.576e-05 3.441e-06 3.362e-06
8.832e-03 5.817e-03 1.793e-01 1.303e-01 6.267e-04 4.026e-04 4.025e-04 8.160e-05 7.563e-06 3.007e-06
1.551e-02 3.312e-03 1.896e-01 9.824e-02 5.716e-04 5.231e-04 9.572e-03 6.199e-04 2.478e-05 1.106e-05
8.616e-03 4.092e-03 1.871e-01 1.197e-01 6.618e-04 5.144e-04 1.759e-03 1.360e-04 1.320e-05 4.828e-06
1.091e-02 3.231e-03 1.946e-01 1.101e-01 4.123e-04 3.376e-04 4.998e-03 3.059e-04 1.381e-05 5.282e-06
8.696e-03 3.261e-03 1.879e-01 1.137e-01 8.879e-04 4.607e-04 3.073e-03 2.408e-04 3.199e-05 7.120e-06
8.696e-03 3.261e-03 1.879e-01 1.137e-01 8.879e-04 4.607e-04 3.073e-03 2.408e-04 3.199e-05 7.120e-06
8.505e-03 2.518e-03 1.925e-01 1.119e-01 9.106e-04 6.886e-04 4.113e-03 2.697e-04 1.765e-05 5.584e-06
6.715e-03 3.189e-03 1.854e-01 1.202e-01 8.349e-04 7.798e-04 1.545e-03 1.381e-04 1.465e-05 3.468e-06
8.536e-03 1.823e-03 1.900e-01 1.070e-01 9.342e-04 8.008e-04 5.470e-03 3.505e-04 2.714e-05 9.296e-06
4.860e-03 3.201e-03 1.774e-01 1.309e-01 7.238e-04 7.618e-04 3.957e-04 8.091e-05 7.746e-06 5.103e-06
4.159e-03 3.260e-03 1.710e-01 1.398e-01 1.052e-03 5.739e-04 1.164e-04 8.178e-05 3.053e-06 2.700e-06
3.028e-03 3.221e-03 1.582e-01 1.524e-01 8.223e-04 6.487e-04 4.821e-05 3.403e-04 2.690e-06 5.833e-06
2.213e-03 3.198e-03 1.539e-01 1.593e-01 8.439e-04 6.680e-04 4.176e-05 8.985e-04 2.820e-06 1.281e-05
1.724e-03 3.230e-03 1.463e-01 1.582e-01 5.823e-04 5.391e-04 4.933e-05 1.343e-03 2.923e-06 2.442e-05
1.270e-03 3.255e-03 1.437e-01 1.599e-01 7.670e-04 7.327e-04 7.124e-05 1.889e-03 3.362e-06 1.493e-05
5.016e-03 1.940e-02 1.081e-01 1.486e-01 4.766e-04 8.816e-04 6.437e-04 1.276e-02 7.837e-06 3.434e-05
4.954e-03 1.270e-02 1.261e-01 1.594e-01 7.415e-04 9.830e-04 2.125e-04 6.293e-03 4.172e-06 2.129e-05
4.879e-03 9.138e-03 1.383e-01 1.625e-01 4.235e-04 7.077e-04 9.616e-05 3.183e-03 3.552e-06 1.516e-05
5.015e-03 7.249e-03 1.457e-01 1.591e-01 9.252e-04 8.281e-04 4.318e-05 1.585e-03 1.270e-06 1.229e-05
4.856e-03 5.167e-03 1.600e-01 1.574e-01 0.000e+00 0.000e+00 3.238e-05 4.078e-04 0.000e+00 0.000e+00
4.820e-03 3.778e-03 1.713e-01 1.403e-01 5.560e-04 4.756e-04 1.281e-04 8.166e-05 3.118e-06 3.687e-06
4.963e-03 3.269e-03 1.774e-01 1.307e-01 0.000e+00 0.000e+00 3.687e-04 7.344e-05 0.000e+00 0.000e+00
8.716e-03 1.861e-03 1.885e-01 1.055e-01 0.000e+00 0.000e+00 5.716e-03 3.639e-04 0.000e+00 0.000e+00
4.832e-03 2.295e-03 1.830e-01 1.214e-01 6.541e-04 5.940e-04 1.235e-03 1.171e-04 1.278e-05 5.358e-06
6.120e-03 1.812e-03 1.861e-01 1.111e-01 0.000e+00 0.000e+00 3.097e-03 2.113e-04 0.000e+00 0.000e+00
4.976e-03 1.866e-03 1.873e-01 1.182e-01 0.000e+00 0.000e+00 2.010e-03 1.710e-04 0.000e+00 0.000e+00
4.976e-03 1.866e-03 1.873e-01 1.182e-01 0.000e+00 0.000e+00 2.010e-03 1.710e-04 0.000e+00 0.000e+00
4.799e-03 1.421e-03 1.867e-01 1.153e-01 0.000e+00 0.000e+00 2.529e-03 1.841e-04 0.000e+00 0.000e+00
3.789e-03 1.800e-03 1.848e-01 1.247e-01 0.000e+00 0.000e+00 1.023e-03 1.014e-04 0.000e+00 0.000e+00
2.755e-03 1.814e-03 1.743e-01 1.304e-01 0.000e+00 0.000e+00 3.107e-04 7.233e-05 0.000e+00 0.000e+00
2.334e-03 1.830e-03 1.732e-01 1.411e-01 0.000e+00 0.000e+00 1.298e-04 9.796e-05 0.000e+00 0.000e+00
1.701e-03 1.810e-03 1.597e-01 1.510e-01 0.000e+00 0.000e+00 5.244e-05 2.611e-04 0.000e+00 0.000e+00
1.260e-03 1.821e-03 1.539e-01 1.545e-01 6.188e-04 6.099e-04 4.327e-05 5.772e-04 2.309e-06 8.077e-06
9.727e-04 1.822e-03 1.479e-01 1.547e-01 0.000e+00 0.000e+00 3.666e-05 8.056e-04 0.000e+00 0.000e+00
7.100e-04 1.820e-03 1.464e-01 1.553e-01 3.107e-04 4.825e-04 5.435e-05 1.076e-03 2.713e-06 1.027e-05
2.811e-03 7.207e-03 1.328e-01 1.595e-01 0.000e+00 0.000e+00 1.368e-04 3.758e-03 0.000e+00 0.000e+00
2.712e-03 5.080e-03 1.404e-01 1.570e-01 0.000e+00 0.000e+00 5.795e-05 1.951e-03 0.000e+00 0.000e+00
2.760e-03 3.989e-03 1.502e-01 1.586e-01 6.045e-04 7.077e-04 5.239e-05 1.013e-03 3.207e-06 1.094e-05
2.746e-03 2.921e-03 1.596e-01 1.519e-01 0.000e+00 0.000e+00 2.599e-05 3.304e-04 0.000e+00 0.000e+00
2.730e-03 2.140e-03 1.701e-01 1.394e-01 8.083e-04 5.593e-04 1.209e-04 8.900e-05 5.943e-06 4.965e-06
2.755e-03 1.814e-03 1.743e-01 1.304e-01 0.000e+00 0.000e+00 3.107e-04 7.233e-05 0.000e+00 0.000e+00
2.743e-03 1.303e-03 1.832e-01 1.266e-01 0.000e+00 0.000e+00 8.358e-04 1.013e-04 0.000e+00 0.000e+00
3.474e-03 1.028e-03 1.876e-01 1.174e-01 0.000e+00 0.000e+00 1.884e-03 1.467e-04 0.000e+00 0.000e+00
2.782e-03 1.043e-03 1.824e-01 1.206e-01 0.000e+00 0.000e+00 1.268e-03 1.174e-04 0.000e+00 0.000e+00
2.782e-03 1.043e-03 1.824e-01 1.206e-01 0.000e+00 0.000e+00 1.268e-03 1.174e-04 0.000e+00 0.000e+00
2.712e-03 8.029e-04 1.872e-01 1.213e-01 0.000e+00 0.000e+00 1.555e-03 1.439e-04 0.000e+00 0.000e+00
2.141e-03 1.017e-03 1.800e-01 1.256e-01 0.000e+00 0.000e+00 6.729e-04 7.964e-05 0.000e+00 0.000e+00
1.545e-03 1.017e-03 1.748e-01 1.357e-01 0.000e+00 0.000e+00 2.329e-04 7.048e-05 0.000e+00 0.000e+00
1.302e-03 1.021e-03 1.705e-01 1.405e-01 0.000e+00 0.000e+00 1.078e-04 8.253e-05 0.000e+00 0.000e+00
9.527e-04 1.014e-03 1.624e-01 1.481e-01 7.092e-04 6.065e-04 4.283e-05 1.922e-04 2.068e-06 5.174e-06
7.044e-04 1.018e-03 1.587e-01 1.541e-01 0.000e+00 0.000e+00 5.700e-05 4.077e-04 0.000e+00 0.000e+00
5.413e-04 1.014e-03 1.560e-01 1.555e-01 0.000e+00 0.000e+00 4.193e-05 4.935e-04 0.000e+00 0.000e+00
3.983e-04 1.021e-03 1.502e-01 1.530e-01 7.037e-04 2.464e-04 4.155e-05 6.533e-04 2.010e-06 6.534e-06
1.574e-03 4.037e-03 1.406e-01 1.584e-01 0.000e+00 0.000e+00 7.252e-05 2.224e-03 0.000e+00 0.000e+00
1.541e-03 2.886e-03 1.470e-01 1.580e-01 5.201e-04 6.251e-04 5.134e-05 1.207e-03 2.402e-06 7.364e-06
1.564e-03 2.261e-03 1.522e-01 1.553e-01 5.056e-04 6.074e-04 3.208e-05 6.905e-04 4.775e-06 1.553e-05
1.544e-03 1.643e-03 1.617e-01 1.506e-01 5.142e-04 6.420e-04 4.014e-05 2.433e-04 2.123e-06 2.623e-06
1.525e-03 1.195e-03 1.692e-01 1.398e-01 0.000e+00 0.000e+00 1.273e-04 9.032e-05 0.000e+00 0.000e+00
1.545e-03 1.017e-03 1.748e-01 1.357e-01 0.000e+00 0.000e+00 2.329e-04 7.048e-05 0.000e+00 0.000e+00
1.529e-03 7.261e-04 1.810e-01 1.296e-01 0.000e+00 0.000e+00 5.368e-04 8.714e-05 0.000e+00 0.000e+00
1.936e-03 5.733e-04 1.848e-01 1.233e-01 7.063e-04 5.891e-04 1.248e-03 1.320e-04 2.220e-05 9.015e-06
1.561e-03 5.853e-04 1.801e-01 1.245e-01 0.000e+00 0.000e+00 7.697e-04 8.723e-05 0.000e+00 0.000e+00
1.561e-03 5.853e-04 1.801e-01 1.245e-01 0.000e+00 0.000e+00 7.697e-04 8.723e-05 0.000e+00 0.000e+00
1.520e-03 4.500e-04 1.894e-01 1.297e-01 0.000e+00 0.000e+00 9.678e-04 1.149e-04 0.000e+00 0.000e+00
1.200e-03 5.700e-04 1.762e-01 1.288e-01 0.000e+00 0.000e+00 4.718e-04 1.022e-04 0.000e+00 0.000e+00
8.650e-04 5.697e-04 1.766e-01 1.383e-01 0.000e+00 0.000e+00 2.017e-04 7.386e-05 0.000e+00 0.000e+00
7.365e-04 5.773e-04 1.678e-01 1.380e-01 0.000e+00 0.000e+00 1.040e-04 7.894e-05 0.000e+00 0.000e+00
5.355e-04 5.698e-04 1.628e-01 1.449e-01 4.279e-04 5.060e-04 5.223e-05 1.502e-04 3.511e-06 5.924e-06
3.962e-04 5.727e-04 1.600e-01 1.496e-01 0.000e+00 0.000e+00 3.888e-05 2.307e-04 0.000e+00 0.000e+00
3.039e-04 5.693e-04 1.574e-01 1.516e-01 0.000e+00 0.000e+00 4.271e-05 3.002e-04 0.000e+00 0.000e+00
