# Filename: BNI1-640nm_416_bidi_003.tif
# Puncta radius (pixels): (1.3888888888888888, 1.3888888888888888)
# Puncta radius (nm): (150, 150)
# Cluster threshold (nm): 300
# Voxel size (nm): (108, 108)
Y     X
339   521
464   1790
915   703
916   584
923   567
924   696
925   681
926   737
928   564
928   649
928   693
930   1242
931   679
933   729
935   709
936   614
936   671
937   602
939   572
939   1241
940   627
940   1257
941   740
945   730
947   736
951   568
952   701
952   1260
955   597
957   687
958   592
958   717
958   1257
959   648
961   531
961   726
963   696
963   749
964   1258
966   774
966   1280
967   571
967   578
967   645
968   530
968   718
971   713
971   777
972   1278
975   703
975   766
977   569
978   546
978   663
980   542
981   1271
983   606
983   626
985   553
985   634
985   657
985   1280
986   1289
987   563
987   590
989   586
991   692
991   1277
992   553
996   722
997   543
997   703
998   629
999   526
999   752
1002  569
1002  623
1002  633
1002  715
1002  772
1003  759
1005  640
1006  557
1006  776
1007  562
1007  635
1007  675
1008  530
1008  603
1009  595
1009  670
1009  681
1011  555
1011  608
1013  787
1015  557
1015  778
1016  718
1017  570
1018  668
1018  684
1018  689
1018  1326
1019  765
1020  550
1020  662
1020  722
1021  1309
1022  775
1022  780
1023  751
1024  560
1026  554
1026  694
1028  548
1029  567
1029  675
1031  660
1031  768
1032  681
1033  750
1033  762
1035  677
1036  572
1036  1321
1037  744
1038  1308
1038  1332
1039  683
1040  661
1040  692
1041  757
1042  575
1042  1311
1043  733
1044  675
1045  632
1046  680
1047  661
1049  1337
1050  570
1050  684
1051  627
1051  663
1055  1315
1058  571
1058  621
1060  568
1060  740
1061  757
1062  659
1065  637
1065  744
1066  687
1066  737
1068  567
1068  611
1068  1320
1070  646
1073  661
1073  678
1073  1304
1074  686
1075  644
1075  690
1077  741
1078  671
1079  685
1080  746
1081  567
1081  1324
1084  762
1085  665
1088  636
1089  662
1091  726
1091  930
1092  672
1093  658
1094  938
1095  585
1096  692
1096  757
1097  933
1098  681
1099  1329
1100  576
1101  587
1102  1338
1104  570
1104  652
1106  626
1106  686
1106  856
1107  563
1107  735
1109  652
1109  659
1109  667
1109  678
1109  744
1109  845
1110  617
1112  691
1113  716
1114  600
1114  660
1114  758
1114  858
1114  1339
1116  615
1117  555
1117  607
1117  671
1117  1299
1118  676
1119  741
1121  845
1122  684
1122  699
1122  827
1123  588
1123  713
1123  1318
1125  656
1125  661
1127  674
1127  703
1127  839
1128  861
1129  577
1129  690
1131  595
1131  852
1132  609
1133  564
1135  598
1135  685
1136  665
1137  542
1137  826
1137  874
1138  569
1138  579
1138  652
1139  673
1141  682
1144  589
1144  607
1144  701
1145  754
1145  864
1145  1326
1147  691
1148  833
1150  621
1151  712
1152  536
1153  871
1154  666
1155  609
1155  704
1155  831
1156  580
1157  570
1157  637
1157  857
1157  1304
1159  626
1159  653
1159  850
1160  631
1160  673
1161  613
1162  669
1162  812
1163  641
1163  844
1164  694
1164  852
1165  581
1166  614
1166  629
1166  802
1168  871
1168  1305
1169  570
1170  658
1170  688
1171  550
1171  646
1171  664
1172  702
1173  452
1173  814
1174  640
1174  676
1174  691
1174  839
1175  437
1175  661
1175  709
1176  463
1176  628
1176  863
1177  681
1178  870
1179  558
1179  582
1181  454
1182  587
1182  681
1183  595
1183  677
1184  1322
1186  591
1186  701
1186  746
1186  869
1187  656
1187  671
1187  766
1187  852
1188  622
1188  667
1188  682
1189  582
1190  485
1190  511
1191  453
1191  478
1191  536
1191  660
1191  705
1192  437
1192  472
1192  547
1192  670
1193  700
1193  733
1193  859
1193  911
1193  1313
1194  805
1195  828
1196  488
1196  594
1196  603
1196  648
1196  820
1196  922
1197  560
1197  624
1197  675
1197  689
1197  695
1197  906
1197  916
1197  1316
1198  640
1199  578
1199  653
1200  1299
1201  678
1201  935
1202  815
1203  596
1203  673
1203  845
1204  459
1204  510
1204  754
1206  685
1208  657
1208  715
1208  747
1208  879
1209  669
1209  838
1210  582
1211  814
1211  823
1212  849
1212  917
1213  713
1213  890
1213  895
1214  858
1215  717
1216  846
1217  657
1217  873
1218  640
1218  694
1218  720
1218  759
1218  802
1220  664
1220  811
1220  850
1220  920
1221  661
1221  750
1221  772
1221  869
1222  861
1222  914
1223  817
1223  894
1224  678
1224  733
1224  880
1225  742
1227  833
1227  856
1227  867
1227  914
1227  931
1228  721
1229  591
1229  896
1230  561
1230  704
1231  748
1232  574
1232  1308
1233  658
1234  882
1235  688
1235  886
1235  1298
1236  644
1236  893
1238  666
1238  756
1239  661
1240  841
1241  781
1241  801
1241  870
1241  895
1242  862
1243  651
1243  795
1243  835
1243  1301
1245  776
1245  808
1246  693
1246  890
1247  650
1247  665
1247  869
1247  877
1247  883
1247  899
1248  747
1250  814
1250  836
1251  670
1251  711
1251  872
1252  687
1252  741
1253  693
1253  833
1253  857
1254  819
1254  875
1255  699
1255  746
1257  665
1257  885
1257  1286
1258  549
1259  566
1260  819
1260  861
1261  572
1261  846
1262  1297
1262  1301
1263  644
1263  836
1264  651
1266  709
1266  748
1267  641
1267  646
1267  822
1268  715
1268  728
1268  864
1268  881
1268  897
1269  874
1269  892
1271  564
1271  719
1271  819
1271  898
1272  555
1272  741
1273  655
1273  753
1274  667
1274  673
1274  885
1274  891
1276  642
1276  701
1276  711
1277  662
1277  733
1278  529
1278  890
1280  767
1282  647
1282  655
1282  667
1282  727
1282  752
1282  920
1282  1312
1283  660
1284  515
1285  930
1286  651
1286  950
1286  984
1287  636
1287  690
1287  937
1287  969
1288  656
1288  893
1288  942
1289  898
1290  528
1291  548
1291  747
1291  924
1292  876
1292  961
1293  668
1293  908
1294  642
1294  711
1295  657
1295  737
1295  855
1295  925
1295  952
1297  766
1298  626
1298  649
1298  728
1298  893
1298  936
1299  654
1299  901
1299  927
1299  970
1299  984
1299  1001
1300  505
1300  636
1300  664
1301  520
1302  479
1302  484
1302  526
1302  667
1302  921
1304  642
1304  1003
1305  905
1305  992
1306  662
1306  883
1306  940
1307  656
1307  729
1307  871
1307  973
1308  645
1309  464
1309  495
1309  630
1309  692
1309  844
1309  936
1310  524
1310  670
1310  855
1310  997
1310  1014
1310  1024
1312  658
1312  982
1312  989
1312  1001
1313  650
1313  900
1314  978
1315  730
1315  808
1315  1292
1316  1022
1317  642
1317  706
1317  819
1317  923
1317  1009
1318  489
1319  647
1319  1016
1320  695
1320  953
1321  467
1321  477
1321  689
1321  1285
1322  843
1322  879
1322  963
1322  978
1323  787
1323  795
1323  923
1323  1296
1324  987
1324  995
1324  1020
1325  482
1325  728
1326  851
1326  1005
1326  1016
1326  1289
1326  1301
1328  874
1328  975
1329  817
1330  970
1331  767
1331  805
1331  956
1331  979
1331  986
1331  1042
1332  478
1332  689
1332  1009
1333  932
1334  377
1334  962
1335  977
1336  816
1336  902
1336  973
1336  987
1336  1289
1337  839
1337  993
1338  914
1338  1004
1339  760
1339  1010
1340  690
1340  728
1340  986
1340  1055
1341  776
1341  925
1341  973
1342  1014
1343  695
1343  998
1343  1051
1344  760
1344  905
1344  1019
1344  1060
1345  964
1345  1001
1346  922
1346  989
1347  1010
1348  778
1348  847
1349  719
1349  841
1349  1020
1350  905
1350  975
1350  1034
1351  887
1352  377
1352  853
1353  998
1353  1020
1354  983
1354  1065
1355  913
1355  1037
1355  1072
1356  375
1356  696
1356  787
1357  735
1357  1055
1358  408
1359  779
1359  997
1359  1064
1359  1074
1359  1282
1359  1291
1360  908
1360  1015
1361  763
1361  768
1362  395
1362  682
1362  757
1362  915
1363  677
1363  726
1363  842
1364  698
1364  860
1364  890
1364  1000
1365  815
1365  1044
1365  1065
1366  989
1366  994
1366  1050
1367  757
1367  1304
1368  419
1368  781
1368  1283
1369  1011
1369  1080
1370  727
1370  903
1370  1002
1370  1068
1371  394
1371  824
1371  1048
1373  897
1373  919
1373  1061
1374  388
1374  1075
1377  682
1377  807
1377  875
1377  1307
1378  709
1378  826
1379  850
1381  726
1381  1074
1381  1083
1381  1289
1381  1295
1383  417
1383  771
1384  700
1384  760
1385  693
1385  807
1385  838
1385  1056
1386  1067
1386  1084
1388  913
1388  919
1389  386
1389  404
1389  846
1389  904
1390  743
1390  760
1390  794
1391  380
1391  739
1392  421
1392  692
1392  778
1392  1074
1392  1079
1393  905
1394  416
1395  912
1396  394
1398  686
1398  750
1400  385
1401  379
1403  353
1403  876
1405  370
1405  1310
1407  387
1407  727
1407  920
1408  360
1408  393
1409  432
1409  1309
1410  707
1411  438
1411  717
1412  919
1413  350
1413  759
1413  884
1415  736
1415  769
1415  1299
1417  342
1417  397
1418  392
1418  405
1419  350
1419  419
1419  879
1419  894
1420  885
1421  359
1421  716
1422  429
1422  899
1425  364
1425  877
1426  390
1426  405
1426  416
1427  898
1429  862
1430  782
1431  874
1433  692
1436  390
1436  707
1437  728
1438  897
1440  371
1441  437
1441  886
1442  354
1443  395
1444  729
1445  417
1445  790
1446  851
1448  443
1448  740
1449  358
1449  794
1451  705
1451  726
1451  864
1452  388
1452  845
1453  423
1453  787
1453  796
1454  431
1454  735
1455  392
1455  458
1455  805
1456  452
1456  914
1457  470
1458  408
1459  353
1459  381
1459  860
1461  373
1461  739
1462  715
1463  382
1463  426
1463  434
1465  359
1466  463
1466  485
1466  818
1467  790
1468  855
1469  443
1469  748
1470  450
1471  735
1472  801
1473  364
1473  380
1473  412
1473  421
1473  475
1474  356
1474  838
1475  494
1475  774
1476  462
1476  856
1477  376
1477  446
1479  371
1481  419
1481  847
1483  468
1483  493
1483  766
1483  791
1484  357
1484  736
1485  475
1486  421
1487  365
1487  373
1487  480
1487  801
1488  436
1489  409
1490  428
1492  367
1492  403
1493  416
1493  840
1493  915
1493  984
1495  764
1495  883
1496  422
1496  971
1498  782
1499  879
1499  957
1500  931
1502  370
1502  412
1502  427
1503  912
1503  928
1503  973
1505  788
1505  983
1507  839
1508  434
1508  825
1510  797
1512  790
1514  883
1514  923
1515  836
1515  861
1516  369
1516  793
1519  363
1519  377
1519  393
1519  890
1521  425
1521  824
1523  420
1523  836
1524  397
1525  388
1533  367
1534  397
1541  1193