# Filename: CLN3-561nm_416_bidi_012.tif
# Puncta radius (pixels): (1.3888888888888888, 1.3888888888888888)
# Puncta radius (nm): (150, 150)
# Cluster threshold (nm): 300
# Voxel size (nm): (108, 108)
Y     X
0     605
0     609
0     616
0     628
5     610
6     620
9     612
10    621
14    620
19    623
23    615
24    623
28    617
186   838
197   835
204   832
252   758
254   768
254   789
257   772
260   765
264   768
268   776
269   772
273   1080
277   1074
279   1065
281   1082
285   740
286   1086
287   1094
292   1079
294   1066
298   1077
304   1089
305   1058
305   1075
306   1085
307   732
311   717
313   730
313   1046
314   1084
315   42
315   1074
317   723
320   42
320   732
321   1060
322   50
322   736
322   1056
322   1074
324   708
328   703
332   1057
341   36
342   27
344   1054
347   710
348   1048
351   45
352   22
354   705
355   1052
357   46
358   37
358   1052
367   20
367   37
368   50
369   45
370   702
376   45
377   16
379   33
381   681
381   1004
383   693
385   704
387   676
389   710
391   706
392   686
394   1014
394   1024
395   698
396   684
399   30
400   1024
404   28
408   1018
409   31
411   13
411   692
412   22
412   686
414   680
417   669
420   673
420   1008
422   31
423   676
423   692
423   1261
424   39
425   46
427   28
430   33
431   990
431   1006
432   49
435   683
436   34
438   998
440   679
441   50
442   30
444   652
445   43
447   37
449   1000
450   41
453   993
455   653
459   661
463   593
465   573
467   599
469   594
469   649
471   515
471   571
473   585
473   590
473   669
474   643
475   569
475   580
476   492
476   525
476   614
476   656
476   970
479   617
480   495
482   571
482   603
484   559
485   489
486   556
487   604
488   494
488   520
488   597
488   653
488   925
488   968
489   525
490   499
490   537
491   552
491   947
493   504
493   543
495   656
496   643
497   633
497   648
497   948
498   499
499   598
500   561
500   584
503   661
505   652
506   523
507   485
509   628
510   638
512   645
513   418
513   454
513   918
515   928
516   472
516   946
518   460
520   890
521   421
521   630
521   643
522   440
526   912
527   625
527   633
528   642
529   622
532   898
533   409
533   447
537   880
542   879
543   444
545   904
547   617
551   620
556   642
557   416
557   524
560   525
562   606
562   614
565   410
566   636
567   612
567   617
568   622
568   632
572   612
572   634
576   625
577   602
580   411
580   500
580   609
580   622
581   617
582   523
583   850
584   602
584   622
585   631
586   610
587   488
587   605
588   501
589   627
589   844
591   618
591   848
593   380
595   839
596   621
599   486
601   500
601   602
601   619
603   854
605   597
605   623
607   828
609   606
610   379
611   599
615   617
616   611
617   622
621   379
621   495
622   0
622   604
625   468
625   473
626   600
626   618
627   301
627   597
627   835
629   616
629   822
632   448
633   346
634   609
634   805
638   452
640   475
643   603
644   466
648   449
653   302
654   611
654   817
655   459
655   605
656   628
656   806
658   618
659   442
660   267
661   613
661   800
662   607
665   442
665   613
667   435
667   625
667   811
669   614
670   630
672   416
673   424
673   611
674   598
677   430
677   596
677   624
677   631
677   665
679   418
679   679
680   662
681   439
681   604
681   656
682   599
682   610
682   652
683   686
684   420
685   424
685   629
685   682
686   433
686   662
686   674
687   622
687   652
687   678
688   626
688   689
689   649
689   660
690   612
690   664
690   668
692   585
692   605
692   616
692   678
692   690
692   698
693   422
694   443
694   666
694   796
695   658
696   581
696   619
696   684
697   415
697   419
697   433
697   670
697   676
697   697
698   556
698   627
698   662
698   701
699   607
699   651
700   574
700   667
701   634
702   426
702   620
702   696
702   705
702   783
702   788
703   430
703   563
703   677
703   710
704   603
704   655
704   793
705   570
705   663
705   687
706   419
706   701
707   556
707   599
708   580
708   586
708   615
709   564
709   651
709   666
709   693
710   533
710   595
710   621
710   633
710   646
710   672
710   678
710   787
711   525
711   607
711   754
712   661
712   700
713   543
713   550
713   572
713   694
713   733
713   764
714   431
714   537
714   599
714   611
714   703
714   1186
715   641
715   673
715   690
716   617
716   661
716   776
717   438
717   668
717   708
718   428
718   531
718   677
718   684
718   700
718   729
719   422
719   545
719   603
719   735
719   751
719   1181
720   628
720   647
720   651
720   1189
721   711
721   742
721   765
722   433
722   675
722   778
723   641
723   678
723   682
723   689
723   696
724   505
724   667
724   774
725   497
725   520
725   528
725   562
725   607
725   646
725   660
725   700
725   791
726   223
726   510
726   534
726   552
726   617
726   691
726   787
726   1184
727   637
727   713
728   516
728   621
728   653
728   675
728   687
728   765
728   1177
730   430
730   524
730   612
731   421
731   696
731   753
732   425
732   504
732   624
732   659
732   705
732   744
733   531
733   630
733   1178
734   438
734   677
735   492
735   519
735   538
735   651
735   767
735   772
736   429
736   682
736   698
736   732
736   748
737   622
737   629
737   693
738   292
738   448
738   673
739   609
739   782
740   501
740   507
740   637
741   286
741   487
741   514
741   524
741   627
741   737
742   759
742   789
743   319
743   497
743   621
743   752
744   150
744   415
744   444
744   636
744   778
745   521
745   533
745   632
745   1177
746   431
746   504
747   660
747   455
747   462
747   549
747   765
748   441
748   451
748   485
748   510
748   628
748   631
748   773
749   445
749   677
749   727
749   742
749   1164
750   625
750   737
751   687
752   440
752   580
752   588
752   1413
753   501
753   681
754   539
754   552
754   569
754   615
755   422
755   450
755   548
755   566
755   759
755   1163
756   491
756   610
756   1160
757   463
757   477
757   1418
757   1435
758   287
758   545
758   559
758   770
759   472
759   540
759   1170
759   1400
760   431
760   441
760   570
760   665
760   1437
760   1442
761   577
761   597
761   632
761   722
761   1168
761   1405
762   435
762   502
762   558
762   615
762   678
762   747
762   1409
762   1432
763   426
763   472
763   489
763   527
763   742
763   756
763   777
763   1426
764   448
764   579
764   1161
764   1170
764   1398
764   1414
764   1451
765   542
765   549
765   1439
766   584
766   629
766   659
766   748
767   327
767   357
767   490
767   569
767   764
767   1390
767   1421
768   460
768   580
768   742
769   573
769   637
769   681
769   1448
770   592
770   770
770   777
770   1399
770   1416
771   451
771   757
771   1403
771   1409
771   1440
772   487
772   735
772   1434
773   459
773   554
773   613
773   1165
774   347
774   626
774   754
774   1389
774   1397
774   1425
774   1449
775   336
775   365
775   471
775   476
775   594
775   636
775   663
775   724
775   743
776   327
776   1365
776   1384
776   1418
776   1461
776   1467
777   355
777   541
777   1149
777   1414
777   1457
778   630
778   1369
778   1410
778   1430
779   511
779   523
779   545
779   578
779   602
779   612
779   733
779   767
779   1341
780   461
780   553
780   559
780   742
780   1324
780   1361
780   1394
780   1435
781   634
781   1373
781   1448
781   1457
782   364
782   529
782   597
782   759
782   1349
782   1379
782   1417
782   1427
782   1441
782   1473
783   1145
783   1338
783   1469
784   1315
784   1343
784   1360
784   1397
784   1477
785   725
785   755
785   1323
785   1329
785   1368
785   1372
785   1405
785   1460
786   499
786   593
786   641
786   741
786   1355
786   1386
787   526
787   598
787   604
787   667
787   1340
787   1448
788   610
788   638
788   1152
788   1362
788   1413
788   1480
789   459
789   633
789   749
789   764
789   1344
789   1402
790   582
790   587
790   617
790   628
790   1368
790   1396
790   1432
791   660
791   1349
791   1374
791   1381
791   1451
791   1457
791   1474
792   384
792   703
792   1311
792   1316
792   1322
793   481
793   511
793   1353
793   1389
794   608
794   734
794   1341
794   1462
794   1482
795   472
795   1327
795   1332
795   1370
795   1436
796   634
796   740
796   1316
796   1406
796   1465
797   597
797   614
797   624
797   1361
797   1378
797   1399
798   454
798   489
798   576
798   592
798   727
798   1297
798   1323
798   1344
798   1352
798   1459
798   1473
799   541
799   548
799   588
799   1393
799   1448
799   1455
799   1482
800   463
800   486
800   555
800   569
800   740
800   1308
800   1338
800   1367
801   503
801   511
801   517
801   594
801   601
801   1334
801   1402
801   1463
801   1490
801   1493
802   372
802   611
802   669
802   1294
802   1302
802   1378
802   1439
802   1467
802   1472
803   579
803   1385
803   1478
804   444
804   625
804   1330
804   1486
805   564
805   1313
805   1321
805   1361
805   1456
806   482
806   511
806   520
806   607
806   634
806   1340
806   1345
806   1463
807   376
807   588
807   638
807   1300
807   1351
807   1366
807   1388
807   1394
808   366
808   494
808   619
808   749
808   753
808   1334
808   1378
808   1402
808   1458
808   1481
809   629
809   696
809   723
809   1370
809   1439
809   1470
810   382
810   1307
810   1357
810   1465
810   1491
811   523
811   580
811   597
811   1321
811   1383
811   1400
811   1444
812   563
812   587
812   1296
812   1350
812   1476
813   610
813   1329
813   1404
813   1460
814   384
814   548
814   635
814   1366
814   1400
814   1445
814   1450
814   1471
814   1485
815   450
815   625
815   737
815   1303
816   519
816   555
816   629
816   1335
816   1339
816   1355
816   1359
817   446
817   587
817   598
817   1325
817   1466
818   545
818   1365
818   1390
818   1397
818   1405
818   1449
818   1474
819   1484
819   1488
820   549
820   609
820   613
820   1334
820   1342
820   1378
820   1384
820   1454
820   1469
821   525
821   577
821   619
821   1329
821   1346
822   443
822   624
822   1475
823   544
823   552
823   631
823   1365
824   481
824   564
824   595
824   611
824   1354
824   1360
824   1456
825   511
825   582
825   661
825   680
825   1324
825   1342
825   1396
825   1405
825   1448
825   1481
826   549
826   1371
826   1382
827   574
827   1336
828   448
828   537
828   543
828   619
828   1393
829   501
829   723
829   1362
829   1462
830   559
830   1325
830   1370
831   652
831   733
831   1337
831   1381
831   1483
832   486
832   573
832   704
832   1374
832   1387
832   1401
832   1467
833   1348
833   1457
834   515
834   547
834   579
834   804
834   1342
834   1357
835   589
835   1462
836   444
836   521
836   584
836   722
837   576
837   634
837   697
837   1361
837   1365
837   1369
837   1373
837   1392
837   1451
838   713
838   1384
839   628
839   1379
840   656
840   728
840   1353
840   1456
840   1468
841   588
841   741
841   1348
842   784
842   1360
842   1387
842   1461
843   614
843   1448
844   363
844   411
844   1370
845   1379
846   397
846   466
846   538
846   603
846   746
847   549
847   565
847   623
847   704
847   818
847   1375
848   394
848   1363
849   379
849   441
849   630
849   1351
849   1385
849   1451
850   745
850   1358
850   1369
850   1457
851   416
851   505
851   520
851   644
852   559
852   569
852   692
853   452
853   678
853   790
853   1379
853   1382
854   408
854   584
854   627
855   624
855   643
856   433
856   588
856   1444
857   388
857   618
858   567
858   664
859   627
860   361
860   412
860   737
861   520
861   679
862   635
862   1431
863   449
863   623
863   806
863   1452
864   791
864   799
864   1445
865   570
865   589
866   375
866   532
867   544
867   596
868   577
868   648
869   644
869   1453
870   386
870   444
871   527
872   536
872   558
873   583
873   647
875   420
875   1415
875   1420
876   425
876   678
876   824
877   526
877   541
878   414
878   545
878   665
878   734
878   818
878   1418
879   417
879   559
879   601
879   613
879   1447
880   522
880   564
880   1401
881   1409
882   423
882   549
882   812
883   609
883   624
884   618
885   380
885   519
885   801
885   1422
885   1428
886   552
886   608
886   836
887   372
887   631
887   1393
889   542
889   612
889   752
889   810
889   1409
889   1420
891   560
891   830
892   388
892   511
893   634
893   834
894   534
895   551
895   607
895   654
896   577
896   647
897   400
897   631
897   736
898   812
898   1396
899   512
899   1392
900   1411
903   522
904   547
904   655
905   544
905   830
905   1394
906   388
906   491
906   541
906   632
906   1405
907   584
907   592
907   608
907   758
908   391
908   812
910   656
910   1400
911   1374
912   530
912   605
912   804
913   661
913   1380
914   541
915   828
916   591
918   399
919   605
920   492
920   610
920   751
920   1374
921   626
922   525
923   581
923   593
924   667
926   405
926   576
927   640
928   590
929   387
929   518
929   800
930   741
932   599
932   817
933   668
933   801
934   812
936   474
936   599
936   800
937   753
938   468
938   576
939   535
939   545
939   652
940   477
940   564
941   499
941   599
942   585
942   650
944   490
944   501
945   530
945   770
946   475
946   507
946   558
947   471
947   642
947   815
948   517
948   585
948   801
948   823
949   665
950   485
950   494
952   430
952   463
952   557
952   654
952   822
953   812
954   455
954   561
954   661
955   581
956   826
957   651
957   806
958   432
958   455
958   470
958   515
958   742
959   500
959   663
959   756
959   820
960   509
960   569
960   578
960   652
962   406
962   450
962   461
962   519
962   657
962   802
963   749
964   586
964   668
964   811
966   576
967   659
967   791
968   405
969   543
969   581
969   653
971   485
971   493
971   504
972   567
972   816
973   556
973   750
974   520
974   571
974   791
975   515
975   561
975   591
975   657
976   509
978   439
978   761
979   504
979   529
979   653
979   780
979   785
980   476
980   553
981   498
983   754
984   560
984   572
986   433
986   503
986   548
987   757
989   656
989   818
990   460
990   632
991   490
991   621
991   628
992   782
993   438
994   474
994   635
994   806
996   650
997   426
997   439
997   454
998   482
998   781
999   525
999   572
999   774
1000  514
1000  622
1000  813
1001  421
1001  468
1001  635
1001  650
1002  557
1002  560
1002  590
1002  788
1003  486
1004  428
1004  573
1006  439
1006  624
1006  795
1006  805
1007  550
1007  778
1008  771
1009  614
1010  412
1011  417
1012  804
1013  538
1014  551
1014  570
1014  637
1014  789
1015  612
1015  809
1017  420
1019  497
1019  555
1020  454
1020  768
1021  617
1022  544
1023  532
1023  788
1025  799
1026  512
1027  507
1027  614
1028  599
1028  794
1031  497
1033  795
1034  588
1035  606
1036  615
1036  791
1037  595
1038  546
1039  427
1039  513
1040  583
1040  614
1042  544
1043  764
1044  753
1045  606
1047  589
1048  506
1048  577
1051  601
1051  784
1052  539
1052  576
1053  497
1056  504
1056  768
1058  754
1059  588
1059  761
1061  757
1063  782
1064  736
1065  595
1067  548
1067  599
1068  738
1069  508
1070  760
1071  781
1074  531
1075  505
1075  757
1075  778
1079  510
1079  752
1080  549
1082  758
1084  510
1084  721
1085  763
1087  753
1088  563
1089  520
1089  724
1089  758
1090  514
1092  550
1095  746
1095  756
1096  724
1101  514
1101  531
1102  728
1104  558
1107  547
1107  720
1108  508
1108  683
1110  707
1111  713
1111  719
1112  731
1113  743
1114  518
1114  668
1116  733
1117  546
1117  666
1117  679
1117  694
1118  517
1118  669
1118  715
1121  711
1122  510
1122  662
1122  682
1123  701
1126  673
1129  537
1129  558
1130  514
1131  703
1134  404
1137  559
1137  686
1137  692
1138  541
1138  553
1139  667
1140  407
1141  495
1142  669
1142  673
1143  707
1146  410
1147  559
1147  702
1148  539
1148  676
1149  518
1149  647
1150  501
1151  411
1151  564
1152  560
1152  633
1153  390
1153  577
1153  670
1153  687
1155  552
1156  515
1156  1004
1157  626
1157  684
1158  392
1158  578
1159  498
1160  410
1161  405
1162  668
1164  392
1164  631
1164  638
1165  857
1166  573
1166  663
1167  656
1168  553
1168  565
1169  396
1169  510
1171  799
1174  388
1174  554
1174  586
1174  618
1175  372
1175  777
1176  376
1176  653
1177  405
1177  517
1178  580
1179  379
1179  761
1181  499
1181  630
1181  648
1182  586
1183  656
1184  380
1185  566
1185  635
1186  396
1186  492
1186  501
1186  764
1188  586
1188  632
1189  710
1190  388
1191  380
1191  394
1192  595
1196  367
1197  384
1197  563
1198  372
1198  585
1198  590
1202  369
1203  803
1205  366
1205  570
1207  360
1208  384
1209  572
1212  365
1213  358
1213  381
1213  785
1214  571
1214  579
1214  591
1214  604
1215  772
1217  713
1218  369
1219  607
1222  352
1222  377
1222  580
1222  841
1223  793
1224  370
1224  584
1225  601
1226  360
1228  370
1228  386
1229  355
1230  363
1232  378
1233  371
1233  551
1233  815
1234  356
1234  386
1234  500
1235  598
1236  507
1236  591
1237  497
1238  362
1238  370
1238  574
1239  373
1240  778
1242  359
1243  383
1243  543
1244  475
1245  377
1247  568
1247  663
1248  364
1250  376
1252  430
1253  658
1254  363
1254  602
1255  368
1256  387
1256  440
1258  655
1259  358
1260  665
1261  474
1262  363
1262  387
1263  379
1263  429
1263  732
1263  1719
1266  548
1266  741
1268  359
1268  364
1268  376
1268  382
1271  374
1271  388
1272  521
1273  641
1274  371
1274  377
1274  382
1274  396
1274  579
1275  463
1277  594
1278  394
1280  648
1281  361
1281  600
1282  398
1283  388
1283  556
1283  661
1283  778
1286  383
1286  695
1287  396
1287  739
1288  390
1288  536
1291  619
1292  396
1292  756
1293  609
1294  588
1294  600
1294  645
1295  384
1295  390
1297  372
1297  377
1298  411
1298  464
1298  1717
1300  383
1300  399
1300  679
1301  394
1303  573
1303  768
1304  386
1304  406
1304  416
1307  380
1308  411
1308  547
1309  399
1309  417
1309  660
1312  389
1312  406
1314  412
1314  422
1314  603
1314  743
1315  416
1316  470
1317  401
1318  427
1319  396
1320  410
1322  416
1322  666
1324  402
1324  581
1325  424
1326  419
1326  430
1328  396
1328  424
1329  404
1331  773
1332  413
1332  436
1332  650
1333  493
1334  403
1335  426
1336  433
1337  401
1337  420
1338  411
1339  518
1339  1721
1340  401
1340  763
1341  440
1341  444
1341  578
1342  406
1342  433
1344  778
1345  604
1346  425
1346  434
1347  512
1348  419
1351  437
1351  453
1351  763
1352  413
1352  431
1352  449
1353  420
1353  618
1354  571
1356  431
1357  437
1358  459
1359  419
1359  503
1360  424
1360  553
1361  432
1361  439
1363  446
1363  452
1363  666
1364  463
1366  437
1367  461
1367  467
1368  444
1369  474
1369  630
1369  1738
1370  762
1371  431
1371  441
1371  446
1371  480
1372  458
1372  470
1373  464
1374  449
1375  641
1376  476
1378  444
1378  451
1378  461
1378  708
1378  1407
1379  465
1380  471
1380  476
1380  1412
1382  447
1382  484
1383  718
1384  468
1384  1427
1385  474
1385  481
1385  486
1386  455
1386  563
1386  1409
1386  1721
1387  1477
1388  450
1388  462
1388  479
1389  475
1389  1472
1390  484
1390  491
1391  1330
1392  455
1393  467
1393  563
1393  583
1394  463
1395  491
1395  498
1395  593
1396  476
1396  501
1398  1435
1399  1334
1400  459
1402  503
1403  490
1403  1341
1403  1414
1405  461
1405  468
1405  1422
1407  482
1407  590
1408  509
1408  1471
1409  470
1409  494
1409  1706
1410  1333
1411  505
1413  1514
1414  487
1414  1441
1415  511
1417  469
1417  501
1418  495
1418  1706
1419  486
1420  1427
1420  1434
1420  1511
1421  478
1421  673
1422  503
1422  511
1422  1449
1423  484
1423  607
1423  710
1424  473
1424  492
1424  1428
1425  1473
1426  1442
1428  508
1429  497
1429  1482
1429  1722
1430  478
1431  487
1433  482
1433  510
1433  1536
1434  493
1434  1469
1435  1456
1436  480
1438  504
1438  1474
1438  1492
1438  1537
1439  485
1439  1442
1439  1741
1440  480
1440  1450
1441  495
1441  508
1441  607
1441  661
1442  1486
1443  492
1443  646
1443  1457
1444  1462
1445  497
1445  664
1445  1371
1445  1495
1446  510
1446  1310
1447  484
1447  695
1447  1466
1451  502
1452  505
1452  512
1452  677
1452  1460
1455  485
1456  492
1456  1343
1456  1355
1456  1467
1456  1507
1457  1398
1457  1742
1458  1327
1458  1478
1459  502
1460  506
1460  512
1460  1464
1460  1473
1460  1499
1460  1503
1461  1358
1462  1488
1463  511
1463  665
1463  1519
1464  498
1464  1330
1464  1406
1464  1431
1465  519
1466  489
1466  1487
1466  1493
1468  502
1468  1419
1468  1518
1469  1331
1469  1343
1470  494
1470  516
1471  1479
1471  1496
1472  1331
1472  1447
1473  507
1473  512
1473  1412
1475  659
1475  1400
1476  492
1476  519
1476  1322
1476  1337
1476  1353
1477  1442
1477  1488
1477  1555
1478  497
1478  1331
1480  501
1480  514
1480  1298
1480  1434
1480  1496
1480  1550
1481  1343
1481  1387
1481  1535
1481  1571
1482  494
1482  506
1482  520
1482  1524
1482  1539
1483  1323
1483  1456
1484  1486
1485  1290
1485  1378
1485  1530
1486  495
1486  1351
1486  1357
1486  1364
1486  1388
1487  500
1487  505
1487  1419
1487  1479
1487  1552
1488  1409
1488  1514
1489  510
1489  1544
1489  1558
1490  1347
1491  518
1491  1363
1491  1426
1491  1461
1491  1712
1492  496
1492  505
1492  1402
1492  1522
1492  1552
1494  1375
1494  1441
1494  1466
1494  1476
1494  1528
1494  1737
1495  510
1495  1353
1495  1392
1496  503
1496  1346
1496  1378
1496  1456
1496  1518
1497  519
1497  1425
1497  1492
1498  1442
1499  495
1499  499
1499  506
1499  512
1499  1374
1499  1447
1499  1714
1500  1434
1500  1529
1501  1403
1502  1497
1502  1561
1503  498
1503  507
1503  1353
1503  1531
1504  1371
1504  1447
1504  1460
1504  1463
1504  1485
1505  501
1505  1518
1505  1586
1506  518
1506  1366
1506  1382
1506  1496
1507  1409
1507  1482
1507  1537
1507  1543
1507  1567
1507  1692
1508  494
1508  1418
1508  1520
1508  1767
1509  1562
1510  499
1511  1339
1511  1473
1512  1398
1512  1422
1512  1570
1514  509
1514  1349
1514  1394
1514  1557
1515  1367
1515  1401
1516  517
1516  1333
1517  1409
1517  1520
1519  1337
1519  1404
1519  1418
1519  1594
1520  494
1520  506
1520  521
1520  1561
1520  1759
1521  502
1521  1431
1521  1556
1522  514
1522  1366
1522  1396
1522  1599
1523  1436
1523  1594
1524  510
1524  1504
1524  1568
1524  1581
1526  494
1526  1408
1527  516
1527  1365
1527  1423
1527  1460
1528  507
1528  1348
1528  1353
1528  1531
1528  1541
1528  1602
1529  1431
1529  1497
1529  1561
1529  1565
1530  497
1530  1486
1531  511
1531  1343
1531  1354
1531  1437
1531  1570
1532  1424
1533  1323
1533  1350
1533  1580
1534  1540
1534  1568
1534  1759
1535  511
1535  1418
1535  1424
1535  1584
1535  1606
1536  496
1537  518
1537  1381
1537  1511
1537  1526
1537  1531
1537  1570
1538  1346
1538  1385
1538  1446
1538  1576
1538  1616
1539  663
1539  1331
1540  503
1540  514
1540  1414
1540  1645
1540  1764
1541  1422
1541  1518
1541  1595
1542  1492
1542  1542
1542  1565
1543  508
1543  1618
1543  1776
1544  502
1544  1350
1544  1355
1544  1364
1544  1536
1544  1589
1545  1438
1545  1609
1546  1381
1546  1386
1546  1523
1546  1578
1546  1602
1546  1797
1547  495
1547  513
1547  1515
1547  1586
1548  1561
1549  1443
1549  1754
1550  1358
1550  1365
1550  1393
1550  1402
1550  1607
1551  492
1551  1439
1551  1453
1551  1508
1551  1619
1551  1634
1552  500
1552  516
1552  1517
1552  1645
1552  1744
1553  1592
1554  1384
1554  1406
1554  1420
1554  1502
1554  1517
1554  1532
1554  1563
1554  1587
1555  1471
1555  1495
1555  1543
1555  1572
1555  1582
1556  509
1556  1444
1557  494
1557  1413
1557  1481
1557  1611
1558  1427
1558  1599
1558  1777
1559  1362
1559  1383
1559  1395
1559  1466
1559  1484
1559  1500
1559  1590
1560  1518
1561  1472
1561  1571
1561  1608
1562  499
1562  1362
1562  1403
1562  1429
1562  1441
1562  1447
1562  1456
1562  1584
1562  1624
1562  1650
1563  1382
1563  1411
1563  1437
1563  1482
1563  1496
1563  1526
1563  1640
1564  1418
1564  1514
1564  1533
1565  506
1565  1500
1565  1561
1565  1601
1566  491
1566  517
1566  1444
1566  1579
1566  1742
1566  1750
1567  1406
1567  1518
1567  1651
1568  1380
1568  1474
1568  1481
1568  1551
1568  1587
1568  1594
1569  1373
1569  1434
1569  1456
1569  1470
1569  1610
1570  1427
1570  1628
1571  497
1571  1506
1571  1563
1572  1589
1572  1766
1573  1399
1573  1462
1573  1482
1573  1500
1573  1607
1573  1633
1574  1446
1574  1546
1574  1585
1575  501
1576  493
1576  510
1576  1432
1577  1460
1577  1479
1577  1493
1577  1517
1577  1614
1578  1384
1578  1395
1578  1437
1578  1584
1578  1754
1579  497
1579  1414
1579  1423
1580  1431
1580  1482
1580  1591
1580  1620
1581  507
1581  512
1581  1417
1581  1451
1581  1457
1581  1511
1581  1572
1581  1673
1581  1680
1582  516
1582  1440
1582  1465
1582  1491
1582  1506
1582  1551
1582  1579
1583  502
1583  1469
1583  1597
1584  496
1584  1573
1584  1589
1585  1391
1585  1478
1585  1514
1585  1602
1585  1621
1585  1669
1586  1629
1586  1727
1587  1418
1587  1497
1587  1560
1587  1609
1589  505
1589  1543
1589  1598
1589  1643
1590  1459
1590  1549
1590  1566
1591  1501
1591  1560
1591  1586
1591  1604
1592  499
1593  491
1593  508
1593  1470
1593  1594
1593  1627
1594  519
1595  1582
1595  1608
1596  1636
1597  510
1598  491
1598  1476
1598  1614
1599  519
1599  1597
1600  502
1600  1554
1601  1625
1602  1507
1602  1576
1603  495
1603  1565
1603  1583
1603  1618
1604  505
1604  1521
1605  1657
1607  494
1607  516
1608  508
1608  1627
1609  1709
1610  1511
1610  1651
1611  513
1611  519
1611  1491
1611  1617
1611  1694
1612  1529
1613  495
1613  1515
1613  1577
1613  1583
1613  1622
1614  1562
1615  507
1615  512
1615  1495
1615  1572
1615  1588
1615  1595
1615  1616
1615  1627
1616  1532
1618  1514
1618  1522
1618  1580
1619  514
1619  1503
1619  1526
1619  1570
1619  1604
1619  1643
1619  1679
1620  498
1620  506
1620  1635
1620  1668
1621  1609
1621  1617
1622  1495
1623  488
1623  1520
1623  1588
1623  1605
1623  1673
1625  1656
1626  495
1626  1499
1626  1582
1626  1717
1627  1506
1627  1511
1627  1541
1627  1591
1628  1515
1629  507
1629  1637
1630  489
1630  1478
1630  1494
1630  1534
1630  1566
1630  1658
1630  1667
1631  1522
1632  1628
1632  1653
1633  496
1633  517
1633  1573
1633  1604
1633  1725
1634  1476
1634  1485
1634  1551
1634  1594
1635  1701
1636  1494
1636  1520
1636  1611
1636  1679
1636  1722
1637  497
1637  508
1637  1586
1638  503
1638  1582
1638  1625
1639  1703
1640  508
1640  1512
1640  1543
1640  1547
1640  1597
1641  1569
1642  1468
1642  1504
1642  1709
1643  490
1643  1497
1643  1535
1643  1644
1644  1521
1644  1529
1644  1610
1645  495
1645  501
1645  1623
1646  1464
1646  1489
1646  1506
1646  1582
1646  1591
1647  1516
1647  1606
1647  1674
1647  1701
1648  487
1649  1486
1649  1498
1649  1537
1649  1577
1650  1543
1650  1680
1651  1477
1651  1615
1651  1626
1652  499
1652  1468
1652  1507
1652  1533
1652  1539
1653  1485
1653  1497
1653  1504
1653  1520
1653  1591
1654  276
1654  506
1654  1527
1655  264
1655  1489
1655  1610
1655  1672
1656  257
1656  1615
1657  392
1657  503
1657  1485
1658  283
1658  1467
1658  1575
1659  272
1659  1462
1659  1482
1659  1609
1660  486
1660  510
1660  1456
1661  259
1661  494
1662  262
1662  278
1662  1452
1662  1490
1662  1646
1663  1447
1664  1651
1665  1479
1665  1567
1666  498
1666  1442
1666  1491
1667  1429
1667  1498
1667  1618
1668  272
1668  1457
1668  1576
1668  1631
1669  490
1669  1452
1669  1470
1669  1601
1669  1809
1670  249
1670  284
1670  496
1670  1583
1670  1643
1671  1439
1671  1447
1671  1461
1671  1480
1672  1443
1673  263
1673  294
1673  1423
1673  1427
1674  238
1674  246
1674  486
1674  1453
1674  1548
1674  1604
1675  1471
1675  1478
1675  1483
1676  1449
1676  1465
1677  218
1677  281
1678  230
1678  1418
1679  259
1679  1411
1679  1423
1679  1615
1679  1658
1680  237
1680  267
1680  499
1681  252
1681  275
1681  282
1681  503
1681  1676
1682  1453
1683  274
1683  402
1683  1664
1685  258
1685  264
1685  1415
1685  1802
1686  279
1686  500
1686  1400
1686  1466
1686  1564
1686  1594
1687  214
1687  230
1687  285
1687  1631
1688  244
1688  495
1688  1444
1689  1666
1690  1413
1691  1417
1692  219
1692  484
1692  501
1692  1461
1692  1645
1693  194
1693  204
1693  251
1693  1543
1694  262
1694  278
1694  480
1694  494
1694  1676
1695  256
1695  477
1695  1613
1696  231
1697  268
1697  406
1697  1658
1698  247
1698  273
1698  1421
1698  1430
1699  222
1699  485
1699  1436
1699  1443
1699  1684
1700  1553
1701  264
1701  1560
1702  1541
1703  231
1703  271
1703  411
1703  494
1703  1422
1703  1439
1704  219
1704  478
1705  210
1706  253
1706  276
1706  290
1707  189
1707  199
1707  500
1707  1421
1707  1425
1707  1442
1707  1566
1708  243
1708  1428
1709  1559
1710  263
1711  407
1711  489
1711  1432
1713  480
1713  1419
1713  1543
1714  285
1714  1414
1714  1678
1714  1771
1715  248
1715  1555
1716  264
1716  277
1716  1658
1717  497
1718  1426
1718  1552
1718  1646
1718  1767
1719  1528
1720  492
1721  255
1721  1762
1722  283
1722  1430
1722  1553
1722  1662
1722  1742
1723  482
1723  1788
1724  263
1725  402
1725  1425
1725  1623
1725  1677
1726  412
1726  1547
1727  1666
1727  1702
1728  256
1728  272
1728  475
1728  490
1729  485
1730  406
1730  497
1730  1538
1730  1572
1733  412
1733  489
1734  262
1734  471
1734  1617
1735  1408
1736  464
1736  1606
1736  1612
1736  1713
1737  477
1737  485
1737  1643
1738  418
1741  413
1742  256
1742  1708
1743  240
1743  1522
1745  468
1745  477
1745  1529
1746  490
1747  1407
1747  1590
1751  234
1753  1654
1754  262
1754  464
1754  470
1755  1502
1757  456
1758  1630
1758  1654
1759  257
1759  1551
1760  1658
1761  400
1761  1598
1762  1645
1766  400
1766  1571
1767  448
1768  421
1769  1579
1773  465
1773  1660
1775  450
1775  1642
1777  1545
1782  451
1785  1607
1787  464
1789  1583
1791  449
1792  1611
1794  1646
1795  1572
1796  1650
1798  444
1800  428
1800  1592
1805  1620
1811  1598
1812  1593
1816  1642
1821  1618
1866  1617
1870  66
1873  1572
1875  1581
1881  72
1882  1581
1882  1602
1882  1639
1884  1590
1885  1625
1886  15
1886  1586
1890  129
1890  1577
1893  20
1894  1552
1894  1603
1897  1601
1899  1616
1901  1628
1904  124
1906  1602
1910  144
1919  133
1928  164
1967  143
2014  134
2024  122
2028  168
2047  31