# Filename: CLN3-561nm_416_bidi_017.tif
# Puncta radius (pixels): (1.3888888888888888, 1.3888888888888888)
# Puncta radius (nm): (150, 150)
# Cluster threshold (nm): 300
# Voxel size (nm): (108, 108)
Y     X
0     993
0     997
0     1003
4     978
5     998
9     971
9     994
10    987
10    1004
13    1010
14    990
15    1001
18    1002
19    978
20    991
21    1000
20    1010
22    981
25    992
25    1011
25    1898
30    980
30    1012
31    998
31    1004
32    993
33    987
35    1006
35    1013
36    1887
37    981
39    1005
39    1020
40    1003
41    994
42    982
43    1008
43    1017
44    1004
47    1014
48    1008
48    1882
49    995
50    988
51    1018
52    1002
54    1008
55    1865
57    996
57    1003
57    1013
58    1019
60    1851
61    1008
65    1004
65    1020
66    991
67    1014
68    997
70    990
71    1010
72    1015
75    995
75    1850
75    1885
77    1021
78    1007
78    1014
82    1002
83    993
83    1022
85    1016
86    997
87    1010
89    1857
91    1001
92    1022
93    991
93    995
93    1009
94    1005
95    1889
97    994
99    1018
101   1005
101   1012
103   1871
106   1813
106   1869
107   1023
110   1014
110   1020
110   1836
112   1816
112   1848
113   997
113   1007
116   988
118   1015
121   1004
122   992
122   1821
122   1831
122   1904
122   1909
123   1014
125   1001
126   992
126   1812
126   1834
127   996
128   1010
130   988
130   1000
130   1897
131   1015
135   1003
135   1874
136   987
138   990
139   1849
140   996
140   1006
141   985
143   1000
143   1011
147   989
148   1000
148   1870
150   1007
152   984
152   997
154   990
154   1881
155   1005
157   1830
158   1037
159   979
159   996
159   1033
160   1046
160   1779
161   1041
162   989
163   1028
163   1809
163   1892
164   984
164   1002
164   1033
164   1046
165   1040
165   1852
167   1055
167   1060
167   1864
168   989
169   1027
169   1038
169   1047
171   1033
171   1877
173   1005
173   1024
173   1028
174   986
174   1804
175   1050
175   1062
176   979
176   993
176   1024
176   1039
176   1776
176   1871
178   1791
178   1851
179   1034
179   1050
179   1062
180   1028
181   995
181   1821
182   989
182   1012
182   1057
182   1810
183   1066
183   1870
184   1004
184   1008
184   1043
185   1018
185   1023
185   1791
185   1816
187   1027
187   1071
189   988
189   994
189   1011
189   1042
189   1061
189   1086
190   1055
190   1095
190   1877
191   1034
192   1003
192   1020
192   1025
192   1787
193   1009
194   999
194   1043
194   1049
194   1077
194   1813
195   1066
196   1766
196   1806
197   1040
197   1096
197   1859
198   1000
198   1007
198   1057
199   1023
199   1034
199   1091
200   1013
200   1815
201   1008
201   1028
201   1811
203   1018
203   1054
203   1081
204   1033
204   1067
204   1087
205   1061
205   1075
205   1787
206   1865
207   1023
207   1049
207   1055
207   1082
208   1851
209   1013
209   1029
209   1041
209   1071
210   1058
210   1082
210   1751
210   1833
211   1017
211   1064
213   1036
214   1800
214   1023
214   1774
214   1789
215   1027
215   1760
216   1034
217   1044
217   1750
217   1832
220   1753
221   1032
221   1799
221   1819
222   1042
222   1861
223   1048
223   1783
224   1022
224   1793
225   1031
226   1034
227   1750
227   1754
227   1841
228   1772
229   1041
231   1764
232   1028
234   1746
234   1808
235   1039
235   1046
235   1050
236   1768
236   1837
239   1022
240   1032
241   1043
241   1821
242   1009
242   1024
242   1753
242   1849
243   1020
244   1838
246   1028
246   1803
247   1050
248   1043
248   1791
249   1783
251   1008
253   1003
253   1035
253   1818
253   1835
254   1021
254   1029
256   1048
257   1773
259   1215
260   999
260   1005
260   1029
260   1052
260   1787
261   1045
261   1759
262   1013
262   1019
262   1059
264   1051
264   1219
264   1770
266   1036
266   1068
266   1779
266   1790
267   1004
267   1751
268   999
268   1029
268   1041
268   1057
269   1019
269   1061
271   1086
272   1011
272   1023
272   1050
272   1068
272   1080
273   1006
273   1106
273   1766
274   1028
274   1045
274   1091
274   1737
275   1002
275   1078
275   1100
275   1110
276   1017
276   1057
276   1073
277   1065
277   1729
277   1741
277   1831
278   1035
278   1091
278   1107
279   1023
279   1048
279   1082
279   1086
279   1767
280   998
281   1011
281   1014
281   1042
282   1036
282   1080
282   1096
282   1105
282   1116
282   1120
284   1006
284   1022
284   1064
284   1110
284   1774
285   1070
285   1760
286   1045
286   1104
286   1124
287   1015
287   1023
287   1089
288   991
288   1031
288   1128
289   1007
289   1095
289   1109
290   1049
290   1057
290   1121
291   1016
291   1066
291   1744
292   998
292   1029
292   1077
292   1114
293   992
293   1038
293   1082
293   1088
293   1728
294   1034
294   1052
294   1072
294   1094
294   1125
294   1130
295   1021
296   1008
296   1042
296   1061
296   1102
297   982
297   1018
297   1071
297   1113
297   1118
297   1728
298   985
299   996
299   1033
300   1047
300   1106
300   1125
301   1024
301   1051
301   1060
301   1133
302   982
302   1079
302   1085
302   1093
302   1101
302   1111
303   989
303   1013
303   1039
303   1069
304   1001
304   1031
304   1076
305   1020
305   1719
306   1055
306   1100
306   1118
306   1744
307   985
307   1086
308   992
308   1005
308   1049
308   1108
308   1729
309   1013
310   1009
310   1058
310   1749
311   1001
311   1036
311   1054
311   1131
311   1135
312   975
312   996
312   1065
313   1019
313   1031
313   1072
313   1077
313   1081
313   1723
314   1088
314   1102
314   1713
315   996
315   1002
315   1094
315   1107
316   970
316   1007
316   1112
317   1034
317   1050
317   1128
317   1699
318   508
318   1030
318   1043
318   1138
319   1072
319   1080
319   1084
319   1092
319   1120
319   1741
320   980
320   987
320   1020
320   1145
320   1736
321   1149
322   995
322   1055
322   1063
322   1125
322   1718
323   1038
323   1087
323   1116
323   1145
324   1012
324   1042
324   1141
325   1009
325   1025
325   1067
325   1099
325   1109
325   1155
326   463
326   1162
327   1017
327   1083
327   1122
327   1129
327   1135
327   1150
328   1045
328   1059
329   585
329   1033
329   1052
329   1156
329   1181
330   1008
330   1022
330   1039
330   1068
330   1113
330   1170
330   1188
331   1076
331   1087
331   1107
332   1102
332   1165
333   1091
333   1143
334   1017
334   1024
334   1031
334   1063
334   1111
334   1121
334   1200
335   1021
335   1052
335   1107
336   1042
336   1151
336   1179
336   1186
336   1191
336   1206
336   1730
337   1034
337   1080
337   1135
337   1159
337   1691
338   1010
338   1014
338   1028
338   1064
338   1087
338   1174
338   1695
339   1020
339   1041
339   1098
339   1107
339   1129
340   1045
340   1183
340   1196
340   1201
340   1213
341   1037
341   1073
341   1111
341   1134
341   1141
341   1146
341   1152
341   1165
341   1219
341   1230
342   1091
342   1122
342   1188
342   1710
343   1017
343   1024
343   1030
343   1052
343   1105
344   1046
344   1098
344   1119
344   1176
344   1192
345   1086
345   1159
347   1063
348   1077
347   1151
347   1172
347   1182
347   1216
348   1049
348   1166
348   1195
348   1224
348   1729
349   1082
349   1160
349   1212
349   1232
350   1087
350   1155
350   1189
350   1204
350   1705
350   1720
351   1243
352   1066
352   1219
352   1238
353   1178
354   1186
355   1195
355   1251
355   1693
356   1059
356   1225
356   1235
357   1174
357   1207
357   1246
358   1071
358   1087
358   1171
358   1188
358   1203
358   1213
359   1053
359   1237
360   1067
360   1074
360   1184
360   1220
361   1195
361   1257
362   1227
363   1190
363   1247
363   1264
364   1062
364   1079
365   1071
365   1091
365   1211
366   1204
366   1225
366   1675
367   1197
367   1244
368   1067
368   1264
370   1215
370   1238
370   1706
371   1080
371   1229
371   1243
371   1249
371   1270
372   1066
372   1071
372   1087
372   1223
373   1059
373   1208
373   1688
374   1076
374   1254
375   1239
375   1242
376   1207
376   1262
377   1061
377   1220
377   1232
378   1074
378   1255
378   1680
379   1067
379   1214
380   1672
381   1077
381   1085
381   1252
382   1238
382   1268
383   1243
385   1065
385   1688
385   1698
386   1072
386   1249
386   1256
386   1664
387   1660
387   1672
387   1694
388   1082
401   1672
408   1667
412   1664
413   1683
414   1657
419   1658
421   1674
424   1661
425   1681
426   1654
434   1650
442   1649
449   1647
452   1651
457   1643
458   1649
459   1654
466   1640
467   1662
468   1655
470   1048
473   1654
474   1641
477   1636
480   1656
483   1045
483   1639
484   1049
486   1062
488   1639
489   1036
489   1041
489   1646
490   1060
490   1651
493   1052
494   1048
500   1061
501   1053
503   1044
504   1040
504   1049
504   1058
511   167
511   1054
515   1055
518   1051
518   1061
519   174
522   189
522   1048
524   202
524   206
524   1060
526   165
526   193
526   1048
529   213
530   1070
531   207
533   182
534   209
536   625
537   1062
538   178
538   1071
539   1067
540   192
543   1061
546   191
547   1046
547   1055
550   1051
551   213
551   628
551   1045
551   1061
552   234
553   619
553   1042
554   1048
554   1074
556   630
556   644
556   1052
558   621
558   1065
560   211
560   628
562   1053
563   650
563   1049
563   1077
567   819
568   627
568   646
568   813
569   623
569   1052
571   640
571   1044
572   1068
573   828
574   1074
575   632
576   809
578   659
578   1067
579   628
580   1075
581   830
582   838
582   1089
584   225
584   650
585   641
585   662
586   1085
587   811
587   823
587   1067
587   1089
590   241
591   828
593   644
593   656
595   822
595   1062
595   1098
598   667
598   1067
599   673
599   837
599   1054
600   817
600   825
601   658
602   650
602   849
603   1077
603   1088
604   1069
604   1100
605   679
605   1105
607   842
607   1111
608   1073
609   667
610   833
610   1086
610   1106
611   1079
611   1099
612   849
612   1094
613   825
613   844
615   672
616   832
617   658
617   839
618   679
618   689
621   829
621   845
621   1117
623   670
623   680
624   1113
625   684
625   696
625   1105
626   861
626   1077
627   843
629   691
629   840
630   703
631   844
632   834
632   1109
632   1129
633   860
633   1104
634   682
634   1139
635   1113
638   695
638   1110
639   847
640   721
640   858
641   690
641   704
642   837
642   864
644   668
644   1126
645   727
645   899
646   720
646   911
647   692
647   698
647   831
647   892
648   684
648   705
649   842
649   845
649   850
649   1165
650   667
650   679
650   714
650   1110
651   709
651   725
651   728
651   1130
651   1169
652   691
652   894
653   718
653   857
653   868
654   697
654   701
654   862
655   675
655   840
655   912
655   1126
655   1162
656   898
656   1021
657   729
657   741
657   860
657   1125
658   691
658   841
658   854
658   869
658   1152
658   1175
659   681
660   734
660   878
661   709
661   717
661   1162
661   1168
662   906
662   1123
663   750
663   865
664   1127
664   1150
664   1156
664   1173
664   1184
665   719
665   861
666   692
666   706
666   739
666   897
667   701
667   871
667   1190
668   854
668   884
669   845
669   864
669   1161
670   725
670   749
670   858
670   1149
671   697
671   872
672   704
672   719
672   1178
673   710
673   838
673   849
673   1190
674   890
675   740
675   870
675   1009
676   715
676   879
677   705
677   728
677   751
677   853
677   875
677   898
678   885
679   720
679   731
679   840
679   1161
680   743
680   893
680   1152
681   852
681   884
682   756
682   765
682   862
682   897
682   1157
683   844
683   889
683   907
683   1205
684   716
684   720
684   723
684   748
684   866
684   1164
684   1251
685   857
685   1171
686   840
686   861
687   731
687   734
687   895
688   869
688   885
689   855
690   744
690   766
690   908
691   759
691   779
691   822
691   878
691   1199
692   839
692   902
693   729
693   754
693   774
693   845
693   869
693   888
693   914
693   1233
694   716
695   721
695   738
695   1197
695   1254
696   756
696   818
696   826
696   831
696   905
698   726
698   836
698   859
698   911
698   1208
698   1260
699   782
699   840
699   853
699   883
699   904
700   870
700   919
700   927
700   950
700   959
700   1246
701   788
701   817
701   911
701   923
702   747
702   754
702   835
702   874
702   881
702   890
702   1202
702   1214
702   1223
702   1253
703   763
703   781
703   826
703   901
703   1209
703   1227
703   1234
704   1256
705   797
705   811
706   895
706   906
706   911
707   892
708   750
708   766
708   929
709   830
709   920
710   799
710   874
710   888
710   1208
710   1214
710   1220
711   745
711   774
711   903
711   915
711   933
711   1224
712   765
713   814
713   908
713   938
714   754
714   841
714   893
714   1217
715   791
715   929
716   763
716   779
716   828
716   1226
717   913
718   804
718   886
718   904
718   945
718   1210
719   774
719   825
719   922
719   948
720   756
720   936
721   765
721   782
721   795
721   893
721   1204
722   834
722   908
723   806
723   813
723   829
723   843
723   899
724   809
724   818
725   782
725   928
725   934
725   945
725   1198
726   952
726   1210
727   791
728   740
728   785
728   841
728   850
728   1222
729   731
729   774
730   720
730   725
730   827
730   844
730   856
730   923
731   736
731   795
731   952
731   1217
732   1198
732   1210
733   729
733   902
733   930
734   722
734   788
734   810
734   816
734   832
734   916
734   941
734   1224
735   711
735   799
735   824
735   848
735   858
736   737
736   806
736   837
736   925
736   964
737   935
737   1201
737   1218
738   700
738   716
738   1193
739   730
739   795
739   820
739   945
740   832
740   870
740   879
741   707
741   801
741   812
741   827
741   857
741   920
741   931
741   951
742   724
742   759
742   863
742   967
742   1214
743   832
743   874
743   895
743   905
744   925
744   931
745   698
745   729
745   808
745   917
746   691
746   845
746   858
746   881
746   963
747   722
747   740
747   800
747   886
748   735
748   891
748   951
748   955
748   1188
749   703
749   717
749   822
749   912
749   928
750   689
750   834
750   896
750   939
750   944
751   694
751   709
751   804
751   827
751   873
751   900
751   949
751   1183
752   736
752   849
752   889
752   959
753   859
754   700
754   820
754   844
754   897
754   1196
755   729
755   838
755   903
755   972
756   713
756   720
756   850
756   910
756   922
757   725
757   1191
757   1206
758   928
758   1185
758   1198
759   681
759   685
759   694
759   732
759   875
760   840
760   865
760   894
760   917
760   945
761   675
761   707
761   879
761   952
761   965
762   690
762   901
763   714
763   726
763   971
763   1199
764   672
764   720
764   887
764   923
765   697
765   874
765   899
765   952
765   958
765   965
766   685
766   770
766   848
766   854
766   912
766   933
767   679
767   690
767   759
767   944
767   971
767   1194
768   670
768   731
768   755
768   834
768   906
768   927
769   711
769   750
769   862
769   881
769   962
769   1217
770   720
770   763
770   774
770   873
770   911
770   1199
771   684
771   694
771   841
771   894
772   678
772   690
772   850
772   904
772   922
772   959
772   969
773   703
773   768
773   857
773   915
773   976
773   1182
774   711
774   781
774   837
774   843
774   945
775   685
775   867
775   949
775   965
775   1175
775   1206
776   672
776   722
776   729
776   771
776   879
777   665
777   747
777   765
777   921
777   935
777   979
778   735
778   814
778   824
778   828
778   854
778   910
778   1170
778   1190
778   1214
779   682
779   692
779   714
779   794
779   820
779   841
779   865
779   874
779   916
779   939
779   1210
780   719
780   894
780   976
780   1194
781   660
781   705
781   732
781   778
781   925
781   984
781   1165
782   664
782   679
782   699
782   712
782   756
782   762
782   767
782   857
782   990
783   694
783   737
783   751
783   785
783   843
783   890
783   906
783   966
783   1180
783   1189
784   670
784   675
784   743
784   774
784   807
784   946
785   714
785   727
785   766
785   832
785   840
785   868
785   881
785   887
785   930
785   972
785   1088
786   664
786   687
786   863
786   978
786   1212
787   658
787   723
787   955
788   678
788   684
788   698
788   783
788   793
788   805
788   810
788   837
788   847
788   893
788   916
788   947
788   1078
788   1177
788   1222
789   671
789   737
789   765
789   775
789   822
789   870
789   880
789   968
789   976
789   1204
790   709
790   728
790   746
790   779
790   853
790   909
790   920
790   924
790   1046
790   1101
790   1238
791   691
791   719
791   760
791   898
791   1054
792   686
792   702
792   715
792   733
792   750
792   753
792   802
792   884
792   944
792   964
792   1039
792   1227
793   770
793   813
793   895
793   1208
794   677
794   682
794   796
794   835
794   862
794   911
794   938
794   1034
794   1065
794   1169
794   1196
795   663
795   669
795   876
795   905
795   959
795   972
795   1048
795   1060
795   1099
795   1158
795   1201
796   654
796   710
796   722
796   728
796   758
796   868
796   915
797   737
797   747
797   772
797   786
797   799
797   825
797   842
797   855
797   895
797   921
797   927
797   948
797   1089
797   1164
797   1229
798   751
798   807
798   818
798   874
798   881
798   979
798   1080
798   1212
799   646
799   662
799   685
799   696
799   705
799   766
799   794
799   982
799   994
799   1028
799   1092
799   1156
800   690
800   718
800   833
800   860
800   899
800   937
800   1106
800   1126
800   1170
800   1237
801   728
801   744
801   811
801   944
801   1020
801   1227
802   700
802   778
802   870
802   884
802   888
802   973
803   704
803   713
803   722
803   748
803   788
803   839
803   875
803   909
803   1006
803   1030
803   1060
803   1158
804   658
804   673
804   678
804   731
804   796
804   808
804   916
804   922
804   950
804   957
804   989
804   1023
805   709
805   739
805   770
805   822
805   849
805   858
805   1027
805   1134
805   1139
805   1151
805   1173
805   1245
806   650
806   683
806   746
806   756
806   785
806   1091
806   1115
806   1122
807   687
807   799
807   826
807   939
807   976
807   996
807   1085
807   1156
808   656
808   665
808   778
808   789
808   887
808   891
808   901
808   935
808   967
809   645
809   695
809   706
809   714
809   719
809   726
809   752
809   951
809   960
809   1071
809   1095
809   1131
809   1238
810   750
810   808
810   847
810   928
810   984
810   1106
811   756
811   766
811   915
811   1117
811   1154
812   794
812   1112
812   1171
812   1228
813   701
813   762
813   778
813   782
813   864
813   890
813   901
813   1030
813   1035
813   1096
813   1124
813   1139
813   1233
814   645
814   663
814   677
814   697
814   770
814   907
814   944
814   958
814   1053
814   1058
814   1131
814   1158
814   1248
815   665
815   682
815   689
815   880
815   928
815   964
815   991
815   998
815   1088
815   1101
815   1225
816   719
816   724
816   854
816   869
816   894
816   934
816   972
816   983
816   1074
816   1078
816   1147
816   1153
816   1165
816   1217
817   950
817   1007
818   658
818   705
818   765
818   874
818   905
818   916
818   978
818   1054
818   1061
819   910
819   1014
819   1093
819   1114
819   1126
819   1137
819   1222
820   695
820   709
820   898
820   928
820   939
820   1083
820   1142
821   922
821   959
821   973
821   1038
822   765
822   785
822   865
822   887
822   932
822   1230
823   678
823   963
823   1075
824   668
824   683
824   768
824   910
824   947
824   967
824   1124
825   656
825   693
825   901
825   942
825   1033
825   1131
825   1152
825   1239
826   672
826   894
826   1010
826   1058
826   1113
827   662
827   976
827   990
827   1019
827   1039
827   1066
827   1223
827   1230
828   646
828   886
828   927
828   937
828   969
828   1028
828   1048
828   1085
828   1100
829   651
829   766
829   770
829   908
829   916
829   1091
830   638
830   951
830   1004
830   1071
830   1077
830   1241
831   633
831   670
831   883
831   900
831   1010
831   1023
831   1062
831   1068
831   1124
831   1139
832   955
832   1132
832   1233
833   658
833   776
833   927
833   1019
833   1221
833   1225
834   644
834   666
834   935
834   940
834   964
834   998
835   951
835   958
835   966
835   1033
836   634
836   991
836   1012
836   1056
836   1064
836   1104
837   926
838   658
838   760
838   902
838   922
838   1060
838   1233
839   629
839   969
839   976
839   1019
839   1024
839   1219
840   855
840   962
840   1004
840   1069
840   1093
840   1119
841   871
841   1051
841   1140
841   1242
842   658
842   664
842   918
842   922
842   939
842   946
842   990
842   1081
842   1246
843   637
843   953
843   1012
843   1222
843   1229
844   758
844   909
844   1046
845   778
845   1000
845   1020
845   1120
845   1237
846   928
846   932
846   983
846   1057
847   950
847   1050
847   1061
847   1077
847   1124
847   1250
848   628
848   643
848   655
848   972
848   977
848   1028
848   1223
849   942
849   965
849   992
849   1041
849   1046
850   636
850   650
850   770
850   871
850   916
850   957
850   983
851   787
851   932
851   961
851   1054
851   1236
851   1252
852   628
852   811
852   904
852   952
852   1060
852   1087
852   1225
853   938
853   974
853   1078
853   1222
854   657
854   923
854   1006
854   1073
854   1109
854   1248
855   639
855   647
855   998
855   1046
855   1127
856   946
856   1034
856   1118
856   1224
857   653
857   785
857   796
857   954
857   962
857   973
858   629
858   927
858   1023
858   1130
859   753
859   1091
859   1237
860   631
860   921
860   992
860   1064
861   798
861   1006
861   1072
861   1118
862   940
862   1003
862   1245
863   638
863   773
863   786
863   1055
863   1127
863   1222
864   1034
865   747
865   933
865   982
865   1109
865   1233
866   769
866   939
866   946
866   957
866   963
866   1085
866   1131
866   1144
867   636
867   1027
867   1041
867   1121
868   757
868   928
868   970
869   920
869   1102
870   764
870   1057
870   1114
870   1241
871   904
871   962
871   1022
872   981
872   1037
873   541
873   923
873   986
873   993
873   1001
873   1073
873   1153
873   1169
873   1230
874   755
874   933
874   974
874   989
875   793
875   876
875   904
875   1006
875   1013
875   1030
875   1079
875   1086
875   1124
876   519
876   535
876   885
876   929
876   1041
876   1057
876   1171
877   890
877   937
878   760
878   768
878   777
878   992
878   1029
878   1248
879   916
879   944
879   979
879   1149
879   1160
879   1233
880   787
880   996
880   1009
880   1070
881   754
881   849
881   924
881   987
881   1001
881   1081
881   1182
881   1228
882   868
882   1046
882   1061
882   1091
883   533
883   936
883   978
884   880
884   943
884   995
884   1013
884   1019
884   1036
884   1171
885   765
885   921
885   1003
885   1095
885   1121
885   1126
886   929
886   1025
886   1141
886   1148
886   1225
887   773
887   780
887   846
887   1029
887   1042
888   786
888   863
888   988
888   992
888   1036
888   1054
889   759
889   768
889   939
889   1018
889   1049
889   1236
890   1025
890   1136
890   1161
890   1191
891   954
891   1153
891   1183
892   792
892   1031
892   1202
893   998
893   1237
894   780
894   987
894   1022
894   1148
894   1221
895   881
895   896
895   980
895   1017
895   1035
896   919
896   966
896   990
896   1009
896   1063
896   1186
897   901
897   938
897   1183
897   1213
898   787
898   977
898   999
898   1207
899   523
899   792
899   883
899   1235
900   513
900   925
900   958
900   1018
901   906
901   1192
901   1204
901   1222
902   762
902   883
902   1072
902   1146
902   1177
903   774
903   983
903   1039
903   1198
903   1217
904   770
904   951
904   1002
904   1009
904   1014
904   1023
905   995
905   1056
905   1156
905   1209
906   798
906   1031
907   778
907   902
907   914
907   1039
907   1192
908   761
908   785
908   948
908   1016
908   1227
909   999
909   1007
909   1147
909   1202
909   1210
909   1231
910   792
910   990
910   1023
910   1155
910   1216
911   765
911   888
911   1175
911   1221
912   518
912   967
912   1028
913   523
913   769
913   772
913   799
913   937
913   995
913   1003
913   1015
913   1036
913   1043
913   1062
914   1047
914   1054
914   1189
914   1219
915   1011
915   1016
915   1164
916   910
916   1143
916   1194
916   1208
917   776
917   791
917   799
917   920
917   1236
918   896
918   1027
918   1225
919   501
919   780
919   786
919   905
919   993
919   1039
919   1207
919   1217
920   1009
920   1016
920   1064
920   1151
920   1234
921   1197
921   1204
922   770
922   799
922   897
922   901
922   934
922   1052
922   1067
922   1190
922   1240
923   793
923   1000
924   776
924   857
924   891
924   914
924   1226
925   1008
926   495
926   899
926   911
926   1037
926   1066
927   904
927   919
927   1018
927   1130
927   1229
928   785
928   929
928   1246
929   504
929   806
929   1050
930   871
930   938
930   1030
930   1053
931   785
931   869
931   882
931   907
931   912
931   1022
931   1045
932   773
932   899
932   946
932   1140
932   1221
932   1232
933   922
933   949
933   974
933   1063
933   1256
934   477
934   788
934   894
934   980
934   1041
934   1241
935   936
935   1013
935   1146
935   1153
935   1259
936   464
936   782
936   810
936   930
936   1236
936   1247
937   883
937   923
937   1007
937   1136
937   1214
937   1254
938   509
938   514
938   806
938   890
938   913
938   956
938   1048
939   467
939   851
939   868
939   948
939   1147
940   779
940   793
940   904
941   772
941   920
941   977
941   1125
942   789
942   876
942   927
942   1008
942   1222
942   1260
943   888
943   891
943   896
943   1014
944   799
944   870
944   924
944   935
944   1022
944   1130
944   1266
945   501
945   780
945   809
945   1235
945   1246
946   882
946   914
946   943
946   1137
947   462
947   921
948   493
948   889
948   901
949   784
949   812
949   874
949   908
949   936
949   953
949   998
949   1239
950   797
950   942
950   1140
951   892
951   915
951   1110
951   1230
951   1263
952   498
952   789
952   804
952   1054
952   1121
952   1247
953   867
953   965
953   1031
953   1036
953   1274
954   459
954   463
954   468
954   485
954   490
954   877
954   888
954   1002
954   1041
954   1237
955   810
955   814
955   862
955   930
955   936
955   1129
956   778
956   899
956   919
956   943
956   954
956   972
956   996
956   1046
956   1064
957   795
957   856
957   891
957   903
957   911
957   925
957   1011
957   1123
958   474
958   869
958   879
958   1227
959   808
959   834
959   875
959   936
959   1029
959   1127
959   1140
960   494
960   990
961   800
961   928
961   1267
961   1280
962   454
962   811
962   969
962   1023
962   1032
963   873
963   1011
963   1079
963   1256
964   487
964   909
964   936
964   1132
965   786
965   797
965   860
965   867
965   944
965   1018
965   1275
966   854
966   929
966   995
966   1026
966   1071
966   1246
967   951
967   1241
967   1263
968   793
968   808
968   886
968   941
968   1266
968   1270
969   798
969   864
969   891
969   900
969   913
969   935
969   982
969   1053
970   481
970   827
970   878
970   1279
971   848
971   868
971   998
971   1003
971   1029
971   1033
971   1285
971   1291
972   466
972   802
972   888
972   1240
972   1266
973   1052
973   1250
973   1255
974   441
974   458
974   471
974   789
974   938
974   982
974   1015
975   477
975   811
975   829
975   921
975   1083
975   1273
975   1282
976   462
976   822
976   857
976   880
976   996
976   1108
977   451
977   903
977   969
977   1247
977   1289
978   456
978   850
978   876
978   892
978   979
978   986
978   1035
978   1067
978   1073
978   1095
979   813
979   816
979   867
979   1081
980   796
981   445
981   982
981   993
982   440
982   456
982   827
982   874
982   886
982   975
982   1006
982   1076
983   471
983   812
983   853
983   891
983   926
983   1282
984   816
984   834
984   838
984   908
984   1011
984   1061
984   1255
984   1264
985   863
985   877
985   980
985   1017
985   1102
986   867
986   885
987   431
987   802
987   813
987   822
987   854
987   1070
987   1086
987   1277
988   835
988   897
988   904
988   969
988   1028
988   1256
989   828
989   832
989   891
989   1000
989   1011
989   1283
990   444
990   478
990   863
990   990
990   1006
991   856
991   984
992   840
992   863
992   876
992   939
992   958
993   433
993   455
993   808
993   1298
994   829
994   965
994   994
994   1073
994   1106
995   442
995   801
995   901
995   928
995   975
996   416
996   842
996   860
996   894
996   1102
997   469
997   810
998   804
998   816
998   920
998   992
998   998
998   1288
999   473
999   836
999   868
999   885
999   901
999   1007
999   1076
1000  968
1000  1073
1000  1295
1001  469
1001  897
1001  941
1001  987
1001  1112
1001  1273
1002  462
1002  824
1002  860
1002  1092
1003  414
1003  846
1003  974
1003  1087
1003  1299
1004  479
1004  877
1004  996
1004  1006
1005  813
1005  835
1005  868
1005  987
1005  1059
1005  1279
1006  456
1006  476
1006  819
1006  919
1006  1089
1007  437
1007  842
1007  880
1007  891
1007  1084
1008  446
1008  874
1008  895
1008  966
1008  1003
1008  1111
1008  1313
1009  902
1009  942
1009  992
1009  1290
1010  815
1010  830
1010  882
1010  936
1010  988
1010  1095
1010  1305
1011  921
1011  980
1011  984
1012  455
1012  849
1012  891
1012  910
1012  968
1012  997
1012  1087
1012  1102
1013  834
1013  874
1014  816
1014  917
1014  991
1014  1293
1015  438
1015  924
1015  929
1015  983
1016  443
1016  830
1016  895
1016  987
1016  1108
1017  883
1017  907
1017  966
1017  1002
1018  424
1018  850
1018  873
1018  889
1018  937
1019  823
1019  997
1019  1298
1020  417
1020  476
1020  865
1020  895
1020  967
1021  410
1021  827
1021  836
1021  855
1021  883
1021  974
1022  926
1022  1090
1023  873
1023  904
1024  860
1024  910
1024  995
1025  884
1025  958
1026  439
1026  892
1026  983
1027  964
1027  1101
1027  1118
1028  408
1028  447
1028  846
1028  869
1028  900
1028  938
1029  838
1029  856
1029  1089
1029  1110
1030  453
1030  862
1030  883
1030  989
1030  997
1031  442
1031  479
1031  875
1031  905
1031  924
1031  931
1031  1098
1032  869
1032  975
1033  850
1033  952
1033  1001
1033  1052
1033  1094
1034  838
1034  861
1034  988
1034  1082
1034  1111
1035  891
1035  1063
1036  438
1036  460
1036  907
1036  931
1036  1098
1037  445
1037  965
1038  414
1038  855
1038  874
1038  878
1038  902
1038  991
1038  1115
1039  1094
1040  458
1040  884
1040  907
1040  998
1041  927
1041  946
1041  969
1041  993
1041  1086
1042  860
1042  869
1042  953
1042  965
1043  876
1043  904
1043  914
1043  1092
1044  443
1044  883
1044  898
1045  422
1045  959
1045  1100
1046  427
1046  869
1046  910
1046  951
1046  990
1046  1088
1046  1110
1047  974
1047  981
1047  1095
1048  866
1048  964
1048  1164
1048  1183
1049  895
1049  936
1049  1173
1050  874
1051  444
1051  880
1051  959
1051  1004
1052  1100
1052  1106
1053  412
1053  868
1053  893
1053  1154
1054  887
1054  907
1054  938
1054  1000
1054  1176
1055  883
1055  901
1055  942
1055  967
1056  996
1056  1094
1056  1132
1057  407
1057  910
1057  953
1057  978
1057  1006
1058  894
1058  971
1058  1114
1058  1184
1058  1200
1059  871
1059  888
1059  960
1059  1149
1060  411
1060  940
1060  1001
1060  1161
1061  903
1061  947
1062  892
1062  1079
1062  1110
1062  1168
1062  1175
1062  1194
1062  1247
1063  936
1063  970
1063  974
1063  985
1063  1011
1063  1107
1063  1214
1064  417
1064  877
1064  887
1064  899
1064  978
1064  1236
1065  962
1065  1156
1065  1262
1066  927
1066  946
1066  988
1066  1151
1066  1251
1067  1003
1067  1099
1068  902
1068  978
1068  991
1068  999
1068  1118
1068  1224
1069  888
1069  907
1070  922
1070  968
1070  1133
1071  881
1071  987
1071  1097
1071  1190
1071  1197
1071  1205
1071  1283
1072  910
1072  931
1072  1009
1072  1109
1074  949
1074  973
1074  1058
1074  1069
1074  1144
1074  1148
1074  1154
1074  1179
1074  1239
1074  1259
1075  887
1075  905
1075  978
1075  1139
1076  967
1076  1027
1076  1084
1076  1131
1077  918
1077  1008
1077  1023
1077  1043
1077  1096
1078  979
1078  999
1078  1054
1078  1110
1078  1285
1079  947
1079  983
1079  1077
1079  1104
1079  1265
1080  891
1080  1178
1081  900
1081  926
1081  939
1081  975
1081  1018
1081  1063
1081  1117
1081  1135
1081  1270
1082  995
1082  1294
1083  1048
1083  1072
1083  1092
1084  1007
1084  1013
1084  1157
1085  891
1085  896
1085  999
1085  1026
1085  1043
1085  1079
1085  1101
1085  1124
1085  1163
1085  1174
1085  1302
1086  903
1086  1047
1087  917
1087  936
1087  1096
1087  1117
1087  1170
1088  932
1088  1154
1089  1258
1090  1017
1090  1060
1090  1132
1091  926
1091  992
1091  1073
1091  1125
1091  1273
1091  1322
1092  1145
1093  997
1093  1051
1093  1310
1094  901
1094  932
1094  1085
1094  1103
1094  1300
1095  917
1095  1168
1096  1042
1096  1089
1097  885
1097  1007
1097  1025
1097  1056
1098  941
1098  1012
1098  1021
1098  1038
1098  1100
1099  890
1099  1281
1099  1287
1100  878
1103  1162
1103  1302
1105  917
1105  1055
1105  1170
1105  1310
1107  934
1107  1020
1108  1029
1108  1037
1108  1045
1108  1144
1109  1161
1110  919
1110  1320
1111  1025
1111  1174
1111  1305
1112  1041
1113  1035
1113  1168
1114  1161
1115  930
1115  1021
1116  1026
1118  941
1118  1296
1120  1300
1122  1018
1123  919
1126  1026
1127  914
1128  935
1128  942
1128  1009
1129  1172
1130  1015
1131  1019
1132  1037
1132  1155
1133  1165
1135  907
1136  1026
1138  920
1138  1012
1138  1018
1140  1024
1140  1031
1141  1159
1142  914
1143  928
1143  993
1143  1036
1143  1171
1145  904
1145  918
1145  999
1145  1017
1145  1027
1145  1031
1145  1157
1146  1161
1147  1176
1148  1024
1149  909
1149  940
1150  1005
1151  1001
1151  1144
1154  932
1154  991
1154  996
1156  924
1156  1002
1156  1025
1158  933
1158  993
1158  1153
1159  915
1159  1012
1159  1144
1160  986
1160  1171
1161  908
1161  997
1162  1158
1163  1010
1163  1176
1165  977
1165  1028
1166  994
1166  1162
1167  904
1167  923
1167  937
1168  1033
1169  973
1169  990
1169  1005
1170  982
1170  1001
1171  1025
1172  922
1173  995
1173  1012
1174  1153
1175  903
1175  933
1175  982
1176  999
1176  1016
1176  1179
1177  1048
1178  911
1178  1167
1179  537
1179  926
1181  984
1181  992
1181  1179
1182  966
1182  1003
1183  1175
1184  918
1184  972
1184  1057
1185  1050
1186  1014
1186  1168
1187  925
1187  940
1188  977
1189  985
1189  1044
1189  1064
1189  1146
1189  1151
1190  1030
1190  1053
1191  938
1191  974
1192  964
1192  968
1192  1087
1193  914
1194  978
1194  1067
1194  1076
1196  1052
1197  909
1197  939
1198  984
1198  991
1198  1085
1199  922
1199  927
1199  1064
1200  1140
1201  1042
1201  1051
1203  1079
1203  1162
1205  984
1205  1142
1208  1082
1209  923
1209  929
1209  1165
1210  917
1210  938
1210  1157
1213  1164
1214  1146
1215  919
1215  971
1215  1160
1216  1088
1217  936
1218  1083
1220  959
1221  928
1222  946
1223  979
1224  969
1226  919
1226  1160
1227  988
1228  908
1228  969
1230  962
1230  985
1231  976
1232  947
1232  958
1236  956
1236  969
1237  911
1237  949
1238  26
1240  991
1241  912
1243  929
1244  981
1248  952
1248  957
1250  918
1251  983
1252  911
1253  925
1253  931
1253  951
1255  920
1258  913
1258  966
1260  974
1260  986
1261  936
1261  980
1262  941
1263  28
1265  12
1266  969
1267  964
1269  922
1270  952
1270  957
1274  962
1275  942
1278  947
1280  969
1280  1288
1282  1292
1285  944
1287  1301
1288  951
1290  1287
1292  1258
1293  1228
1294  1252
1296  1234
1299  1205
1302  954
1304  941
1304  1213
1305  1230
1307  1204
1307  1280
1308  1248
1309  960
1309  2016
1310  921
1310  944
1310  1141
1310  1273
1313  962
1313  2025
1314  937
1314  1114
1314  1267
1315  948
1315  1149
1316  1270
1317  1185
1318  1228
1318  2011
1319  1089
1319  1125
1319  1135
1319  1169
1320  1148
1323  915
1324  937
1324  1114
1325  1070
1325  1990
1326  929
1326  948
1327  1982
1328  1207
1328  2031
1329  913
1329  1996
1329  2024
1332  1159
1333  1988
1334  937
1335  933
1335  2032
1337  1155
1338  904
1338  915
1338  1056
1338  1996
1340  1988
1341  1050
1341  2037
1342  908
1344  1082
1346  924
1346  1101
1347  912
1347  1076
1350  933
1350  2007
1353  2039
1355  913
1357  1055
1359  900
1359  1247
1362  916
1363  1234
1363  1248
1364  1981
1365  899
1365  2011
1366  2029
1367  1247
1368  907
1368  1015
1368  2020
1370  2008
1372  909
1372  1239
1373  913
1373  1994
1374  1228
1374  1248
1377  1248
1378  897
1378  1253
1378  2001
1379  1243
1380  1990
1380  2018
1381  1175
1381  1979
1383  896
1383  1189
1383  1232
1384  1252
1385  1248
1385  2017
1387  890
1387  1189
1387  1242
1388  1181
1388  1224
1390  886
1391  1166
1391  1173
1391  1225
1391  1235
1392  879
1392  890
1392  1219
1392  1246
1393  1162
1393  1193
1394  1167
1394  1198
1396  897
1396  1190
1397  884
1397  1219
1397  1224
1397  1240
1398  1174
1398  1208
1398  1232
1399  1203
1399  1215
1399  1268
1400  1186
1400  1194
1400  1247
1400  1273
1401  1151
1401  1159
1401  1260
1402  1235
1403  1167
1403  1176
1403  1221
1403  1272
1404  1192
1404  1981
1405  1215
1406  1141
1407  1171
1407  1177
1407  1201
1407  1260
1408  1231
1409  1143
1409  1180
1409  1185
1409  1211
1410  1122
1411  1188
1411  1193
1412  1200
1412  1251
1412  1262
1413  1108
1413  1172
1413  1217
1413  1967
1414  1138
1414  1257
1415  1191
1415  1234
1415  1276
1416  1163
1416  1187
1416  1332
1417  1211
1417  1315
1418  1196
1418  1228
1419  1121
1419  1330
1420  1140
1420  1147
1420  1201
1421  1096
1421  1111
1421  1239
1421  1261
1421  1334
1422  1178
1422  1220
1422  1229
1422  1277
1423  1127
1423  1209
1423  1215
1423  1249
1425  1124
1425  1174
1425  1183
1425  1199
1425  1290
1426  1226
1426  1274
1427  1094
1427  1195
1428  1253
1429  1205
1429  1216
1429  1318
1429  1341
1430  1135
1430  1212
1430  1223
1431  1269
1432  1193
1432  1276
1433  1172
1433  1183
1434  1204
1434  1210
1435  1103
1435  1180
1435  1230
1435  1256
1435  1270
1435  1295
1436  1217
1437  1192
1437  1315
1437  1323
1438  1087
1439  1207
1439  1249
1440  1227
1441  1104
1441  1202
1441  1215
1441  1234
1442  1265
1443  1116
1443  1252
1444  1198
1444  1220
1445  1103
1445  1240
1446  1214
1446  1276
1447  1205
1447  1251
1448  1097
1449  1085
1449  1115
1449  1187
1450  1178
1450  1201
1450  1264
1451  1214
1451  1225
1453  1161
1453  1197
1454  1109
1454  1207
1454  1246
1457  1171
1458  1187
1459  1262
1460  1167
1461  1154
1461  1186
1461  1275
1462  1198
1463  1263
1465  1064
1465  1089
1465  1146
1467  1075
1467  1099
1467  1177
1467  1343
1467  1410
1468  1094
1468  1417
1470  1135
1470  1161
1470  1265
1470  1276
1470  1350
1471  1405
1472  1082
1472  1145
1472  1362
1473  1377
1474  1321
1474  1395
1474  1427
1474  1434
1474  1442
1475  1069
1475  1097
1475  1147
1475  1328
1475  1338
1475  1453
1476  1152
1476  1300
1476  1344
1478  1356
1478  1363
1478  1368
1478  1400
1478  1439
1479  1311
1479  1430
1480  1139
1480  1408
1481  1152
1481  1332
1482  1386
1482  1455
1482  1475
1483  1481
1484  1064
1484  1140
1484  1322
1484  1350
1484  1371
1485  1365
1485  1420
1485  1474
1486  1134
1487  1070
1487  1092
1487  1343
1487  1358
1488  1051
1488  1150
1488  1461
1488  1472
1489  1395
1489  1401
1489  1411
1489  1433
1490  1136
1490  1165
1490  1328
1490  1347
1490  1371
1490  1380
1490  1385
1490  1420
1490  1481
1490  1488
1491  1452
1492  1426
1492  1475
1493  1081
1493  1358
1494  1067
1494  1138
1494  1342
1494  1444
1494  1463
1494  1482
1495  1164
1495  1368
1495  1378
1495  1436
1496  1409
1496  1472
1496  1486
1496  1490
1496  1523
1497  1359
1497  1455
1498  1374
1498  1389
1498  1508
1498  1527
1499  1148
1499  1423
1499  1515
1500  1355
1500  1436
1500  1459
1500  1465
1500  1481
1501  1168
1501  1397
1501  1406
1501  1492
1501  1532
1502  1163
1502  1497
1503  1074
1503  1145
1504  1393
1504  1420
1504  1447
1504  1462
1505  1171
1505  1385
1505  1400
1505  1431
1505  1438
1505  1467
1505  1502
1505  1540
1506  1374
1506  1388
1506  1485
1507  1154
1507  1427
1507  1488
1508  1410
1508  1456
1508  1459
1508  1472
1508  1535
1508  1561
1508  1569
1509  1514
1509  1565
1510  1172
1510  1419
1510  1439
1510  1590
1511  1405
1511  1462
1511  1490
1512  1448
1512  1506
1512  1520
1512  1538
1513  1499
1514  1422
1514  1442
1514  1566
1514  1588
1515  1483
1515  1493
1515  1560
1516  1457
1516  1489
1516  1521
1516  1534
1516  1584
1516  1603
1517  1452
1517  1470
1517  1574
1518  1545
1518  1551
1519  1150
1519  1512
1519  1568
1520  1423
1520  1438
1520  1442
1520  1477
1520  1577
1521  1493
1522  1163
1522  1452
1522  1459
1522  1462
1522  1482
1523  1168
1524  1045
1524  1455
1524  1544
1524  1551
1525  1477
1525  1511
1526  1436
1526  1449
1526  1465
1527  1143
1527  1470
1527  1495
1527  1527
1528  1138
1528  1551
1529  1059
1529  1501
1530  1047
1530  1446
1531  1458
1531  1485
1531  1524
1532  1435
1532  1440
1532  1453
1532  1467
1532  1587
1533  1151
1533  1477
1534  1107
1534  1140
1534  1446
1535  1133
1535  1450
1535  1481
1535  1495
1535  1573
1536  1112
1536  1467
1537  1053
1537  1442
1537  1492
1538  1059
1538  1104
1538  1597
1539  1505
1540  1457
1540  1464
1540  1497
1540  1575
1541  1046
1541  1145
1541  1586
1542  1511
1543  1494
1544  1097
1544  1129
1545  1485
1545  1507
1546  1106
1546  1479
1547  1471
1548  1100
1549  1464
1550  1459
1550  1483
1552  1099
1552  1112
1552  1506
1553  1470
1553  1498
1554  1466
1554  1474
1554  1490
1556  1517
1556  1524
1562  1509
1562  1516
1563  1114
1563  1490
1563  1494
1563  1502
1563  1528
1565  1480
1569  1504
1569  1520
1570  1107
1570  1500
1573  1485
1573  1492
1573  1514
1574  1498
1575  1138
1577  1124
1577  1511
1578  1486
1578  1516
1579  1519
1580  1499
1581  1495
1586  1489
1587  1501
1588  1125
1591  1495
1596  1124
1769  224
2001  302
2017  303
2021  311
2027  318
2030  289
2031  322
2031  385
2032  329
2033  300
2034  310
2034  379
2037  384
2037  400
2039  399
2040  307
2041  378
2046  388
2047  323
2047  329
2047  368
2047  377
2047  382
2047  400