# Filename: CLN3-561nm_416_bidi_013.tif
# Puncta radius (pixels): (1.3888888888888888, 1.3888888888888888)
# Puncta radius (nm): (150, 150)
# Cluster threshold (nm): 300
# Min puncta per cluster: 2
# Voxel size (nm): (108, 108, 200)
Y     X     CLUSTER_ID
11    1110  -1
18    1090  -1
18    1114  -1
19    1085  -1
25    1113  -1
35    1069  -1
37    1074  -1
38    1098  -1
41    1065  -1
43    1075  -1
49    1086  -1
50    1066  -1
54    1073  -1
54    1086  -1
60    1080  -1
61    1075  -1
62    1056  -1
68    1057  -1
70    1066  -1
76    1041  -1
77    1026  -1
81    1023  -1
82    1033  -1
83    1062  -1
86    1041  -1
90    1012  -1
96    1031  -1
102   1020  -1
102   1041  -1
104   989   -1
105   1014  -1
106   1001  -1
109   1036  -1
112   1000  -1
118   1007  -1
124   982   -1
139   983   -1
142   1008  -1
144   998   -1
146   961   -1
148   998   -1
149   978   -1
152   992   -1
155   784   -1
156   795   -1
157   820   -1
157   830   -1
158   784   -1
158   976   -1
162   796   -1
164   862   -1
165   847   -1
165   951   -1
166   777   -1
167   787   -1
167   795   -1
167   805   -1
167   971   -1
167   988   -1
168   875   -1
169   860   -1
169   867   -1
170   830   -1
170   838   -1
171   843   -1
172   976   -1
173   778   -1
173   876   -1
173   881   -1
174   831   -1
174   847   -1
174   867   -1
174   989   -1
176   784   -1
177   764   -1
177   842   -1
177   973   -1
178   826   -1
180   771   -1
181   822   -1
183   878   -1
184   986   -1
185   856   -1
185   882   -1
186   799   -1
187   764   -1
188   749   -1
188   835   -1
189   820   -1
189   871   -1
189   903   -1
190   855   -1
191   745   -1
191   890   -1
191   977   -1
192   878   -1
193   777   -1
193   870   -1
193   898   -1
194   831   -1
194   886   -1
197   822   -1
197   928   -1
198   891   -1
198   985   -1
199   783   -1
201   885   -1
201   961   -1
202   760   -1
202   878   -1
203   828   -1
204   891   -1
204   996   -1
206   939   -1
206   991   -1
208   879   -1
211   819   -1
211   827   -1
211   929   -1
211   943   -1
212   763   -1
212   875   -1
212   917   -1
213   834   -1
213   895   -1
213   950   -1
215   890   -1
217   825   -1
217   832   -1
217   876   -1
218   938   -1
220   884   -1
221   894   -1
222   899   -1
222   912   -1
223   882   -1
223   907   -1
226   927   -1
228   822   -1
228   906   -1
228   923   -1
231   872   -1
233   825   -1
236   836   -1
237   893   -1
239   829   -1
240   814   -1
242   837   -1
243   813   -1
247   817   -1
252   819   -1
258   837   -1
258   844   -1
259   820   -1
261   847   -1
263   823   -1
265   914   -1
266   827   -1
266   836   -1
266   849   -1
266   931   -1
268   720   -1
268   830   -1
268   842   -1
268   924   -1
269   903   -1
269   938   -1
270   834   -1
270   919   -1
273   842   -1
273   952   -1
274   705   -1
277   957   -1
278   906   -1
278   951   -1
283   924   -1
285   917   -1
285   956   -1
286   924   -1
287   714   -1
287   938   -1
287   960   -1
287   968   -1
288   944   -1
288   965   -1
289   914   -1
290   920   -1
291   927   -1
291   988   -1
292   940   -1
292   967   -1
294   903   -1
294   917   -1
296   943   -1
298   934   -1
299   973   -1
301   986   -1
302   1006  -1
303   928   -1
303   938   -1
303   1012  -1
305   996   -1
306   957   -1
306   989   -1
307   992   -1
308   980   -1
309   941   -1
309   945   -1
309   998   -1
309   1015  -1
310   934   -1
311   960   -1
311   990   -1
312   955   -1
312   972   -1
313   1002  -1
314   945   -1
314   1036  -1
315   982   -1
316   957   -1
316   975   -1
317   1002  -1
317   1006  -1
317   1013  -1
318   969   -1
319   961   -1
319   981   -1
320   999   -1
321   988   -1
321   994   -1
322   1035  -1
323   1000  -1
323   1040  -1
324   975   -1
324   1009  -1
325   1016  -1
326   985   -1
326   1045  -1
328   1032  -1
329   1006  -1
330   992   -1
330   1013  -1
331   1023  -1
331   1038  -1
334   1043  -1
335   995   -1
336   1010  -1
339   1026  -1
342   1039  -1
345   1032  -1
463   1291  -1
464   1269  -1
465   1160  -1
465   1258  -1
467   1137  -1
470   1187  -1
471   1145  -1
471   1159  -1
471   1179  -1
471   1277  -1
472   1286  -1
473   1208  -1
474   1149  -1
477   1152  -1
477   1159  -1
477   1198  -1
478   1123  -1
478   1237  -1
478   1251  -1
479   1114  -1
479   1193  -1
479   1206  -1
480   1134  -1
480   1138  -1
481   1212  -1
484   1118  -1
484   1125  -1
484   1167  -1
484   1198  -1
485   1215  -1
486   1265  -1
487   1128  -1
487   1138  -1
488   1122  -1
488   1274  -1
489   1100  -1
489   1156  -1
489   1201  -1
489   1219  -1
491   1124  -1
491   1195  -1
492   1076  -1
493   1222  -1
493   1229  -1
494   1150  -1
494   1168  -1
495   1173  -1
497   1134  -1
497   1154  -1
497   1196  -1
498   1221  -1
499   1124  -1
499   1139  -1
499   1239  -1
500   1159  -1
501   1146  -1
501   1215  -1
502   1098  -1
502   1225  -1
503   1204  -1
503   1211  -1
505   1138  -1
505   1191  -1
506   1086  -1
506   1222  -1
507   1216  -1
509   1136  -1
509   1199  -1
509   1230  -1
510   1116  -1
512   1221  -1
514   1079  -1
515   1101  -1
515   1202  -1
516   1225  -1
517   1086  -1
518   1219  -1
519   1230  -1
520   1091  -1
521   1199  -1
524   1205  -1
524   1231  -1
526   1064  -1
526   1216  -1
526   1235  -1
529   1075  -1
530   1229  -1
533   1050  -1
535   1060  -1
535   1224  -1
535   1229  -1
537   1214  -1
539   1210  -1
540   1057  -1
541   1207  -1
541   1217  -1
542   1062  -1
543   1058  -1
543   1067  -1
545   1232  -1
547   1206  -1
548   1222  -1
549   1052  -1
549   1228  -1
552   1231  -1
556   1063  -1
556   1219  -1
557   1229  -1
558   1042  -1
561   1218  -1
561   1224  -1
562   1206  -1
562   1233  -1
563   1060  -1
564   1053  -1
565   1215  -1
565   1229  -1
566   1047  -1
566   1070  -1
567   1219  -1
568   1239  -1
569   1051  -1
569   1205  -1
569   1226  -1
570   1214  -1
572   1031  -1
572   1036  -1
572   1068  -1
572   1198  -1
572   1210  -1
575   1044  -1
575   1060  -1
575   1197  -1
576   1039  -1
576   1218  -1
577   1064  -1
578   1234  -1
578   1237  -1
579   1226  -1
581   1220  -1
582   1233  -1
583   1216  -1
587   1204  -1
588   1208  -1
590   1035  -1
590   1048  -1
593   1054  -1
593   1212  -1
593   1220  -1
593   1231  -1
598   1026  -1
598   1192  -1
598   1201  -1
599   1035  -1
599   1056  -1
599   1205  -1
600   1042  -1
601   1198  -1
601   1210  -1
604   1046  -1
606   1193  -1
606   1200  -1
606   1210  -1
608   1215  -1
609   1221  -1
610   1195  -1
612   1034  -1
612   1190  -1
616   1214  -1
617   1030  -1
617   1197  -1
618   1179  -1
620   1185  -1
621   1045  -1
623   1179  -1
624   993   -1
624   1174  -1
624   1204  -1
625   1217  -1
627   984   -1
627   1029  -1
627   1208  -1
628   992   -1
630   1170  -1
630   1214  -1
631   1180  -1
632   989   -1
632   1032  -1
633   1166  -1
634   1180  -1
634   1375  -1
635   1205  -1
636   1201  -1
638   985   -1
638   989   -1
638   1037  -1
638   1186  -1
639   1190  -1
640   1196  -1
641   979   -1
641   1022  -1
641   1041  -1
641   1184  -1
641   1205  -1
642   1162  -1
643   1000  -1
645   972   -1
645   1183  -1
645   1197  -1
646   1027  -1
648   1013  -1
648   1163  -1
649   995   -1
650   980   -1
650   990   -1
650   1179  -1
650   1350  -1
651   1030  -1
651   1371  -1
652   1046  -1
652   1173  -1
654   992   -1
654   1180  -1
655   987   -1
655   1054  -1
655   1206  -1
655   1353  -1
656   1027  -1
656   1190  -1
657   1186  -1
658   1172  -1
659   990   -1
659   1176  -1
660   993   -1
660   1198  -1
661   983   -1
661   1169  -1
662   1020  -1
664   1031  -1
664   1181  -1
665   1036  -1
665   1186  -1
667   981   -1
668   1022  -1
668   1042  -1
668   1046  -1
668   1181  -1
669   988   -1
669   1057  -1
671   980   -1
671   1194  -1
671   1199  -1
672   1177  -1
673   1221  -1
674   1020  -1
676   989   -1
676   1185  -1
678   1035  -1
677   1154  -1
677   1175  -1
678   968   -1
679   1059  -1
679   1180  -1
681   987   -1
682   1190  -1
683   1026  -1
683   1183  -1
683   1230  -1
683   1331  -1
686   974   -1
686   1070  -1
686   1180  -1
687   1051  -1
688   1011  -1
688   1039  -1
689   1186  -1
690   1203  -1
691   985   -1
691   1075  -1
691   1180  -1
692   1042  -1
693   1063  -1
694   1182  -1
694   1202  -1
694   1359  -1
695   975   -1
695   1206  -1
697   1071  -1
697   1076  -1
697   1166  -1
697   1172  -1
697   1194  -1
697   1215  -1
698   964   -1
698   1238  -1
699   1006  -1
699   1080  -1
699   1691  -1
702   966   -1
702   1073  -1
702   1163  -1
702   1178  -1
703   1691  -1
704   1175  -1
706   1055  -1
706   1060  -1
709   1350  -1
710   981   -1
710   1191  -1
711   1149  -1
711   1179  -1
712   1153  -1
713   998   -1
715   1069  -1
715   1181  -1
715   1202  -1
715   1676  -1
716   1095  -1
716   1336  -1
717   999   -1
717   1165  -1
718   990   -1
718   1679  -1
719   980   -1
719   1330  -1
720   1161  -1
721   1176  -1
722   1690  -1
723   981   -1
723   992   -1
723   997   -1
723   1097  -1
724   1016  -1
724   1163  -1
724   1180  -1
724   1183  -1
725   987   -1
726   1684  -1
728   1097  -1
728   1151  -1
729   1175  -1
729   1662  -1
730   1002  -1
730   1103  -1
730   1168  -1
730   1677  -1
731   1183  -1
732   1032  -1
732   1109  -1
732   1239  -1
734   983   -1
734   1013  -1
734   1019  -1
734   1024  -1
734   1159  -1
734   1233  -1
735   1055  -1
735   1088  -1
736   1106  -1
737   1171  -1
738   1046  -1
739   990   -1
739   1010  -1
740   1040  -1
740   1059  -1
740   1183  -1
740   1670  -1
740   1687  -1
741   986   -1
741   1024  -1
741   1177  -1
741   1679  -1
742   1053  -1
744   1036  -1
744   1116  -1
745   1029  -1
745   1041  -1
745   1101  -1
745   1165  -1
745   1183  -1
746   1018  -1
748   998   -1
749   1012  -1
749   1104  -1
749   1117  -1
749   1179  -1
750   1157  -1
751   1079  -1
752   1092  -1
752   1191  -1
753   1004  -1
753   1020  -1
753   1043  -1
753   1056  -1
753   1183  -1
754   1024  -1
754   1032  -1
754   1263  -1
755   995   -1
756   827   -1
756   1106  -1
756   1154  -1
757   1678  -1
758   1052  -1
759   993   -1
759   1078  -1
759   1213  -1
760   1112  -1
760   1187  -1
760   1217  -1
761   1014  -1
761   1061  -1
761   1155  -1
761   1173  -1
762   963   -1
762   1031  -1
762   1067  -1
762   1668  -1
763   1002  -1
763   1165  -1
763   1197  -1
764   1021  -1
764   1207  -1
764   1321  -1
765   995   -1
766   1030  -1
767   1082  -1
767   1110  -1
767   1148  -1
767   1334  -1
767   1686  -1
768   1036  -1
768   1158  -1
768   1178  -1
768   1185  -1
769   974   -1
769   1021  -1
769   1168  -1
770   938   -1
770   1079  -1
770   1099  -1
771   1102  -1
771   1323  -1
772   973   -1
772   1187  -1
772   1680  -1
773   952   -1
773   1156  -1
773   1180  -1
774   1000  -1
774   1061  -1
774   1122  -1
775   984   -1
775   1082  -1
776   1027  -1
776   1591  -1
777   968   -1
777   1110  -1
777   1136  -1
777   1188  -1
777   1317  -1
778   995   -1
778   999   -1
778   1096  -1
778   1172  -1
779   940   -1
779   1046  -1
779   1085  -1
780   1012  -1
780   1122  -1
780   1311  -1
781   982   -1
781   1108  -1
781   1182  -1
782   976   -1
782   1099  -1
782   1114  -1
782   1187  -1
783   1009  -1
783   1076  -1
783   1131  -1
783   1152  -1
783   1990  -1
783   2002  -1
784   952   -1
784   963   -1
784   1021  -1
784   1672  -1
786   1149  -1
786   1156  -1
786   1170  -1
787   986   -1
787   1060  -1
787   1307  -1
788   1042  -1
788   1082  -1
788   1160  -1
788   1166  -1
788   1201  -1
789   964   -1
789   1176  -1
790   970   -1
790   1045  -1
791   1053  -1
791   1707  -1
792   1084  -1
792   1118  -1
793   1149  -1
793   1159  -1
794   1145  -1
794   1175  -1
794   1180  -1
794   1645  -1
795   1088  -1
795   1131  -1
795   2020  -1
796   1000  -1
796   1098  -1
796   1688  -1
798   1003  -1
798   1158  -1
799   937   -1
799   1000  -1
799   1137  -1
799   1177  -1
800   1057  -1
800   1077  -1
800   1190  -1
800   1271  -1
801   1148  -1
801   1151  -1
802   980   -1
802   987   -1
802   1082  -1
802   1095  -1
802   1162  -1
802   1926  -1
803   1074  -1
803   1180  -1
803   1634  -1
804   927   -1
804   969   -1
804   999   -1
804   1065  -1
805   974   -1
805   1045  -1
805   1142  -1
805   1971  -1
806   961   -1
806   1185  -1
807   985   -1
807   1161  -1
807   1172  -1
808   1096  -1
808   1137  -1
808   1156  -1
808   1628  -1
809   996   -1
809   1082  -1
809   1101  -1
809   1151  -1
811   933   -1
811   981   -1
811   1191  -1
812   957   -1
812   1002  -1
812   1008  -1
812   1077  -1
812   1958  -1
813   990   -1
813   1086  -1
814   953   -1
814   1707  -1
815   1183  -1
816   935   -1
816   962   -1
816   1179  -1
816   1187  -1
816   1868  -1
817   1072  -1
817   1086  -1
817   1148  -1
817   1199  -1
818   942   -1
818   949   -1
818   982   -1
818   1005  -1
818   1013  -1
819   987   -1
819   1095  -1
820   1159  -1
820   1773  -1
821   1046  -1
821   1696  -1
821   1880  -1
822   956   -1
822   1176  -1
822   1247  -1
823   921   -1
824   962   -1
824   1070  -1
824   1199  -1
825   1002  -1
826   916   -1
826   941   -1
826   992   -1
826   1047  -1
826   1051  -1
826   1083  -1
826   1840  -1
828   985   -1
828   1850  -1
829   995   -1
829   1091  -1
830   952   -1
830   1167  -1
830   1805  -1
831   1008  -1
831   1044  -1
831   1173  -1
833   1071  -1
833   1796  -1
834   984   -1
834   1065  -1
834   1086  -1
834   1191  -1
834   1917  -1
835   905   -1
835   1031  -1
835   1037  -1
835   1170  -1
835   1790  -1
835   1817  -1
835   1928  -1
836   918   -1
836   925   -1
836   965   -1
836   1002  -1
836   1007  -1
837   1178  -1
837   1748  -1
838   976   -1
838   1084  -1
838   1202  -1
839   1023  -1
839   1034  -1
839   1040  -1
839   1157  -1
840   297   -1
840   1161  -1
841   1017  -1
842   316   -1
842   922   -1
842   981   -1
842   985   -1
842   995   -1
842   1012  -1
842   1075  -1
842   1188  -1
842   1878  -1
843   942   -1
843   1199  -1
844   932   -1
844   1019  -1
845   1192  -1
846   306   -1
846   1025  -1
847   934   -1
847   1188  -1
848   1016  -1
848   1076  -1
849   1023  -1
849   1038  -1
850   923   -1
850   1091  -1
850   1796  -1
850   1825  -1
851   297   -1
851   940   -1
851   1062  -1
851   1073  -1
852   1804  -1
853   916   -1
853   1033  -1
853   1874  -1
855   1165  -1
855   1184  -1
856   319   -1
856   1877  -1
857   906   -1
857   1005  -1
858   935   -1
858   1015  -1
858   1089  -1
859   304   -1
859   1020  -1
859   1036  -1
860   1024  -1
860   1042  -1
860   1184  -1
861   1161  -1
861   1180  -1
861   1844  -1
862   723   -1
862   1048  -1
862   1095  -1
862   1817  -1
863   1014  -1
863   1064  -1
863   1193  -1
864   1037  -1
864   1199  -1
864   1787  -1
865   321   -1
865   1822  -1
867   1070  -1
867   1163  -1
868   1025  -1
868   1086  -1
868   1094  -1
868   1098  -1
869   935   -1
869   1063  -1
869   1114  -1
870   1044  -1
870   1191  -1
870   1250  -1
870   1797  -1
871   1027  -1
871   1049  -1
872   1178  -1
873   913   -1
873   1187  -1
873   1204  -1
874   1113  -1
874   1155  -1
875   934   -1
875   1168  -1
876   329   -1
876   828   -1
877   1016  -1
877   1030  -1
877   1089  -1
878   1040  -1
878   1086  -1
878   1175  -1
878   1191  -1
879   1109  -1
879   1127  -1
879   1132  -1
879   1141  -1
880   1170  -1
881   719   -1
881   811   -1
881   1048  -1
881   1064  -1
882   1017  -1
882   1079  -1
882   1128  -1
882   1185  -1
883   835   -1
883   1092  -1
883   1166  -1
884   715   -1
884   818   -1
884   1027  -1
884   1058  -1
885   1128  -1
885   1147  -1
886   1064  -1
886   1165  -1
887   800   -1
887   899   -1
887   927   -1
887   1171  -1
887   1194  -1
888   1051  -1
888   1096  -1
888   1104  -1
888   1185  -1
889   911   -1
889   1059  -1
890   895   -1
890   926   -1
890   1078  -1
890   1164  -1
890   1173  -1
891   818   -1
891   919   -1
891   1085  -1
891   1192  -1
892   823   -1
892   859   -1
892   1198  -1
893   326   -1
893   911   -1
894   1019  -1
894   1169  -1
895   906   -1
895   1034  -1
895   1142  -1
896   837   -1
896   882   -1
896   928   -1
896   1055  -1
896   1081  -1
896   1088  -1
897   802   -1
897   901   -1
897   1077  -1
897   1138  -1
897   1145  -1
898   1030  -1
898   1163  -1
898   1176  -1
899   869   -1
899   1171  -1
900   1148  -1
900   1198  -1
901   1160  -1
901   1179  -1
902   814   -1
902   883   -1
902   1035  -1
902   1062  -1
903   899   -1
904   322   -1
904   861   -1
904   922   -1
904   1019  -1
905   291   -1
905   895   -1
905   1042  -1
906   918   -1
907   278   -1
907   902   -1
907   1011  -1
907   1085  -1
907   1156  -1
908   331   -1
908   1063  -1
908   1175  -1
909   1040  -1
909   1057  -1
909   1149  -1
910   290   -1
910   857   -1
910   1034  -1
910   1080  -1
910   1162  -1
910   1170  -1
910   1181  -1
911   985   -1
911   1007  -1
911   1048  -1
911   1187  -1
912   862   -1
912   892   -1
913   933   -1
913   1020  -1
913   1029  -1
913   1041  -1
913   1081  -1
913   1141  -1
913   1165  -1
914   1170  -1
914   843   -1
914   1075  -1
915   285   -1
915   835   -1
915   854   -1
916   1087  -1
917   718   -1
917   865   -1
917   911   -1
918   345   -1
918   858   -1
918   880   -1
918   917   -1
918   936   -1
918   1007  -1
918   1020  -1
918   1026  -1
919   941   -1
919   1166  -1
920   930   -1
920   1130  -1
920   1135  -1
920   1163  -1
920   1182  -1
921   740   -1
921   1072  -1
922   914   -1
922   1059  -1
923   873   -1
923   993   -1
923   1189  -1
924   927   -1
924   934   -1
924   989   -1
924   1148  -1
925   855   -1
925   883   -1
926   951   -1
926   1062  -1
926   1182  -1
927   259   -1
927   917   -1
927   1088  -1
928   937   -1
928   998   -1
928   1030  -1
929   925   -1
929   1133  -1
929   1152  -1
929   1187  -1
930   749   -1
930   1034  -1
930   1068  -1
930   1101  -1
931   1002  -1
931   1026  -1
931   1129  -1
932   271   -1
932   1075  -1
932   1096  -1
932   1137  -1
932   1156  -1
932   1182  -1
934   743   -1
934   941   -1
934   1057  -1
935   1091  -1
935   1174  -1
936   280   -1
936   975   -1
936   985   -1
936   1003  -1
936   1109  -1
936   1115  -1
937   722   -1
937   1059  -1
937   1100  -1
938   947   -1
938   1078  -1
938   1137  -1
939   1104  -1
939   1122  -1
940   736   -1
940   919   -1
940   989   -1
940   1094  -1
940   1111  -1
941   256   -1
941   925   -1
941   973   -1
942   233   -1
942   264   -1
942   747   -1
942   929   -1
942   960   -1
942   1075  -1
942   1090  -1
942   1127  -1
943   1056  -1
944   241   -1
944   952   -1
944   1045  -1
944   1071  -1
945   1050  -1
946   932   -1
946   980   -1
946   995   -1
946   1080  -1
946   1130  -1
946   1136  -1
946   1157  -1
946   1174  -1
947   1110  -1
947   1113  -1
947   1119  -1
948   256   -1
948   1053  -1
948   1149  -1
948   1178  -1
949   911   -1
949   988   -1
949   1020  -1
949   1047  -1
949   1083  -1
949   1174  -1
950   245   -1
950   968   -1
950   1002  -1
950   1029  -1
950   1129  -1
950   1160  -1
951   887   -1
951   978   -1
951   1036  -1
952   1117  -1
952   1126  -1
953   254   -1
953   731   -1
953   990   -1
953   1062  -1
954   1051  -1
954   1055  -1
954   1078  -1
955   222   -1
955   970   -1
956   219   -1
956   978   -1
956   1012  -1
956   1023  -1
956   1040  -1
956   1072  -1
956   1098  -1
956   1123  -1
957   923   -1
957   948   -1
957   1046  -1
958   251   -1
958   944   -1
958   1108  -1
959   935   -1
959   1027  -1
960   975   -1
960   1075  -1
960   1100  -1
960   1132  -1
961   931   -1
961   948   -1
961   967   -1
961   1008  -1
961   1105  -1
962   1047  -1
963   1159  -1
964   959   -1
965   244   -1
965   940   -1
965   1063  -1
966   233   -1
966   754   -1
966   937   -1
966   1081  -1
966   1086  -1
967   867   -1
968   1059  -1
969   1011  -1
969   1072  -1
969   1136  -1
970   755   -1
970   1033  -1
970   1147  -1
971   888   -1
971   1053  -1
971   1085  -1
972   999   -1
972   1005  -1
972   1037  -1
972   1047  -1
974   229   -1
974   938   -1
975   243   -1
975   1040  -1
975   1080  -1
975   1112  -1
975   1123  -1
976   942   -1
976   1033  -1
976   1043  -1
976   1058  -1
976   1070  -1
977   744   -1
977   1064  -1
978   924   -1
979   204   -1
979   1011  -1
980   750   -1
980   1069  -1
980   1154  -1
981   1033  -1
981   1045  -1
981   1061  -1
981   1116  -1
981   1161  -1
982   868   -1
982   1023  -1
982   1029  -1
984   207   -1
984   855   -1
985   189   -1
985   1038  -1
985   1147  -1
986   361   -1
987   177   -1
988   370   -1
988   752   -1
988   1027  -1
989   852   -1
989   926   -1
989   1019  -1
991   840   -1
991   912   -1
991   1073  -1
992   358   -1
992   897   -1
992   917   -1
992   920   -1
992   1086  -1
994   881   -1
994   906   -1
995   847   -1
995   874   -1
995   893   -1
995   940   -1
995   1017  -1
996   901   -1
996   1002  -1
996   1049  -1
996   1080  -1
997   1054  -1
997   1087  -1
998   187   -1
998   849   -1
998   890   -1
999   172   -1
999   193   -1
999   1070  -1
999   1076  -1
1000  815   -1
1000  899   -1
1000  1034  -1
1001  382   -1
1001  1019  -1
1001  1058  -1
1001  1087  -1
1002  833   -1
1002  923   -1
1002  935   -1
1003  192   -1
1003  1064  -1
1003  1091  -1
1004  762   -1
1004  990   -1
1005  815   -1
1005  859   -1
1005  1015  -1
1006  167   -1
1006  1138  -1
1007  936   -1
1007  1075  -1
1008  153   -1
1008  915   -1
1008  1070  -1
1009  820   -1
1009  894   -1
1010  350   -1
1010  387   -1
1010  841   -1
1010  890   -1
1011  390   -1
1011  808   -1
1011  1021  -1
1011  1127  -1
1011  1140  -1
1012  1076  -1
1013  192   -1
1013  790   -1
1013  799   -1
1013  924   -1
1013  1048  -1
1013  1072  -1
1014  365   -1
1014  854   -1
1014  1003  -1
1015  167   -1
1015  177   -1
1015  930   -1
1015  1037  -1
1015  1066  -1
1015  1092  -1
1016  937   -1
1016  1043  -1
1016  1061  -1
1017  370   -1
1017  1075  -1
1018  153   -1
1018  382   -1
1018  792   -1
1018  932   -1
1018  1010  -1
1018  1069  -1
1019  387   -1
1019  832   -1
1019  840   -1
1019  1054  -1
1019  1082  -1
1019  1159  -1
1021  170   -1
1021  951   -1
1021  1005  -1
1021  1076  -1
1022  154   -1
1022  788   -1
1022  924   -1
1022  937   -1
1022  1022  -1
1022  1045  -1
1022  1063  -1
1022  1069  -1
1022  1087  -1
1023  367   -1
1023  1016  -1
1024  164   -1
1024  835   -1
1025  800   -1
1025  829   -1
1025  1049  -1
1026  388   -1
1026  394   -1
1026  1031  -1
1026  1071  -1
1026  1124  -1
1027  158   -1
1027  809   -1
1027  1022  -1
1027  1086  -1
1028  164   -1
1028  168   -1
1028  380   -1
1028  826   -1
1028  927   -1
1028  938   -1
1028  1061  -1
1029  1082  -1
1029  1091  -1
1029  1137  -1
1030  146   -1
1030  950   -1
1030  974   -1
1030  1024  -1
1030  1030  -1
1030  1040  -1
1030  1046  -1
1030  1075  -1
1030  1149  -1
1031  320   -1
1031  803   -1
1031  836   -1
1031  1006  -1
1031  1068  -1
1031  1086  -1
1032  932   -1
1032  1054  -1
1032  1064  -1
1032  1080  -1
1032  1155  -1
1033  367   -1
1033  1041  -1
1034  165   -1
1034  395   -1
1034  820   -1
1034  950   -1
1034  1088  -1
1035  152   -1
1035  172   -1
1035  1075  -1
1035  1123  -1
1036  134   -1
1036  789   -1
1036  837   -1
1036  1047  -1
1036  1070  -1
1037  1026  -1
1038  162   -1
1038  925   -1
1038  937   -1
1038  950   -1
1038  1038  -1
1038  1078  -1
1038  1106  -1
1038  1158  -1
1039  355   -1
1039  983   -1
1040  704   -1
1040  1083  -1
1041  359   -1
1041  809   -1
1041  947   -1
1041  1035  -1
1041  1072  -1
1041  1088  -1
1042  678   -1
1042  932   -1
1042  1100  -1
1043  167   -1
1043  963   -1
1044  1005  -1
1045  123   -1
1045  308   -1
1045  787   -1
1045  814   -1
1045  1133  -1
1046  950   -1
1046  1064  -1
1046  1147  -1
1046  1153  -1
1047  329   -1
1047  930   -1
1048  147   -1
1048  371   -1
1049  1096  -1
1049  1135  -1
1050  166   -1
1051  158   -1
1052  932   -1
1052  1015  -1
1052  1059  -1
1052  1151  -1
1053  916   -1
1053  1019  -1
1054  1029  -1
1054  1088  -1
1055  136   -1
1055  375   -1
1056  132   -1
1056  928   -1
1056  935   -1
1056  1060  -1
1056  1094  -1
1056  1150  -1
1057  355   -1
1057  799   -1
1057  1067  -1
1058  123   -1
1058  795   -1
1058  921   -1
1058  983   -1
1059  722   -1
1059  953   -1
1061  1012  -1
1062  161   -1
1063  374   -1
1063  405   -1
1063  1139  -1
1063  1164  -1
1064  413   -1
1064  1074  -1
1065  915   -1
1066  151   -1
1066  1106  -1
1067  1026  -1
1067  1043  -1
1067  1177  -1
1068  156   -1
1068  1159  -1
1069  124   -1
1069  781   -1
1069  800   -1
1069  919   -1
1071  141   -1
1071  148   -1
1071  1030  -1
1072  934   -1
1072  984   -1
1073  1070  -1
1073  1090  -1
1073  1114  -1
1074  926   -1
1074  1103  -1
1075  145   -1
1075  920   -1
1075  1015  -1
1075  1164  -1
1076  934   -1
1076  1029  -1
1077  306   -1
1078  744   -1
1078  800   -1
1078  1025  -1
1078  1110  -1
1079  128   -1
1079  133   -1
1079  143   -1
1079  793   -1
1079  916   -1
1079  943   -1
1079  956   -1
1081  413   -1
1081  920   -1
1081  1039  -1
1081  1090  -1
1083  322   -1
1083  418   -1
1083  1100  -1
1084  786   -1
1085  128   -1
1085  147   -1
1085  1071  -1
1085  1089  -1
1085  1093  -1
1086  284   -1
1086  315   -1
1086  948   -1
1087  731   -1
1087  775   -1
1087  1015  -1
1088  384   -1
1088  798   -1
1088  912   -1
1089  946   -1
1090  121   -1
1090  316   -1
1090  391   -1
1090  793   -1
1091  1086  -1
1092  145   -1
1093  1135  -1
1094  386   -1
1094  937   -1
1095  127   -1
1095  1014  -1
1096  1003  -1
1096  1109  -1
1097  403   -1
1097  800   -1
1097  1079  -1
1097  1082  -1
1098  1098  -1
1100  1083  -1
1100  1110  -1
1101  404   -1
1101  916   -1
1101  941   -1
1101  1023  -1
1101  1052  -1
1101  1078  -1
1102  141   -1
1102  936   -1
1102  946   -1
1102  959   -1
1103  811   -1
1103  1009  -1
1103  1117  -1
1103  1126  -1
1104  952   -1
1105  1114  -1
1106  124   -1
1106  129   -1
1106  137   -1
1106  937   -1
1108  1128  -1
1109  283   -1
1109  304   -1
1109  947   -1
1109  961   -1
1109  1011  -1
1109  1017  -1
1109  1122  -1
1110  927   -1
1110  1116  -1
1111  800   -1
1111  993   -1
1111  1100  -1
1112  309   -1
1112  822   -1
1112  1025  -1
1113  938   -1
1113  947   -1
1113  965   -1
1114  790   -1
1114  795   -1
1114  812   -1
1114  1007  -1
1114  1094  -1
1115  139   -1
1116  1084  -1
1116  1120  -1
1117  807   -1
1117  926   -1
1117  1100  -1
1118  993   -1
1118  1000  -1
1119  942   -1
1119  955   -1
1119  1125  -1
1120  795   -1
1120  1074  -1
1120  1134  -1
1121  146   -1
1121  996   -1
1122  820   -1
1123  802   -1
1123  1004  -1
1124  114   -1
1124  127   -1
1124  1104  -1
1124  1109  -1
1125  118   -1
1125  993   -1
1127  941   -1
1127  947   -1
1127  1092  -1
1127  1099  -1
1128  797   -1
1128  1124  -1
1129  283   -1
1129  304   -1
1129  826   -1
1129  882   -1
1129  958   -1
1130  942   -1
1130  1108  -1
1131  293   -1
1131  946   -1
1132  1101  -1
1132  1122  -1
1133  933   -1
1133  939   -1
1133  1009  -1
1133  1070  -1
1133  1095  -1
1134  999   -1
1135  902   -1
1136  140   -1
1136  950   -1
1137  115   -1
1137  283   -1
1137  820   -1
1137  824   -1
1138  1010  -1
1138  1122  -1
1138  1136  -1
1139  776   -1
1139  791   -1
1139  939   -1
1139  997   -1
1139  1044  -1
1139  1126  -1
1140  805   -1
1140  832   -1
1141  810   -1
1142  743   -1
1142  964   -1
1143  934   -1
1144  119   -1
1144  827   -1
1144  1142  -1
1145  897   -1
1145  983   -1
1146  1006  -1
1146  1124  -1
1147  1129  -1
1148  807   -1
1148  818   -1
1148  822   -1
1148  831   -1
1148  1119  -1
1148  1135  -1
1148  1139  -1
1149  725   -1
1150  842   -1
1150  934   -1
1150  938   -1
1150  994   -1
1150  1122  -1
1151  720   -1
1152  742   -1
1152  775   -1
1152  1127  -1
1153  762   -1
1153  826   -1
1153  1148  -1
1155  796   -1
1155  1013  -1
1156  819   -1
1156  1049  -1
1157  754   -1
1157  932   -1
1157  1002  -1
1157  1009  -1
1157  1072  -1
1157  1124  -1
1157  1139  -1
1157  1142  -1
1158  785   -1
1159  806   -1
1159  1134  -1
1160  278   -1
1160  937   -1
1160  1129  -1
1161  728   -1
1161  736   -1
1161  798   -1
1161  830   -1
1161  943   -1
1161  1149  -1
1162  833   -1
1163  785   -1
1163  1111  -1
1164  1125  -1
1165  946   -1
1165  1114  -1
1166  994   -1
1167  990   -1
1168  950   -1
1168  1109  -1
1168  1118  -1
1168  1131  -1
1169  744   -1
1170  854   -1
1170  989   -1
1170  1003  -1
1172  848   -1
1172  946   -1
1172  984   -1
1172  997   -1
1174  951   -1
1174  1131  -1
1175  859   -1
1175  928   -1
1177  1133  -1
1177  1147  -1
1179  863   -1
1180  982   -1
1180  1002  -1
1181  868   -1
1181  1138  -1
1182  987   -1
1182  993   -1
1183  915   -1
1184  1134  -1
1185  926   -1
1186  852   -1
1186  863   -1
1186  1119  -1
1186  1155  -1
1187  1148  -1
1188  869   -1
1188  1139  -1
1189  887   -1
1189  1008  -1
1190  852   -1
1190  1003  -1
1191  847   -1
1191  857   -1
1192  974   -1
1192  998   -1
1193  885   -1
1193  897   -1
1193  917   -1
1193  933   -1
1194  924   -1
1196  897   -1
1196  1038  -1
1197  872   -1
1197  1152  -1
1197  1165  -1
1198  856   -1
1198  905   -1
1198  916   -1
1198  1127  -1
1199  1140  -1
1200  930   -1
1201  1168  -1
1202  924   -1
1203  890   -1
1203  897   -1
1203  921   -1
1203  972   -1
1204  885   -1
1204  1158  -1
1205  1167  -1
1205  1171  -1
1206  1135  -1
1209  869   -1
1209  994   -1
1210  1158  -1
1211  882   -1
1211  893   -1
1211  925   -1
1214  907   -1
1215  918   -1
1217  895   -1
1217  1153  -1
1217  1160  -1
1218  1149  -1
1219  1143  -1
1219  1178  -1
1221  988   -1
1221  1132  -1
1222  1168  -1
1223  1157  -1
1225  1176  -1
1226  1181  -1
1234  1171  -1
1234  1176  -1
1235  1149  -1
1235  1154  -1
1242  1162  -1
1242  1181  -1
1243  1038  -1
1243  1142  -1
1247  1167  -1
1252  1148  -1
1254  1162  -1
1256  1149  -1
1256  1167  -1
1258  1170  -1
1260  1159  -1
1261  1166  -1
1264  1180  -1
1264  1188  -1
1265  1174  -1
1266  1165  -1
1271  1178  -1
1272  1185  -1
1273  1154  -1
1275  1149  -1
1278  1144  -1
1278  1162  -1
1278  1167  -1
1279  1153  -1
1282  1173  -1
1286  1153  -1
1287  1177  -1
1291  1174  -1
1292  1184  -1
1295  1174  -1
1297  1168  -1
1298  1158  -1
1298  1178  -1
1299  1184  -1
1302  1156  -1
1305  1176  -1
1306  1169  -1
1309  1176  -1
1311  1187  -1
1313  1165  -1
1318  1141  -1
1319  1168  -1
1322  1032  -1
1322  1176  -1
1324  1156  -1
1326  1170  -1
1327  1164  -1
1329  1031  -1
1330  1146  -1
1331  1043  -1
1332  1171  -1
1334  1185  -1
1335  1150  -1
1335  1173  -1
1337  1146  -1
1338  1142  -1
1338  1164  -1
1340  1167  -1
1340  1177  -1
1342  1183  -1
1345  1174  -1
1351  1141  -1
1352  1171  -1
1353  1164  -1
1355  1173  -1
1357  1155  -1
1363  1155  -1
1363  1169  -1
1367  1150  -1
1367  1173  -1
1371  1139  -1
1372  1161  -1
1373  1178  -1
1378  1157  -1
1382  1148  -1
1383  1154  -1
1386  1017  -1
1388  1138  -1
1388  1162  -1
1390  1157  -1
1392  1142  -1
1393  1168  -1
1396  1158  -1
1397  1139  -1
1397  1144  -1
1398  1180  -1
1404  1153  -1
1405  1166  -1
1406  1147  -1
1407  1150  -1
1409  1130  -1
1410  1142  -1
1414  1022  -1
1415  1140  -1
1418  1176  -1
1420  1137  -1
1422  1032  -1
1423  1142  -1
1426  1149  -1
1427  1153  -1
1428  1131  -1
1430  1164  -1
1430  1170  -1
1432  1175  -1
1433  1160  -1
1435  1130  -1
1437  1167  -1
1438  1125  -1
1442  1147  -1
1443  1166  -1
1446  1119  -1
1449  1150  -1
1449  1169  -1
1451  1128  -1
1453  1118  -1
1455  1147  -1
1457  1135  -1
1457  1144  -1
1459  1125  -1
1461  1115  -1
1461  1143  -1
1465  1125  -1
1465  1149  -1
1469  1142  -1
1470  1137  -1
1472  1131  -1
1473  1145  -1
1475  1122  -1
1477  1130  -1
1479  1158  -1
1480  1113  -1
1480  1150  -1
1483  1132  -1
1483  1143  -1
1486  1128  -1
1489  1159  -1
1491  1130  -1
1493  1151  -1
1494  1124  -1
1496  1150  -1
1500  1132  -1
1501  1127  -1
1501  1151  -1
1503  1139  -1
1503  1144  -1
1507  1115  -1
1507  1121  -1
1508  1141  -1
1509  1104  -1
1511  1133  -1
1514  1118  -1
1514  1124  -1
1516  1136  -1
1517  1107  -1
1520  1119  -1
1522  1127  -1
1522  1136  -1
1525  1142  -1
1526  1118  -1
1526  1129  -1
1526  1134  -1
1528  1113  -1
1529  1144  -1
1530  1133  -1
1531  1148  -1
1532  1103  -1
1532  1117  -1
1532  1127  -1
1533  1022  -1
1536  1111  -1
1537  1123  -1
1537  1135  -1
1537  1139  -1
1538  1021  -1
1538  1119  -1
1543  1129  -1
1544  1098  -1
1547  1111  -1
1547  1136  -1
1554  1111  -1
1554  1121  -1
1559  1126  -1
1561  1108  -1
1561  1129  -1
1565  1105  -1
1566  1115  -1
1567  1138  -1
1571  1106  -1
1572  1118  -1
1575  1043  -1
1575  1135  -1
1580  1138  -1
1582  1041  -1
1589  1122  -1
1592  1108  -1
1596  1127  -1
1599  1064  -1
1600  1110  -1
1609  1048  -1
1615  1089  -1
1617  1096  -1
1618  1114  -1
1634  1111  -1
1635  1106  -1
1643  1115  -1
1645  1101  -1
1649  1107  -1
1650  1088  -1
1653  1085  -1
1899  1672  -1
41    1089  -1
159   965   -1
161   839   -1
186   898   -1
192   935   -1
201   814   -1
202   946   -1
203   902   -1
204   755   -1
216   814   -1
226   810   -1
224   817   -1
234   867   -1
235   811   -1
241   888   -1
239   886   -1
242   858   -1
245   823   -1
246   832   -1
248   824   -1
258   826   -1
261   842   -1
277   898   -1
283   942   -1
285   898   -1
294   980   -1
295   961   -1
296   925   -1
299   952   -1
302   935   -1
309   950   -1
315   992   -1
319   1030  -1
332   999   -1
335   1017  -1
332   1018  -1
340   1044  -1
342   1021  -1
468   1165  -1
466   1280  -1
469   1297  -1
466   1297  -1
467   1130  -1
468   1133  -1
469   1194  -1
472   1243  -1
474   1141  -1
475   1233  -1
481   1286  -1
483   1291  -1
480   1289  -1
476   1168  -1
479   1177  -1
479   1093  -1
479   1243  -1
480   1182  -1
482   1153  -1
482   1249  -1
486   1088  -1
486   1188  -1
487   1249  -1
493   1080  -1
490   1160  -1
490   1110  -1
491   1114  -1
491   1129  -1
494   1144  -1
491   1144  -1
491   1089  -1
493   1177  -1
497   1184  -1
495   1182  -1
494   1236  -1
497   1229  -1
499   1078  -1
498   1104  -1
501   1082  -1
501   1134  -1
505   1128  -1
507   1111  -1
510   1192  -1
510   1120  -1
511   1215  -1
512   1073  -1
512   1196  -1
515   1235  -1
518   1067  -1
520   1065  -1
520   1098  -1
521   1084  -1
522   1079  -1
525   1080  -1
528   1206  -1
529   1215  -1
531   1057  -1
530   1068  -1
532   1082  -1
535   1081  -1
534   1239  -1
536   1067  -1
536   1064  -1
539   1051  -1
540   1231  -1
542   1042  -1
545   1215  -1
544   1225  -1
546   1048  -1
546   1236  -1
551   1074  -1
555   1053  -1
557   1057  -1
557   1209  -1
563   1035  -1
564   1039  -1
577   1055  -1
582   1050  -1
585   1224  -1
586   1035  -1
587   1194  -1
590   1193  -1
590   1217  -1
590   1229  -1
592   1043  -1
593   1227  -1
593   1198  -1
596   1222  -1
598   1050  -1
598   1214  -1
604   1035  -1
604   1180  -1
606   1204  -1
610   1055  -1
612   1206  -1
611   1213  -1
615   1038  -1
618   1049  -1
619   986   -1
618   1034  -1
618   1020  -1
620   997   -1
621   1000  -1
621   1175  -1
622   983   -1
631   1194  -1
625   988   -1
630   1189  -1
626   1189  -1
627   1041  -1
628   1002  -1
630   1211  -1
635   1005  -1
634   1021  -1
634   1045  -1
636   1214  -1
639   1177  -1
641   1210  -1
641   1050  -1
643   994   -1
648   1168  -1
643   1171  -1
644   1168  -1
646   1171  -1
646   1190  -1
649   1190  -1
647   1363  -1
648   1038  -1
650   971   -1
653   971   -1
657   1193  -1
652   1201  -1
653   1038  -1
655   1042  -1
657   1165  -1
657   997   -1
661   1009  -1
659   1012  -1
661   1161  -1
662   997   -1
663   1013  -1
674   974   -1
664   976   -1
664   1027  -1
664   1056  -1
664   1190  -1
666   1157  -1
667   1171  -1
668   1356  -1
670   1346  -1
671   1173  -1
671   965   -1
671   1156  -1
673   1053  -1
676   983   -1
680   978   -1
680   1030  -1
683   1158  -1
680   1159  -1
682   1054  -1
683   1163  -1
683   1340  -1
687   1171  -1
684   1171  -1
685   968   -1
688   1192  -1
690   1196  -1
687   1162  -1
687   1135  -1
694   1154  -1
694   1157  -1
691   963   -1
691   1034  -1
692   1372  -1
693   1053  -1
694   969   -1
697   970   -1
694   1128  -1
693   1134  -1
696   1227  -1
697   1066  -1
698   983   -1
699   1180  -1
701   1013  -1
700   1029  -1
700   1043  -1
701   985   -1
702   1184  -1
702   1380  -1
703   1025  -1
706   1152  -1
704   1154  -1
702   1152  -1
703   991   -1
706   989   -1
704   1167  -1
704   1047  -1
707   992   -1
710   994   -1
711   1364  -1
711   1378  -1
713   1197  -1
716   1196  -1
713   1170  -1
715   1082  -1
716   1060  -1
719   1189  -1
718   1071  -1
720   1066  -1
719   1089  -1
721   1151  -1
722   1077  -1
722   1198  -1
722   1271  -1
722   1260  -1
722   1303  -1
728   999   -1
723   1003  -1
725   1000  -1
723   1212  -1
724   1218  -1
727   1008  -1
724   1305  -1
725   1331  -1
727   1002  -1
727   1068  -1
728   1023  -1
728   1026  -1
730   1193  -1
730   1084  -1
729   1136  -1
731   975   -1
730   1187  -1
732   1039  -1
731   1205  -1
733   988   -1
734   1287  -1
736   1190  -1
736   1317  -1
737   1029  -1
741   1014  -1
742   1007  -1
743   1062  -1
745   1191  -1
742   1191  -1
743   1059  -1
744   1186  -1
746   1061  -1
746   1168  -1
746   1047  -1
746   1205  -1
747   1125  -1
751   1036  -1
749   1038  -1
749   1122  -1
749   1171  -1
750   1168  -1
753   1170  -1
749   1685  -1
751   1128  -1
757   1065  -1
753   1100  -1
752   1147  -1
752   1159  -1
752   1162  -1
752   1175  -1
753   1120  -1
756   1048  -1
756   1250  -1
757   1009  -1
758   1040  -1
757   1043  -1
758   1120  -1
759   1200  -1
760   1239  -1
763   983   -1
763   1092  -1
762   1098  -1
763   1104  -1
762   1180  -1
764   991   -1
765   1072  -1
765   1130  -1
766   1050  -1
769   1047  -1
769   1051  -1
765   1174  -1
767   1191  -1
765   1193  -1
766   1324  -1
766   1134  -1
767   953   -1
769   955   -1
770   951   -1
767   1043  -1
768   1056  -1
769   946   -1
769   1009  -1
770   962   -1
770   1018  -1
771   1172  -1
772   1031  -1
772   1093  -1
772   1114  -1
772   1343  -1
773   1007  -1
775   978   -1
774   1368  -1
775   1103  -1
776   1150  -1
777   1192  -1
778   1198  -1
778   1019  -1
778   1178  -1
787   1004  -1
782   1045  -1
785   1043  -1
785   1046  -1
782   1080  -1
781   1191  -1
781   1198  -1
785   913   -1
783   915   -1
784   1084  -1
788   1144  -1
783   1332  -1
784   925   -1
787   947   -1
784   946   -1
785   958   -1
792   1017  -1
785   1018  -1
794   1010  -1
788   1012  -1
787   1313  -1
784   1314  -1
785   932   -1
785   938   -1
789   955   -1
789   1632  -1
790   1101  -1
790   1104  -1
789   1180  -1
791   914   -1
791   950   -1
790   1123  -1
791   1067  -1
791   1094  -1
793   987   -1
795   981   -1
794   1123  -1
798   990   -1
799   1169  -1
800   1043  -1
799   1199  -1
801   921   -1
801   1053  -1
802   1062  -1
801   1141  -1
802   911   -1
802   1006  -1
802   1009  -1
803   1656  -1
804   1100  -1
806   1004  -1
807   1130  -1
805   1133  -1
806   1086  -1
807   1041  -1
807   1126  -1
813   970   -1
810   911   -1
813   912   -1
815   1172  -1
812   1052  -1
812   1105  -1
812   937   -1
812   1036  -1
812   1145  -1
815   996   -1
814   1101  -1
817   1103  -1
818   1191  -1
817   1274  -1
819   1724  -1
821   1171  -1
822   1090  -1
824   1008  -1
823   1065  -1
822   1202  -1
824   947   -1
824   1016  -1
824   1181  -1
825   1042  -1
825   1159  -1
825   1193  -1
826   325   -1
826   1185  -1
828   931   -1
828   1099  -1
828   1715  -1
830   920   -1
830   947   -1
831   939   -1
832   1022  -1
831   1160  -1
837   955   -1
834   1054  -1
835   1163  -1
834   1160  -1
835   301   -1
836   981   -1
847   901   -1
838   907   -1
849   903   -1
837   945   -1
839   970   -1
839   930   -1
841   1171  -1
842   1095  -1
848   1000  -1
842   999   -1
844   1159  -1
845   991   -1
845   1171  -1
847   1181  -1
848   1255  -1
849   331   -1
849   994   -1
848   1094  -1
854   1196  -1
849   1199  -1
851   1196  -1
848   1196  -1
850   931   -1
854   1043  -1
851   1189  -1
852   1250  -1
852   292   -1
853   911   -1
853   1010  -1
854   1017  -1
855   1202  -1
856   1098  -1
856   1095  -1
856   1179  -1
856   296   -1
862   1188  -1
862   905   -1
863   1276  -1
866   908   -1
867   913   -1
867   1186  -1
867   1831  -1
871   1198  -1
872   729   -1
871   1122  -1
872   1132  -1
873   1045  -1
875   1107  -1
874   727   -1
876   799   -1
875   805   -1
876   1160  -1
881   1194  -1
883   1197  -1
883   1203  -1
877   1194  -1
876   1247  -1
877   907   -1
878   1093  -1
881   1099  -1
880   299   -1
880   924   -1
882   922   -1
880   1102  -1
880   804   -1
881   933   -1
881   1115  -1
884   1116  -1
881   1075  -1
882   1123  -1
883   1155  -1
884   321   -1
883   794   -1
884   909   -1
884   917   -1
884   1175  -1
886   931   -1
885   1134  -1
887   308   -1
886   312   -1
887   905   -1
888   804   -1
887   809   -1
887   812   -1
888   815   -1
888   830   -1
888   1161  -1
888   1181  -1
888   1178  -1
890   721   -1
896   936   -1
897   1105  -1
897   1108  -1
894   1105  -1
894   812   -1
891   812   -1
891   842   -1
896   852   -1
893   851   -1
892   1159  -1
894   1131  -1
894   818   -1
894   1111  -1
894   1122  -1
895   724   -1
897   844   -1
897   862   -1
901   819   -1
900   891   -1
898   1193  -1
901   1193  -1
899   832   -1
898   1072  -1
901   327   -1
902   907   -1
901   910   -1
901   939   -1
902   845   -1
903   933   -1
902   1079  -1
903   1133  -1
903   1153  -1
906   1187  -1
903   1186  -1
904   1189  -1
903   912   -1
904   879   -1
904   903   -1
905   941   -1
906   340   -1
905   837   -1
907   296   -1
910   819   -1
908   937   -1
910   320   -1
911   940   -1
911   1194  -1
911   1191  -1
912   896   -1
912   1154  -1
912   1177  -1
914   872   -1
917   874   -1
914   879   -1
915   980   -1
916   832   -1
915   890   -1
915   1195  -1
918   303   -1
917   849   -1
918   1143  -1
919   1175  -1
918   1185  -1
919   1093  -1
921   850   -1
921   1090  -1
922   1117  -1
922   865   -1
928   1169  -1
926   1077  -1
924   1075  -1
924   1158  -1
926   1025  -1
925   1132  -1
926   717   -1
928   1103  -1
927   1115  -1
926   1125  -1
929   1058  -1
929   1145  -1
930   1165  -1
930   739   -1
935   935   -1
930   985   -1
931   1082  -1
932   1016  -1
932   918   -1
934   1148  -1
935   926   -1
937   924   -1
934   1119  -1
936   962   -1
935   992   -1
936   1126  -1
937   912   -1
937   1044  -1
939   1065  -1
937   1157  -1
938   1166  -1
939   915   -1
944   906   -1
940   940   -1
944   1166  -1
941   1166  -1
941   983   -1
945   935   -1
945   968   -1
945   1101  -1
947   1099  -1
949   896   -1
947   894   -1
951   920   -1
947   922   -1
952   940   -1
947   972   -1
947   1092  -1
950   1094  -1
948   999   -1
950   1144  -1
950   1141  -1
948   949   -1
950   947   -1
948   956   -1
949   1107  -1
949   925   -1
950   1072  -1
951   1007  -1
951   950   -1
954   949   -1
951   1155  -1
953   957   -1
956   958   -1
954   954   -1
955   1002  -1
955   1015  -1
956   351   -1
955   894   -1
956   964   -1
955   1145  -1
957   1150  -1
955   1153  -1
956   1157  -1
957   912   -1
957   1093  -1
956   1113  -1
957   1163  -1
957   999   -1
961   1114  -1
958   1116  -1
959   892   -1
958   1066  -1
959   342   -1
960   728   -1
960   984   -1
963   1019  -1
963   1016  -1
961   1083  -1
964   1091  -1
960   1093  -1
962   877   -1
966   881   -1
962   895   -1
962   1122  -1
962   1058  -1
963   1070  -1
965   212   -1
963   872   -1
964   1002  -1
965   1141  -1
973   623   -1
965   627   -1
967   942   -1
968   1027  -1
968   1039  -1
970   745   -1
969   871   -1
970   1100  -1
972   904   -1
972   1028  -1
973   1025  -1
975   1028  -1
973   201   -1
973   326   -1
974   753   -1
974   988   -1
975   932   -1
978   935   -1
976   734   -1
976   877   -1
977   896   -1
978   945   -1
981   1051  -1
979   856   -1
982   336   -1
981   1019  -1
982   887   -1
983   1007  -1
985   914   -1
983   916   -1
987   1058  -1
984   1074  -1
988   349   -1
985   351   -1
985   1070  -1
987   938   -1
988   1158  -1
990   883   -1
989   994   -1
990   1034  -1
991   375   -1
992   869   -1
992   216   -1
993   1010  -1
993   1028  -1
992   1066  -1
993   1144  -1
994   1106  -1
998   820   -1
998   881   -1
999   812   -1
999   839   -1
999   836   -1
1000  824   -1
1000  986   -1
1001  1043  -1
1004  1043  -1
1001  1125  -1
1003  809   -1
1002  908   -1
1004  769   -1
1003  871   -1
1004  876   -1
1004  1079  -1
1005  1082  -1
1006  927   -1
1006  383   -1
1006  822   -1
1005  906   -1
1007  1129  -1
1009  801   -1
1008  1047  -1
1008  1062  -1
1009  1059  -1
1011  370   -1
1013  915   -1
1014  911   -1
1015  917   -1
1011  932   -1
1012  833   -1
1015  1151  -1
1012  1153  -1
1012  1061  -1
1013  1160  -1
1013  1088  -1
1016  946   -1
1015  1030  -1
1018  786   -1
1017  825   -1
1017  903   -1
1019  1104  -1
1020  797   -1
1019  1090  -1
1020  1094  -1
1021  772   -1
1031  945   -1
1022  930   -1
1028  815   -1
1022  908   -1
1026  919   -1
1024  371   -1
1024  983   -1
1024  1092  -1
1024  1114  -1
1024  824   -1
1024  1080  -1
1025  1130  -1
1026  992   -1
1027  330   -1
1027  794   -1
1028  842   -1
1030  701   -1
1030  979   -1
1032  779   -1
1035  834   -1
1038  834   -1
1039  1147  -1
1037  979   -1
1037  946   -1
1038  943   -1
1038  366   -1
1039  798   -1
1040  828   -1
1040  831   -1
1039  1064  -1
1042  1064  -1
1041  1021  -1
1042  1001  -1
1041  1095  -1
1045  1077  -1
1042  1078  -1
1045  1058  -1
1047  941   -1
1045  943   -1
1045  1140  -1
1046  1033  -1
1048  804   -1
1051  1022  -1
1049  811   -1
1048  1045  -1
1048  1042  -1
1049  1102  -1
1050  923   -1
1053  923   -1
1050  958   -1
1053  1036  -1
1051  1034  -1
1052  811   -1
1052  1045  -1
1054  400   -1
1053  949   -1
1055  404   -1
1055  1044  -1
1059  324   -1
1060  1018  -1
1059  1098  -1
1062  940   -1
1062  1030  -1
1063  1062  -1
1065  1064  -1
1062  1065  -1
1062  1101  -1
1063  1026  -1
1065  138   -1
1064  791   -1
1065  947   -1
1065  990   -1
1065  1017  -1
1065  1038  -1
1071  942   -1
1069  940   -1
1068  1071  -1
1069  790   -1
1069  1101  -1
1070  730   -1
1071  760   -1
1072  398   -1
1071  1095  -1
1073  914   -1
1073  1039  -1
1073  384   -1
1075  981   -1
1075  1181  -1
1076  948   -1
1077  302   -1
1076  1021  -1
1077  1116  -1
1079  1028  -1
1080  1103  -1
1085  1024  -1
1081  1025  -1
1084  1113  -1
1083  1116  -1
1081  1111  -1
1083  406   -1
1088  1006  -1
1084  1021  -1
1086  402   -1
1089  929   -1
1089  933   -1
1086  941   -1
1087  1009  -1
1089  956   -1
1088  965   -1
1089  1024  -1
1089  1091  -1
1090  289   -1
1091  1003  -1
1092  1034  -1
1091  1103  -1
1093  1120  -1
1093  940   -1
1095  942   -1
1095  928   -1
1094  974   -1
1095  1027  -1
1096  809   -1
1097  812   -1
1098  395   -1
1098  945   -1
1099  1008  -1
1099  1103  -1
1100  998   -1
1102  1000  -1
1104  997   -1
1099  1092  -1
1100  1015  -1
1105  924   -1
1103  1005  -1
1109  1090  -1
1111  1087  -1
1105  1106  -1
1108  1107  -1
1105  784   -1
1105  794   -1
1109  809   -1
1107  811   -1
1107  1026  -1
1107  800   -1
1107  814   -1
1109  997   -1
1107  995   -1
1111  999   -1
1107  1015  -1
1109  1095  -1
1111  1097  -1
1109  793   -1
1121  880   -1
1117  872   -1
1123  875   -1
1115  876   -1
1111  873   -1
1112  876   -1
1110  1133  -1
1114  1012  -1
1117  799   -1
1116  828   -1
1118  930   -1
1120  937   -1
1123  930   -1
1116  1065  -1
1118  1114  -1
1117  963   -1
1118  1009  -1
1119  311   -1
1119  1105  -1
1121  1103  -1
1120  809   -1
1121  1016  -1
1121  1116  -1
1122  270   -1
1124  303   -1
1124  833   -1
1125  897   -1
1126  806   -1
1132  814   -1
1130  817   -1
1127  822   -1
1128  931   -1
1129  1066  -1
1128  1119  -1
1132  1130  -1
1129  1131  -1
1132  1133  -1
1130  832   -1
1133  953   -1
1135  831   -1
1136  1049  -1
1140  735   -1
1140  1140  -1
1141  886   -1
1140  983   -1
1141  1068  -1
1140  1098  -1
1143  946   -1
1143  949   -1
1143  956   -1
1146  993   -1
1146  746   -1
1146  798   -1
1148  258   -1
1149  771   -1
1150  1100  -1
1151  814   -1
1154  816   -1
1152  811   -1
1152  1001  -1
1152  769   -1
1155  770   -1
1152  807   -1
1152  984   -1
1159  724   -1
1153  788   -1
1153  1107  -1
1153  1111  -1
1157  1114  -1
1155  944   -1
1157  719   -1
1158  960   -1
1156  962   -1
1156  1041  -1
1157  772   -1
1157  840   -1
1157  992   -1
1158  742   -1
1160  744   -1
1159  816   -1
1161  795   -1
1161  980   -1
1164  1000  -1
1165  1006  -1
1164  740   -1
1164  755   -1
1166  931   -1
1167  962   -1
1168  740   -1
1170  738   -1
1169  958   -1
1170  261   -1
1170  932   -1
1173  930   -1
1169  942   -1
1171  1124  -1
1175  1113  -1
1178  1111  -1
1171  1114  -1
1174  1151  -1
1175  840   -1
1175  991   -1
1176  978   -1
1179  924   -1
1179  1159  -1
1187  1125  -1
1179  1126  -1
1184  1123  -1
1180  1130  -1
1182  844   -1
1181  841   -1
1181  1034  -1
1182  950   -1
1183  936   -1
1186  898   -1
1189  910   -1
1191  881   -1
1188  917   -1
1191  993   -1
1191  1134  -1
1188  907   -1
1188  933   -1
1189  928   -1
1190  841   -1
1192  908   -1
1198  1159  -1
1198  997   -1
1195  947   -1
1197  977   -1
1197  980   -1
1197  911   -1
1198  989   -1
1199  1049  -1
1200  1146  -1
1200  897   -1
1202  894   -1
1201  1003  -1
1201  1042  -1
1204  937   -1
1205  911   -1
1206  984   -1
1206  1123  -1
1210  1143  -1
1206  1148  -1
1209  1140  -1
1207  1145  -1
1208  1151  -1
1206  1153  -1
1209  876   -1
1209  917   -1
1210  1130  -1
1211  1170  -1
1212  878   -1
1212  900   -1
1212  1146  -1
1213  1142  -1
1212  1150  -1
1214  987   -1
1216  1130  -1
1217  890   -1
1216  913   -1
1222  974   -1
1220  1033  -1
1224  969   -1
1225  1139  -1
1228  1138  -1
1232  1139  -1
1224  1160  -1
1227  1163  -1
1230  1159  -1
1234  978   -1
1242  1022  -1
1243  1146  -1
1254  1183  -1
1254  1156  -1
1256  1153  -1
1261  1147  -1
1265  1155  -1
1268  1024  -1
1270  1166  -1
1272  1173  -1
1276  1181  -1
1284  1180  -1
1282  1152  -1
1285  1188  -1
1288  1157  -1
1290  1147  -1
1294  1160  -1
1296  1144  -1
1297  1147  -1
1304  1162  -1
1309  1180  -1
1306  1151  -1
1306  1040  -1
1314  1153  -1
1326  1182  -1
1323  1153  -1
1332  1157  -1
1331  1167  -1
1332  1141  -1
1338  1181  -1
1343  1015  -1
1345  1157  -1
1346  1147  -1
1350  1181  -1
1358  1019  -1
1361  1142  -1
1362  1029  -1
1365  1140  -1
1369  1178  -1
1373  1153  -1
1375  1144  -1
1380  1039  -1
1380  1143  -1
1380  1177  -1
1384  1178  -1
1390  1172  -1
1391  1135  -1
1396  1149  -1
1398  1176  -1
1400  1162  -1
1401  1136  -1
1406  1175  -1
1403  1129  -1
1406  1028  -1
1411  1172  -1
1417  1148  -1
1417  1164  -1
1424  1170  -1
1424  1125  -1
1426  1159  -1
1429  1017  -1
1429  1125  -1
1431  1141  -1
1434  1126  -1
1437  1040  -1
1440  1040  -1
1438  1156  -1
1442  1121  -1
1444  1033  -1
1443  1125  -1
1446  1132  -1
1448  1146  -1
1451  1161  -1
1456  1154  -1
1458  1151  -1
1458  1119  -1
1464  1157  -1
1460  1155  -1
1463  1154  -1
1465  1118  -1
1467  1159  -1
1475  1154  -1
1471  1114  -1
1484  1111  -1
1484  1152  -1
1486  1137  -1
1487  1036  -1
1498  1138  -1
1495  1134  -1
1495  1117  -1
1507  1111  -1
1514  1151  -1
1522  1108  -1
1521  1112  -1
1522  1146  -1
1538  1142  -1
1539  1131  -1
1544  1104  -1
1557  1049  -1
1561  1037  -1
1561  1113  -1
1570  1049  -1
1586  1097  -1
1587  1130  -1
1615  1123  -1
1617  1055  -1
1625  1116  -1
1656  1092  -1
1659  1098  -1
1654  1094  -1
219   923   0
218   926   0
218   924   0
221   924   0
241   822   1
242   822   1
297   956   2
298   957   2
309   1020  3
310   1019  3
475   1202  4
475   1201  4
505   1104  5
506   1104  5
630   1174  6
632   1174  6
653   1161  7
653   1162  7
660   1046  8
659   1047  8
686   988   9
685   988   9
743   1155  10
745   1156  10
749   1006  11
746   1003  11
747   1005  11
757   1070  12
757   1069  12
760   1127  13
761   1128  13
762   1037  14
764   1038  14
780   1138  15
781   1138  15
786   1182  16
786   1181  16
847   1167  17
846   1166  17
853   1001  18
852   1001  18
857   900   19
858   901   19
862   1026  20
863   1024  20
890   1112  21
891   1112  21
891   1141  22
892   1140  22
893   1072  23
893   1074  23
900   296   24
901   296   24
905   1163  25
906   1163  25
914   1065  26
915   1066  26
925   1013  27
926   1011  27
926   877   28
925   876   28
957   1170  29
959   1170  29
962   1151  30
961   1151  30
964   888   31
966   887   31
968   991   32
967   991   32
970   990   32
1001  1024  33
1002  1023  33
1003  1030  34
1005  1029  34
1021  1027  35
1019  1026  35
1021  1028  35
1030  831   36
1032  832   36
1033  940   37
1032  941   37
1034  1058  38
1033  1060  38
1044  925   39
1044  923   39
1044  1040  40
1045  1041  40
1080  806   41
1079  806   41
1092  951   42
1094  952   42
1094  924   43
1093  925   43
1110  818   44
1109  817   44
1115  932   45
1116  933   45
1119  1109  46
1120  1111  46
1141  1131  47
1142  1133  47
1199  882   48
1198  882   48
1213  1166  49
1213  1168  49
1214  1137  50
1213  1139  50
1232  1166  51
1231  1166  51
1413  1166  52
1411  1166  52
1421  1130  53
1421  1131  53
1424  1137  54
1426  1136  54
1437  1162  55
1439  1162  55
1440  1152  56
1439  1152  56
1441  1137  57
1439  1138  57
167   823   58
169   823   58
184   894   59
184   894   59
184   894   59
186   894   59
184   894   59
184   893   59
187   895   59
184   896   59
186   894   59
182   893   59
185   892   59
182   895   59
187   895   59
207   734   60
206   734   60
209   734   60
206   908   61
205   907   61
210   910   62
208   910   62
220   903   63
218   903   63
223   810   64
223   812   64
232   817   65
230   817   65
240   870   66
239   869   66
240   870   66
237   869   66
252   827   67
250   827   67
270   909   68
272   910   68
271   899   69
275   900   69
273   899   69
278   928   70
277   929   70
283   930   71
281   930   71
289   949   72
287   949   72
294   911   73
296   911   73
295   992   74
293   991   74
299   923   75
297   922   75
304   969   76
305   969   76
305   970   76
303   967   76
304   969   76
302   966   76
307   969   76
318   1023  77
317   1022  77
318   1023  77
317   1022  77
315   1019  77
319   1022  77
315   1019  77
317   1022  77
319   1023  77
316   1023  77
314   1020  77
316   1020  77
320   1022  77
314   1023  77
318   1024  77
319   1020  77
321   1024  77
315   1019  77
313   951   78
312   951   78
327   981   79
326   981   79
332   1050  80
331   1051  80
336   1033  81
336   1034  81
335   1033  81
334   1032  81
336   1034  81
336   1032  81
469   1168  82
466   1169  82
468   1170  82
465   1171  82
467   1153  83
465   1152  83
472   1298  84
472   1296  84
475   1298  85
475   1300  85
472   1139  86
472   1139  86
474   1263  87
472   1263  87
476   1290  88
476   1292  88
486   1152  89
486   1152  89
488   1186  90
489   1188  90
491   1208  91
491   1208  91
491   1208  91
493   1209  91
493   1208  91
491   1208  91
493   1209  91
490   1209  91
493   1208  91
491   1208  91
490   1209  91
493   1209  91
493   1208  91
490   1209  91
493   1209  91
490   1208  91
491   1208  91
493   1208  91
490   1209  91
493   1209  91
490   1209  91
493   1208  91
490   1208  91
493   1209  91
489   1208  91
493   1208  91
490   1209  91
493   1209  91
489   1208  91
491   1208  91
493   1209  91
495   1208  91
489   1209  91
491   1208  91
488   1209  91
491   1210  91
495   1208  91
493   1208  91
489   1208  91
495   1210  91
491   1210  91
487   1230  92
486   1228  92
489   1084  93
490   1082  93
492   1134  94
491   1136  94
500   1231  95
499   1231  95
499   1232  95
498   1130  96
498   1128  96
510   1109  97
512   1109  97
509   1109  97
510   1106  97
513   1106  97
512   1109  97
509   1109  97
509   1106  97
511   1107  97
511   1209  98
513   1209  98
509   1210  98
518   1206  99
516   1206  99
525   1223  100
526   1221  100
523   1222  100
526   1055  101
524   1056  101
528   1211  102
526   1210  102
531   1207  103
532   1206  103
532   1234  104
534   1234  104
537   1238  105
538   1236  105
539   1239  105
539   1081  106
540   1083  106
549   1212  107
548   1213  107
550   1214  107
552   1038  108
554   1037  108
555   1071  109
554   1070  109
558   1238  110
557   1238  110
574   1230  111
576   1229  111
577   1230  111
579   1211  112
579   1210  112
579   1211  112
580   1211  112
578   1212  112
578   1208  112
581   1213  112
581   1209  112
579   1195  113
582   1194  113
583   1194  113
584   1193  113
581   1196  113
584   1027  114
582   1026  114
587   1229  115
587   1229  115
605   1223  116
605   1222  116
611   1185  117
612   1183  117
614   1184  117
615   1205  118
616   1207  118
617   1221  119
615   1222  119
618   1052  120
616   1052  120
618   991   121
618   991   121
620   992   121
618   991   121
621   1213  122
621   1213  122
626   1194  123
626   1195  123
627   1194  123
625   1195  123
628   1194  123
625   1194  123
627   1195  123
623   1194  123
627   1193  123
626   1197  123
627   1185  124
627   1185  124
627   1185  124
625   1185  124
629   1186  124
630   1184  124
627   1183  124
629   1023  125
628   1022  125
634   1210  126
634   1212  126
634   994   127
635   995   127
637   1028  128
636   1027  128
641   1167  129
639   1168  129
647   985   130
649   986   130
648   1047  131
646   1046  131
652   1197  132
652   1197  132
652   1197  132
652   1197  132
650   1197  132
655   1196  133
654   1195  133
655   1196  133
654   1195  133
655   1196  133
655   974   134
653   975   134
657   1162  135
658   1162  135
660   1052  136
660   1054  136
666   1161  137
664   1161  137
666   1161  137
664   989   138
662   989   138
669   975   139
669   973   139
668   975   139
671   975   139
669   973   139
667   974   139
671   969   140
671   969   140
666   971   141
666   971   141
670   1012  142
671   1014  142
671   1012  142
669   1011  142
676   1192  143
677   1194  143
676   1192  143
675   1195  143
673   1190  144
674   1189  144
676   1166  145
677   1167  145
679   1052  146
677   1052  146
681   1018  147
683   1018  147
680   1016  147
682   1063  148
682   1063  148
684   1174  149
684   1175  149
685   1175  149
686   1060  150
687   1060  150
687   1195  151
685   1195  151
690   1155  152
691   1153  152
692   1048  153
693   1050  153
693   1014  154
694   1015  154
693   1012  154
694   1161  155
693   1161  155
698   1188  156
696   1189  156
700   1189  156
696   1188  156
699   1025  157
699   1025  157
708   972   158
711   972   158
709   972   158
711   972   158
708   972   158
711   973   158
708   972   158
711   972   158
708   972   158
711   973   158
709   973   158
707   972   158
711   972   158
708   971   158
713   972   158
710   974   158
708   976   159
707   975   159
705   996   160
707   996   160
706   1071  161
706   1073  161
707   1077  162
705   1077  162
707   1007  163
709   1007  163
709   1196  164
709   1194  164
707   1196  164
710   1083  165
708   1082  165
715   1159  166
715   1161  166
715   1190  167
715   1190  167
717   1021  168
715   1021  168
719   1021  168
721   1023  169
722   1023  169
720   1185  170
718   1186  170
722   1091  171
722   1091  171
721   1091  171
722   1092  171
720   1170  172
722   1169  172
722   1194  173
724   1195  173
722   1195  173
723   1230  174
722   1229  174
723   1080  175
722   1082  175
729   1010  176
730   1008  176
725   1010  177
724   1012  177
734   1007  178
735   1005  178
726   1082  179
728   1082  179
727   1158  180
728   1159  180
728   1267  181
728   1267  181
731   978   182
730   979   182
732   979   182
731   1229  183
732   1228  183
736   1151  184
738   1150  184
734   1150  184
736   1178  185
735   1180  185
738   1100  186
738   1100  186
737   1112  187
736   1112  187
738   1166  188
738   1166  188
742   1200  189
740   1200  189
743   1003  190
743   1003  190
745   1161  191
744   1159  191
746   1172  192
744   1173  192
746   1057  193
747   1058  193
746   1265  194
748   1265  194
749   1239  195
751   1239  195
751   1063  196
751   1063  196
754   1066  197
754   1066  197
755   1149  198
757   1149  198
755   1164  199
756   1164  199
759   1117  200
755   1117  200
757   1117  200
761   1027  201
762   1027  201
762   1047  202
762   1048  202
767   1064  203
767   1065  203
768   1066  203
765   1063  203
768   1064  203
769   1195  204
768   1196  204
769   1193  204
772   1199  205
773   1195  205
773   1197  205
767   1138  206
766   1139  206
767   965   207
768   965   207
768   968   208
768   970   208
768   981   209
768   981   209
771   1012  210
773   1013  210
771   1012  210
774   988   211
775   990   211
775   924   212
774   925   212
775   959   213
775   960   213
776   949   214
777   947   214
778   1165  215
776   1164  215
781   1163  215
780   1164  215
785   992   216
787   991   216
784   990   216
781   989   217
780   990   217
787   996   218
788   994   218
782   1003  219
783   1003  219
782   1003  219
783   1003  219
782   1003  219
783   1003  219
781   1039  220
781   1038  220
783   1050  221
783   1050  221
786   1137  222
786   1139  222
787   1141  222
785   1137  222
785   1140  222
785   920   223
786   919   223
784   920   223
791   1010  224
791   1009  224
791   1012  224
787   1016  225
789   1017  225
786   1015  225
789   1019  225
786   1090  226
788   1090  226
790   1089  226
787   1089  226
786   1121  227
786   1121  227
786   1119  227
791   1191  228
790   1192  228
793   1154  229
791   1154  229
792   1186  230
791   1185  230
793   924   231
795   925   231
793   1198  232
795   1199  232
795   1138  233
793   1138  233
797   1066  234
795   1066  234
799   994   235
799   994   235
802   1198  236
802   1198  236
802   1197  236
801   916   237
801   915   237
806   909   238
804   909   238
804   1124  239
803   1125  239
810   967   240
811   968   240
809   965   240
809   1198  241
808   1197  241
811   946   242
810   947   242
814   1168  243
814   1168  243
814   1168  243
814   1168  243
815   1167  243
814   1169  243
815   1167  243
814   1169  243
814   1167  243
814   1169  243
815   1167  243
814   1169  243
814   1167  243
813   1166  243
814   1169  243
816   1168  243
812   1168  243
813   1164  243
815   1167  243
812   1168  243
814   1165  243
816   1169  243
812   1164  243
814   1169  243
816   1167  243
811   1168  243
813   1166  243
812   1164  243
817   1168  243
812   1169  243
813   1203  244
813   1201  244
811   1204  244
817   923   245
815   922   245
817   1194  246
816   1196  246
817   974   247
818   974   247
819   992   248
820   994   248
821   932   249
821   932   249
824   1036  250
822   1036  250
822   1034  250
828   967   251
828   967   251
827   968   251
828   968   251
829   969   251
828   967   251
826   968   251
830   968   251
828   967   251
826   968   251
829   969   251
830   968   251
827   969   251
828   967   251
826   968   251
829   970   251
830   968   251
826   968   251
828   967   251
829   970   251
830   966   251
830   969   251
827   969   251
826   967   251
830   970   251
830   966   251
828   967   251
827   969   251
830   968   251
825   970   251
826   967   251
829   970   251
830   966   251
828   972   251
824   969   251
826   971   251
830   970   251
828   967   251
832   970   251
826   967   251
829   965   251
831   967   251
827   1014  252
827   1012  252
826   1163  253
827   1163  253
828   1192  254
829   1194  254
827   978   255
828   979   255
826   978   255
829   910   256
829   908   256
830   936   257
829   935   257
831   1202  258
832   1204  258
832   911   259
834   913   259
835   915   259
832   913   259
833   947   260
833   945   260
835   957   261
834   957   261
835   994   262
834   992   262
844   901   263
844   899   263
841   903   264
843   904   264
842   906   264
847   908   265
847   908   265
838   937   266
840   938   266
837   939   266
839   935   266
840   951   267
837   951   267
839   952   267
839   949   267
839   912   268
841   912   268
841   1167  269
841   1167  269
843   1166  269
839   1194  270
840   1192  270
849   1006  271
849   1006  271
849   1004  271
847   1007  271
850   1008  271
847   1004  271
850   1005  271
847   1008  271
848   1003  271
850   1008  271
846   1005  271
852   1006  271
847   1009  271
848   1006  271
845   1002  272
845   1000  272
843   1179  273
842   1178  273
842   1183  273
842   1181  273
844   1031  274
845   1030  274
845   1082  275
845   1081  275
847   928   276
848   928   276
858   1194  277
858   1194  277
851   1028  278
851   1027  278
851   1045  279
851   1043  279
851   1161  280
853   1160  280
850   1162  280
854   1159  280
853   1038  281
855   1038  281
859   927   282
858   926   282
859   927   282
859   920   283
861   920   283
863   919   283
861   718   284
863   718   284
861   915   285
862   916   285
868   1170  286
867   1171  286
868   1170  286
865   1171  286
867   1170  286
868   1169  286
865   1171  286
867   1171  286
864   1170  286
868   1169  286
864   1170  286
867   1171  286
868   1169  286
865   1171  286
867   1169  286
864   1170  286
867   1171  286
869   1170  286
864   1170  286
868   1172  286
866   1169  286
869   1168  286
865   1173  286
870   1172  286
864   1171  286
870   1169  286
867   1172  286
864   931   287
863   932   287
865   1033  288
867   1034  288
871   929   289
869   928   289
873   927   290
872   925   290
874   1118  291
872   1119  291
875   904   292
873   903   292
876   903   292
875   812   293
874   811   293
876   1136  294
874   1135  294
875   1138  294
876   1072  295
875   1071  295
879   1198  296
879   1196  296
878   1197  296
878   1199  296
881   1200  297
881   1200  297
875   1199  298
875   1197  298
877   734   299
878   735   299
879   917   300
880   916   300
876   916   301
877   914   301
879   822   302
878   822   302
880   1096  303
879   1096  303
880   901   304
881   901   304
879   910   305
881   910   305
880   1160  306
880   1162  306
880   1180  307
882   1179  307
884   829   308
882   830   308
885   844   309
886   846   309
887   1136  310
889   1136  310
886   1152  311
887   1154  311
892   809   312
890   808   312
888   1091  313
888   1093  313
892   1179  314
891   1180  314
893   1179  314
891   732   315
890   733   315
899   932   316
896   933   316
900   933   316
898   933   316
892   933   317
892   932   317
892   1107  318
892   1108  318
894   1152  319
892   1151  319
891   1149  319
892   901   320
891   900   320
893   832   321
892   832   321
892   1100  322
893   1100  322
894   1116  323
893   1117  323
895   334   324
894   333   324
896   1124  325
897   1126  325
899   860   326
899   858   326
898   821   327
897   823   327
898   889   328
897   888   328
900   1188  329
898   1188  329
903   1069  330
903   1068  330
904   1069  330
902   1070  330
904   1092  331
903   1091  331
904   1148  332
905   1148  332
905   1146  332
910   881   333
907   879   333
911   880   333
908   881   333
907   878   333
911   881   333
906   928   334
906   929   334
905   928   334
905   938   335
905   938   335
905   1195  336
904   1195  336
906   872   337
905   872   337
907   717   338
907   719   338
907   842   339
908   844   339
908   841   339
907   850   340
908   851   340
908   910   341
908   910   341
907   909   341
913   911   342
913   911   342
909   914   343
910   912   343
908   305   344
908   305   344
910   306   344
907   818   345
907   818   345
909   822   346
909   822   346
910   1070  347
908   1070  347
912   990   348
914   990   348
916   992   349
918   992   349
919   993   349
913   999   350
915   999   350
913   998   350
916   999   350
914   1152  351
915   1152  351
914   1152  351
915   1152  351
916   1153  351
914   1152  351
917   1152  351
915   1151  351
915   1153  351
917   1152  351
914   1152  351
917   1152  351
915   1145  352
917   1146  352
913   1146  352
916   1192  353
918   1192  353
920   1192  353
919   924   354
919   926   354
917   925   354
918   923   354
921   927   354
917   293   355
919   292   355
919   839   356
919   840   356
921   889   357
919   889   357
921   887   357
920   1141  358
919   1139  358
923   858   359
922   860   359
924   1139  360
924   1137  360
926   1172  361
926   1172  361
926   1172  361
926   1172  361
926   1172  361
926   1172  361
926   1172  361
926   1172  361
926   1172  361
925   1172  361
926   1172  361
925   1172  361
926   1173  361
924   1172  361
926   1173  361
924   1172  361
925   1175  361
927   1173  361
923   1174  361
924   941   362
924   942   362
924   983   363
925   984   363
926   1007  364
927   1008  364
925   1006  364
926   1119  365
926   1119  365
927   720   366
928   720   366
926   1105  367
929   1108  367
928   1106  367
928   958   368
928   956   368
930   992   369
929   993   369
938   932   370
936   932   370
938   934   370
938   932   370
930   933   371
932   933   371
932   910   372
934   910   372
934   261   373
933   259   373
938   1146  374
937   1148  374
939   1144  374
937   965   375
937   965   375
937   966   375
939   980   376
938   981   376
938   1069  377
940   1070  377
940   906   378
939   907   378
941   904   378
940   1083  379
942   1084  379
941   1132  380
941   1132  380
939   1133  380
949   1166  381
950   1165  381
947   1166  381
941   1182  382
941   1180  382
941   969   383
942   968   383
943   1162  384
943   1162  384
946   726   385
945   726   385
944   1004  386
945   1005  386
947   919   387
947   919   387
951   936   388
951   936   388
949   939   389
947   939   389
950   901   390
952   901   390
948   901   390
947   1144  391
947   1144  391
949   963   392
952   964   392
951   962   392
948   963   392
950   742   393
950   741   393
953   1108  394
954   1108  394
957   879   395
956   878   395
955   1133  396
955   1132  396
956   741   397
958   741   397
957   906   398
958   904   398
958   903   398
957   992   399
958   992   399
959   1088  400
958   1088  400
957   1089  400
959   918   401
961   919   401
962   908   402
960   909   402
964   980   403
960   979   403
962   980   403
965   982   403
960   1017  404
960   1017  404
960   1014  405
961   1012  405
962   355   406
962   355   406
962   881   407
962   883   407
963   880   407
966   1125  408
966   1125  408
966   1126  408
965   1125  408
965   1127  408
967   1125  408
965   1125  408
965   1127  408
967   1125  408
966   1124  408
966   1127  408
968   1125  408
965   1127  408
965   1125  408
965   1122  408
963   1128  408
968   1125  408
967   1128  408
967   1122  408
965   1097  409
964   1095  409
964   1098  409
966   227   410
967   229   410
965   227   410
969   626   411
970   624   411
965   919   412
967   920   412
966   996   413
965   997   413
968   1110  414
968   1108  414
966   1107  414
968   1110  414
972   1107  415
973   1108  415
968   875   416
966   875   416
969   953   417
968   951   417
968   954   417
966   950   417
966   986   418
968   985   418
972   1154  419
972   1154  419
972   1154  419
971   1154  419
972   1154  419
968   1155  419
970   1154  419
970   1065  420
969   1067  420
970   941   421
969   939   421
971   767   422
970   767   422
972   866   423
973   866   423
973   1117  424
973   1116  424
974   1015  425
974   1015  425
980   875   426
980   874   426
981   875   426
979   874   426
980   877   426
982   875   426
981   943   427
982   942   427
978   1004  428
978   1002  428
978   1051  429
978   1051  429
981   930   430
983   928   430
983   930   430
983   638   431
983   639   431
985   764   432
983   764   432
985   848   433
984   847   433
985   1054  434
988   1055  434
986   1053  434
986   1055  434
987   1052  434
989   1055  434
985   1054  434
986   747   435
984   747   435
986   862   436
986   862   436
987   1067  437
988   1067  437
987   871   438
987   870   438
986   872   438
987   902   439
989   902   439
989   900   439
989   907   440
989   907   440
988   888   441
988   888   441
990   1078  442
988   1079  442
990   859   443
992   859   443
993   833   444
995   834   444
994   866   445
996   865   445
997   926   446
997   926   446
996   926   446
997   926   446
997   927   446
999   928   446
996   925   446
998   927   446
996   926   446
999   929   446
998   925   446
996   928   446
999   926   446
995   926   446
999   930   446
997   924   446
998   932   446
1001  928   446
994   927   446
997   929   446
999   925   446
996   1045  447
996   1042  447
995   1043  447
998   1042  447
995   1045  447
996   992   448
997   991   448
996   1163  449
997   1164  449
997   340   450
997   341   450
997   339   450
998   859   451
997   858   451
1003  884   452
1003  884   452
1003  885   452
1003  884   452
1003  885   452
1003  883   452
1003  885   452
1003  882   452
1003  885   452
1002  881   452
1003  883   452
1003  886   452
1003  881   452
1005  884   452
1004  887   452
1002  881   452
1003  884   452
1005  883   452
1003  886   452
1003  881   452
1001  885   452
1005  885   452
1004  887   452
1002  881   452
1005  882   452
1001  883   452
1006  886   452
1002  887   452
1003  884   452
1006  883   452
1002  880   452
1004  889   452
997   1013  453
998   1012  453
999   754   454
998   753   454
1000  1159  455
1000  1157  455
999   1161  455
1001  916   456
1002  915   456
1004  1151  457
1004  1150  457
1007  827   458
1007  827   458
1008  776   459
1006  776   459
1006  901   460
1008  902   460
1008  850   461
1008  848   461
1008  845   462
1008  845   462
1010  1083  463
1008  1084  463
1007  1160  464
1008  1161  464
1009  815   465
1012  814   465
1011  815   465
1011  945   466
1011  945   466
1012  946   466
1010  940   467
1010  942   467
1008  1035  468
1008  1035  468
1009  1053  469
1011  1053  469
1010  910   470
1012  909   470
1013  1149  471
1013  1147  471
1017  996   472
1016  995   472
1020  1135  473
1018  1134  473
1020  1135  473
1020  342   474
1021  341   474
1021  344   474
1025  945   475
1024  944   475
1028  946   476
1028  944   476
1028  947   476
1021  942   477
1021  940   477
1022  821   478
1022  821   478
1027  818   479
1027  818   479
1025  818   479
1027  818   479
1026  820   479
1030  817   479
1028  818   479
1023  816   480
1024  815   480
1023  918   481
1023  917   481
1029  920   482
1031  919   482
1022  1038  483
1023  1036  483
1025  844   484
1024  845   484
1026  1143  485
1028  1143  485
1025  1141  485
1029  796   486
1033  796   486
1031  795   486
1037  921   487
1035  920   487
1037  1144  488
1037  1144  488
1039  1142  488
1036  1144  488
1039  1142  488
1037  1143  488
1040  1143  488
1040  795   489
1039  792   489
1038  795   489
1041  793   489
1036  1098  490
1037  1098  490
1039  801   491
1039  801   491
1040  1018  492
1040  1018  492
1040  1046  493
1042  1045  493
1039  1048  493
1041  351   494
1042  351   494
1042  822   495
1041  823   495
1041  921   496
1042  921   496
1045  920   497
1047  921   497
1045  801   498
1044  800   498
1044  803   498
1049  800   498
1047  800   498
1045  1021  499
1044  1023  499
1046  1070  500
1048  1069  500
1048  795   501
1047  794   501
1048  1086  502
1046  1085  502
1049  1087  502
1051  803   503
1051  805   503
1052  807   503
1048  1021  504
1048  1021  504
1049  816   505
1048  815   505
1050  1072  506
1052  1073  506
1049  1072  506
1054  1072  506
1052  995   507
1052  996   507
1058  1104  508
1056  1102  508
1059  1105  508
1057  1102  508
1059  917   509
1057  916   509
1058  1076  510
1056  1077  510
1058  1045  511
1060  1044  511
1061  1084  512
1061  1084  512
1064  1086  512
1060  1083  512
1063  1085  512
1062  935   513
1061  933   513
1064  937   514
1065  939   514
1065  939   514
1060  977   515
1061  977   515
1064  924   516
1063  925   516
1066  1100  517
1066  1098  517
1064  1099  517
1066  796   518
1065  797   518
1069  929   519
1070  928   519
1070  1065  520
1070  1065  520
1070  1066  520
1079  1081  521
1080  1080  521
1079  1081  521
1081  1080  521
1079  1081  521
1081  1080  521
1079  1081  521
1081  1079  521
1079  1081  521
1081  1079  521
1081  1081  521
1079  1080  521
1082  1080  521
1079  1081  521
1081  1079  521
1081  1081  521
1078  1081  521
1081  1079  521
1078  1081  521
1082  1080  521
1079  1080  521
1081  1081  521
1077  1081  521
1082  1079  521
1077  1081  521
1081  1081  521
1077  1079  521
1081  1079  521
1071  1078  521
1083  1080  521
1079  1080  521
1074  1076  521
1080  1082  521
1082  1078  521
1077  1081  521
1075  1076  521
1077  1079  521
1071  1078  521
1083  1080  521
1073  1078  521
1080  1082  521
1082  1078  521
1079  1080  521
1075  1076  521
1084  1082  521
1077  1081  521
1071  1078  521
1077  1079  521
1081  1081  521
1074  1076  521
1084  1080  521
1081  1079  521
1072  1077  521
1083  1082  521
1078  1083  521
1075  1078  521
1079  1079  521
1082  927   522
1079  927   522
1081  928   522
1084  927   522
1081  1031  523
1082  1032  523
1084  1005  524
1082  1004  524
1083  1151  525
1085  1150  525
1088  925   526
1087  926   526
1090  926   526
1088  1035  527
1087  1033  527
1090  1096  528
1092  1096  528
1095  1032  529
1095  1033  529
1096  1031  529
1092  1111  530
1091  1113  530
1095  1007  531
1093  1007  531
1100  1122  532
1098  1122  532
1101  1122  532
1101  1028  533
1101  1028  533
1102  762   534
1102  762   534
1104  921   535
1102  920   535
1105  921   535
1105  930   536
1106  929   536
1105  1085  537
1106  1087  537
1106  1082  538
1107  1081  538
1121  877   539
1118  875   539
1125  877   539
1120  875   539
1123  878   539
1118  877   539
1114  873   540
1114  871   540
1112  953   541
1110  954   541
1111  1049  542
1110  1048  542
1113  1127  543
1115  1128  543
1116  1042  544
1115  1041  544
1119  933   545
1121  932   545
1120  962   546
1122  960   546
1120  960   546
1117  1020  547
1118  1020  547
1122  1090  548
1122  1092  548
1122  1120  549
1124  1120  549
1126  1121  549
1125  1131  550
1124  1130  550
1124  1132  550
1125  1117  551
1125  1116  551
1127  814   552
1129  813   552
1128  1137  553
1128  1138  553
1127  1137  553
1129  1000  554
1129  1000  554
1129  1000  554
1131  1000  554
1128  1001  554
1129  1114  555
1130  1113  555
1131  993   556
1131  993   556
1133  993   556
1134  800   557
1134  802   557
1136  1106  558
1136  1104  558
1137  1107  558
1135  962   559
1137  962   559
1138  961   559
1137  837   560
1136  835   560
1136  1132  561
1137  1130  561
1141  959   562
1139  958   562
1143  960   562
1142  1096  563
1141  1095  563
1143  1098  563
1144  1108  564
1144  1106  564
1146  776   565
1146  776   565
1146  1114  566
1144  1115  566
1149  1144  567
1147  1143  567
1149  956   568
1149  957   568
1150  1010  569
1149  1011  569
1153  734   570
1153  734   570
1152  804   571
1152  804   571
1153  835   572
1151  836   572
1154  725   573
1155  724   573
1155  726   573
1155  724   573
1153  726   573
1160  1114  574
1161  1115  574
1158  1111  575
1160  1111  575
1160  773   576
1160  774   576
1159  812   577
1161  811   577
1161  757   578
1160  757   578
1161  759   578
1163  1003  579
1161  1002  579
1164  1003  579
1170  1141  580
1170  1141  580
1169  1142  580
1170  1141  580
1169  1142  580
1170  1141  580
1169  1142  580
1170  1141  580
1167  1141  580
1169  1142  580
1170  1141  580
1167  1141  580
1170  1142  580
1167  1141  580
1170  1141  580
1167  1141  580
1169  1142  580
1170  1141  580
1167  1141  580
1170  1142  580
1167  1141  580
1170  1141  580
1168  1143  580
1166  1140  580
1171  1142  580
1166  1142  580
1168  1141  580
1168  1143  580
1171  1142  580
1165  1141  580
1166  1140  580
1170  1141  580
1167  1143  580
1172  1142  580
1168  1141  580
1165  1141  580
1169  1143  580
1173  1141  580
1165  1152  581
1165  1152  581
1169  1127  582
1168  1128  582
1173  934   583
1174  936   583
1172  830   584
1173  828   584
1172  1010  585
1174  1011  585
1179  942   586
1179  940   586
1180  1115  587
1181  1117  587
1191  1122  588
1190  1123  588
1191  1130  589
1191  1130  589
1183  1127  590
1182  1125  590
1188  1130  591
1188  1132  591
1188  1132  591
1189  1128  591
1182  954   592
1183  954   592
1184  1005  593
1186  1004  593
1186  911   594
1187  913   594
1190  876   595
1190  876   595
1190  876   595
1191  875   595
1190  876   595
1191  875   595
1190  876   595
1189  875   595
1191  875   595
1189  878   595
1188  874   595
1191  874   595
1187  877   595
1190  903   596
1188  902   596
1189  991   597
1190  990   597
1194  1132  598
1194  1132  598
1194  1157  599
1192  1156  599
1196  1157  599
1194  939   600
1193  941   600
1195  941   600
1195  995   601
1194  995   601
1195  890   602
1196  892   602
1199  1121  603
1201  1122  603
1199  1120  603
1200  865   604
1201  863   604
1204  1131  605
1203  1130  605
1205  878   606
1204  876   606
1204  880   606
1207  932   607
1208  930   607
1207  935   608
1205  934   608
1208  911   609
1208  909   609
1206  981   610
1207  981   610
1210  972   611
1209  972   611
1215  1174  612
1216  1173  612
1217  1171  612
1217  887   613
1215  887   613
1220  983   614
1218  984   614
1220  983   614
1220  972   615
1220  971   615
1225  974   616
1225  975   616
1225  984   617
1223  983   617
1226  1146  618
1225  1146  618
1228  1142  619
1230  1143  619
1228  1170  620
1229  1172  620
1237  1162  621
1237  1161  621
1242  1156  622
1243  1158  622
1245  1156  623
1245  1154  623
1253  1177  624
1253  1177  624
1254  1177  624
1253  1177  624
1254  1177  624
1253  1175  624
1254  1178  624
1253  1177  624
1253  1175  624
1254  1178  624
1253  1175  624
1254  1178  624
1253  1175  624
1253  1177  624
1256  1178  624
1257  1179  624
1253  1175  624
1254  1178  624
1252  1176  624
1257  1179  624
1254  1178  624
1253  1175  624
1256  1178  624
1251  1178  624
1257  1179  624
1255  1176  624
1251  1180  624
1252  1176  624
1254  1180  624
1258  1181  624
1253  1177  624
1250  1177  624
1252  1181  624
1256  1177  624
1253  1142  625
1252  1142  625
1262  1155  626
1262  1153  626
1279  1183  627
1279  1182  627
1281  1187  628
1279  1186  628
1284  1165  629
1284  1165  629
1293  1181  630
1295  1180  630
1306  1183  631
1306  1180  631
1304  1183  631
1307  1182  631
1315  1146  632
1316  1146  632
1314  1148  632
1316  1159  633
1317  1159  633
1322  1183  634
1323  1183  634
1330  1177  635
1328  1178  635
1335  1181  636
1333  1180  636
1348  1153  637
1350  1154  637
1348  1184  638
1350  1185  638
1352  1156  639
1353  1158  639
1356  1180  640
1357  1182  640
1353  1181  641
1352  1179  641
1358  1164  642
1360  1164  642
1371  1170  643
1369  1170  643
1383  1174  644
1384  1174  644
1383  1174  644
1387  1174  644
1382  1175  644
1384  1174  644
1388  1174  644
1381  1174  644
1385  1173  644
1387  1171  645
1388  1170  645
1391  1148  646
1391  1146  646
1400  1149  647
1399  1148  647
1401  1157  648
1400  1157  648
1402  1157  648
1400  1158  648
1402  1139  649
1402  1139  649
1403  1176  650
1403  1176  650
1404  1178  650
1416  1127  651
1415  1128  651
1417  1131  651
1416  1130  651
1420  1160  652
1420  1160  652
1421  1160  652
1419  1160  652
1420  1166  653
1420  1167  653
1434  1140  654
1434  1141  654
1434  1140  654
1434  1141  654
1435  1136  654
1435  1140  654
1435  1136  654
1434  1141  654
1436  1136  654
1435  1140  654
1434  1138  654
1433  1153  655
1433  1153  655
1441  1170  656
1439  1171  656
1449  1157  657
1450  1158  657
1467  1134  658
1465  1134  658
1472  1153  659
1470  1152  659
1472  1153  659
1470  1152  659
1470  1155  660
1469  1156  660
1470  1160  661
1470  1161  661
1487  1117  662
1485  1118  662
1488  1119  662
1493  1136  663
1494  1138  663
1493  1136  663
1494  1139  663
1492  1137  663
1495  1138  663
1493  1136  663
1494  1139  663
1492  1137  663
1495  1138  663
1493  1136  663
1494  1139  663
1491  1137  663
1492  1140  663
1491  1135  663
1495  1138  663
1493  1142  663
1489  1138  663
1496  1109  664
1497  1109  664
1499  1117  665
1501  1117  665
1525  1110  666
1526  1107  666
1527  1109  666
1554  1128  667
1553  1128  667
1565  1122  668
1567  1121  668
1593  1062  669
1594  1062  669
1658  1090  670
1658  1094  670
1659  1092  670
1656  1089  670
1657  1096  670
1655  1087  670
1661  1093  670
1659  1090  670