# Filename: CLN3-561nm_416_bidi_005.tif
# Puncta radius (pixels): (1.3888888888888888, 1.3888888888888888)
# Puncta radius (nm): (150, 150)
# Cluster threshold (nm): 300
# Min puncta per cluster: 2
# Voxel size (nm): (108, 108, 200)
Y     X     CLUSTER_ID
283   296   -1
284   274   -1
285   314   -1
286   318   -1
287   263   -1
287   277   -1
288   302   -1
289   327   -1
292   252   -1
292   279   -1
293   301   -1
293   329   -1
294   243   -1
294   294   -1
294   323   -1
295   270   -1
295   317   -1
296   250   -1
296   264   -1
296   341   -1
298   274   -1
298   348   -1
298   366   -1
299   236   -1
299   257   -1
300   285   -1
300   337   -1
301   253   -1
301   290   -1
302   248   -1
302   325   -1
304   259   -1
304   332   -1
305   230   -1
305   267   -1
305   301   -1
306   353   -1
309   261   -1
309   315   -1
309   378   -1
310   286   -1
310   320   -1
310   334   -1
310   339   -1
310   349   -1
310   366   -1
311   387   -1
312   294   -1
312   299   -1
313   272   -1
314   310   -1
314   323   -1
315   280   -1
315   301   -1
315   374   -1
316   240   -1
316   245   -1
316   252   -1
316   369   -1
317   349   -1
318   256   -1
318   325   -1
318   357   -1
318   375   -1
318   392   -1
319   217   -1
320   287   -1
321   267   -1
321   330   -1
323   212   -1
323   250   -1
323   367   -1
324   242   -1
325   335   -1
325   362   -1
325   397   -1
326   232   -1
326   378   -1
327   260   -1
327   354   -1
328   250   -1
328   402   -1
329   349   -1
330   372   -1
330   381   -1
331   242   -1
332   237   -1
332   387   -1
332   410   -1
333   219   -1
333   229   -1
333   367   -1
334   225   -1
334   363   -1
334   418   -1
335   1094  -1
336   383   -1
337   213   -1
337   409   -1
338   385   -1
338   394   -1
339   235   -1
340   243   -1
340   412   -1
341   371   -1
341   1091  -1
342   417   -1
343   386   -1
343   434   -1
343   1078  -1
344   380   -1
344   392   -1
344   405   -1
345   227   -1
345   410   -1
346   202   -1
346   237   -1
347   221   -1
347   429   -1
348   209   -1
348   415   -1
349   637   -1
349   649   -1
349   654   -1
349   671   -1
349   1089  -1
350   398   -1
351   420   -1
351   425   -1
351   1074  -1
352   598   -1
352   624   -1
352   641   -1
352   694   -1
353   213   -1
353   411   -1
353   432   -1
354   438   -1
354   1098  -1
355   445   -1
356   619   -1
356   657   -1
357   417   -1
357   613   -1
357   639   -1
357   691   -1
358   220   -1
358   666   -1
359   235   -1
360   214   -1
360   426   -1
360   583   -1
360   604   -1
360   623   -1
360   652   -1
360   658   -1
360   662   -1
360   1090  -1
361   449   -1
361   596   -1
361   709   -1
362   207   -1
362   453   -1
362   608   -1
362   637   -1
362   697   -1
363   419   -1
363   435   -1
363   619   -1
363   667   -1
364   575   -1
364   601   -1
364   654   -1
364   663   -1
365   195   -1
365   225   -1
365   410   -1
365   445   -1
365   677   -1
365   689   -1
365   704   -1
366   220   -1
366   430   -1
367   205   -1
367   210   -1
367   438   -1
367   586   -1
367   594   -1
367   626   -1
367   1088  -1
368   113   -1
368   444   -1
368   456   -1
368   574   -1
368   1100  -1
369   117   -1
369   143   -1
369   646   -1
369   716   -1
369   724   -1
370   127   -1
370   135   -1
370   217   -1
370   468   -1
370   609   -1
370   661   -1
371   104   -1
371   221   -1
371   447   -1
371   579   -1
371   672   -1
371   700   -1
372   204   -1
372   453   -1
372   628   -1
372   633   -1
372   675   -1
373   213   -1
373   598   -1
373   656   -1
373   693   -1
374   417   -1
375   203   -1
375   426   -1
375   465   -1
375   585   -1
376   102   -1
376   127   -1
376   226   -1
376   653   -1
376   671   -1
376   720   -1
376   733   -1
376   1080  -1
377   112   -1
377   150   -1
377   601   -1
377   619   -1
377   661   -1
379   103   -1
379   132   -1
379   436   -1
379   453   -1
379   555   -1
379   625   -1
379   638   -1
380   124   -1
380   138   -1
380   446   -1
380   548   -1
380   632   -1
380   680   -1
380   699   -1
380   1085  -1
381   477   -1
381   716   -1
382   93    -1
382   208   -1
382   224   -1
382   461   -1
382   472   -1
382   566   -1
382   590   -1
382   606   -1
382   640   -1
382   673   -1
383   80    -1
383   232   -1
383   585   -1
383   688   -1
384   115   -1
384   483   -1
384   622   -1
385   561   -1
385   684   -1
385   707   -1
385   1092  -1
385   1104  -1
386   196   -1
386   548   -1
386   602   -1
386   1099  -1
387   83    -1
387   92    -1
387   122   -1
387   504   -1
387   514   -1
387   741   -1
388   141   -1
388   162   -1
388   167   -1
388   213   -1
388   228   -1
388   457   -1
388   463   -1
388   520   -1
388   558   -1
388   618   -1
388   653   -1
388   705   -1
388   724   -1
388   1113  -1
389   72    -1
389   633   -1
389   693   -1
389   711   -1
389   736   -1
390   113   -1
390   128   -1
390   153   -1
390   717   -1
391   101   -1
391   209   -1
391   446   -1
391   466   -1
391   543   -1
391   605   -1
391   621   -1
392   172   -1
393   193   -1
392   218   -1
392   492   -1
392   502   -1
392   516   -1
392   589   -1
392   650   -1
392   1090  -1
392   1094  -1
393   70    -1
393   90    -1
393   106   -1
393   695   -1
393   729   -1
394   75    -1
394   147   -1
394   470   -1
394   541   -1
395   118   -1
395   225   -1
395   489   -1
395   500   -1
395   611   -1
395   681   -1
396   215   -1
396   718   -1
396   1087  -1
397   157   -1
397   450   -1
397   462   -1
397   511   -1
397   551   -1
397   555   -1
397   620   -1
397   733   -1
397   1094  -1
397   1102  -1
398   456   -1
398   539   -1
398   569   -1
398   700   -1
398   1109  -1
398   1116  -1
399   127   -1
399   210   -1
399   506   -1
399   693   -1
399   1098  -1
400   83    -1
400   112   -1
400   116   -1
400   138   -1
400   172   -1
400   605   -1
401   69    -1
401   105   -1
401   611   -1
402   147   -1
402   152   -1
402   228   -1
402   489   -1
402   499   -1
402   535   -1
402   711   -1
402   729   -1
403   79    -1
403   1093  -1
403   1110  -1
403   1119  -1
404   506   -1
404   724   -1
405   89    -1
405   209   -1
405   484   -1
405   496   -1
405   582   -1
405   603   -1
405   616   -1
406   75    -1
406   98    -1
406   192   -1
406   202   -1
406   218   -1
406   532   -1
406   548   -1
406   567   -1
407   148   -1
407   155   -1
407   197   -1
407   467   -1
408   608   -1
408   714   -1
408   733   -1
409   79    -1
409   92    -1
409   143   -1
409   171   -1
409   525   -1
409   556   -1
409   570   -1
409   600   -1
409   757   -1
410   739   -1
410   752   -1
410   1098  -1
410   1115  -1
411   178   -1
411   543   -1
411   712   -1
411   725   -1
412   229   -1
412   566   -1
413   519   -1
413   747   -1
414   584   -1
414   606   -1
414   1143  -1
415   496   -1
415   537   -1
415   541   -1
415   553   -1
415   714   -1
415   732   -1
415   738   -1
415   1124  -1
416   153   -1
417   188   -1
416   567   -1
416   572   -1
416   598   -1
416   1129  -1
418   170   -1
418   492   -1
418   507   -1
419   78    -1
419   178   -1
419   1145  -1
420   576   -1
420   1131  -1
421   71    -1
421   173   -1
421   511   -1
421   562   -1
421   724   -1
421   747   -1
422   592   -1
422   763   -1
423   83    -1
423   91    -1
423   743   -1
424   168   -1
424   227   -1
424   520   -1
424   568   -1
424   736   -1
424   752   -1
424   767   -1
424   1133  -1
425   529   -1
425   554   -1
425   748   -1
426   175   -1
426   623   -1
427   74    -1
427   188   -1
427   606   -1
428   204   -1
428   211   -1
428   525   -1
428   535   -1
428   544   -1
428   725   -1
428   1119  -1
429   79    -1
429   192   -1
429   570   -1
430   198   -1
430   613   -1
430   1113  -1
431   541   -1
431   580   -1
431   756   -1
432   206   -1
432   216   -1
432   1131  -1
433   225   -1
433   546   -1
433   596   -1
434   233   -1
434   561   -1
434   578   -1
434   1122  -1
434   1160  -1
435   748   -1
436   64    -1
436   567   -1
436   628   -1
436   1148  -1
437   77    -1
437   205   -1
437   573   -1
437   584   -1
437   603   -1
437   759   -1
438   174   -1
439   161   -1
439   754   -1
440   154   -1
440   193   -1
440   588   -1
440   608   -1
440   733   -1
440   1150  -1
441   182   -1
441   208   -1
441   214   -1
441   633   -1
441   742   -1
442   80    -1
442   198   -1
442   762   -1
442   1143  -1
443   642   -1
443   663   -1
443   727   -1
443   1650  -1
444   65    -1
444   219   -1
444   228   -1
444   650   -1
444   752   -1
444   771   -1
445   180   -1
445   614   -1
445   629   -1
445   744   -1
445   1130  -1
445   1170  -1
446   70    -1
446   205   -1
446   519   -1
446   766   -1
447   86    -1
447   544   -1
447   739   -1
448   167   -1
448   171   -1
448   241   -1
448   620   -1
449   63    -1
449   214   -1
449   223   -1
449   628   -1
450   194   -1
450   760   -1
451   235   -1
451   250   -1
451   538   -1
451   1150  -1
452   530   -1
452   660   -1
452   754   -1
453   77    -1
453   83    -1
453   207   -1
453   526   -1
453   541   -1
453   668   -1
453   767   -1
453   1661  -1
454   167   -1
454   174   -1
454   244   -1
454   522   -1
454   653   -1
454   1652  -1
455   159   -1
455   214   -1
455   764   -1
455   1634  -1
456   73    -1
456   231   -1
456   258   -1
456   534   -1
456   627   -1
456   744   -1
456   1154  -1
456   1657  -1
457   179   -1
457   196   -1
457   518   -1
457   760   -1
458   91    -1
458   162   -1
458   220   -1
458   235   -1
458   1165  -1
459   189   -1
459   239   -1
460   171   -1
460   183   -1
460   217   -1
460   539   -1
461   1653  -1
462   225   -1
462   1648  -1
463   90    -1
463   254   -1
463   735   -1
463   774   -1
463   1169  -1
464   75    -1
464   199   -1
464   663   -1
464   1652  -1
465   706   -1
465   751   -1
466   67    -1
466   215   -1
466   245   -1
466   678   -1
467   163   -1
467   692   -1
467   782   -1
468   233   -1
468   726   -1
468   1616  -1
469   169   -1
469   182   -1
469   220   -1
469   696   -1
470   175   -1
470   674   -1
470   763   -1
470   1183  -1
470   1651  -1
471   75    -1
471   768   -1
472   225   -1
472   248   -1
472   261   -1
472   745   -1
472   1611  -1
472   1619  -1
473   235   -1
473   514   -1
473   662   -1
474   728   -1
474   751   -1
474   775   -1
475   189   -1
475   722   -1
476   763   -1
476   781   -1
477   181   -1
477   749   -1
477   1621  -1
477   1652  -1
478   196   -1
478   206   -1
478   238   -1
478   1176  -1
478   1602  -1
478   1656  -1
479   96    -1
479   203   -1
479   699   -1
480   174   -1
480   246   -1
480   681   -1
480   721   -1
480   727   -1
480   732   -1
480   746   -1
481   71    -1
481   198   -1
481   735   -1
482   186   -1
482   231   -1
482   241   -1
482   766   -1
482   1595  -1
483   178   -1
483   1643  -1
484   84    -1
484   194   -1
484   253   -1
484   775   -1
484   1191  -1
484   1600  -1
485   185   -1
485   732   -1
485   753   -1
485   1609  -1
486   222   -1
486   240   -1
486   1621  -1
487   73    -1
487   200   -1
487   737   -1
487   749   -1
488   174   -1
488   245   -1
488   788   -1
488   1593  -1
488   1597  -1
488   1636  -1
489   99    -1
489   222   -1
489   714   -1
489   799   -1
490   755   -1
490   1641  -1
491   107   -1
491   734   -1
491   751   -1
491   779   -1
491   1607  -1
492   103   -1
492   717   -1
492   1628  -1
493   82    -1
493   97    -1
493   206   -1
493   253   -1
493   552   -1
493   741   -1
493   760   -1
494   226   -1
494   230   -1
494   792   -1
494   1590  -1
494   1614  -1
495   210   -1
495   261   -1
495   1601  -1
496   184   -1
496   238   -1
496   244   -1
496   542   -1
496   1622  -1
497   102   -1
497   198   -1
497   217   -1
497   533   -1
498   250   -1
498   803   -1
498   1609  -1
499   80    -1
499   241   -1
499   254   -1
499   778   -1
499   1574  -1
500   212   -1
501   106   -1
501   1606  -1
502   545   -1
503   227   -1
503   235   -1
504   263   -1
504   538   -1
504   1572  -1
504   1626  -1
505   78    -1
505   200   -1
505   748   -1
505   774   -1
505   781   -1
505   1587  -1
505   1595  -1
506   217   -1
506   246   -1
506   253   -1
506   833   -1
506   1615  -1
507   88    -1
507   111   -1
507   264   -1
507   741   -1
508   268   -1
508   830   -1
508   1607  -1
509   94    -1
509   209   -1
509   1571  -1
509   1584  -1
510   77    -1
510   236   -1
510   774   -1
510   1561  -1
511   251   -1
511   745   -1
511   780   -1
511   1588  -1
512   211   -1
512   220   -1
512   768   -1
512   789   -1
512   1575  -1
513   207   -1
513   263   -1
513   515   -1
513   1605  -1
514   112   -1
514   245   -1
514   525   -1
514   836   -1
514   1544  -1
514   1613  -1
515   94    -1
515   751   -1
515   789   -1
515   1590  -1
515   1601  -1
516   205   -1
516   226   -1
516   954   -1
516   1569  -1
516   1595  -1
517   537   -1
517   745   -1
517   801   -1
517   1559  -1
517   1575  -1
517   1605  -1
518   753   -1
518   758   -1
518   776   -1
518   1187  -1
518   1551  -1
519   221   -1
519   263   -1
519   749   -1
519   771   -1
520   95    -1
520   795   -1
520   1555  -1
521   106   -1
521   239   -1
521   833   -1
522   206   -1
522   225   -1
522   773   -1
522   784   -1
522   1530  -1
523   1545  -1
524   253   -1
524   757   -1
524   803   -1
524   1206  -1
524   1558  -1
524   1583  -1
524   1602  -1
525   272   -1
525   764   -1
525   790   -1
525   822   -1
525   1574  -1
526   105   -1
526   214   -1
526   232   -1
526   242   -1
526   780   -1
526   1539  -1
527   110   -1
527   223   -1
527   784   -1
527   966   -1
527   1535  -1
528   260   -1
528   530   -1
528   1543  -1
529   89    -1
529   877   -1
529   960   -1
529   1512  -1
529   1596  -1
530   243   -1
530   1196  -1
530   1578  -1
531   123   -1
531   1530  -1
531   1547  -1
532   216   -1
532   1534  -1
532   1574  -1
533   99    -1
533   251   -1
533   774   -1
533   791   -1
533   806   -1
533   915   -1
533   972   -1
533   1510  -1
534   223   -1
534   276   -1
534   517   -1
534   534   -1
534   1223  -1
534   1525  -1
535   108   -1
535   237   -1
535   769   -1
535   799   -1
535   1530  -1
535   1543  -1
536   213   -1
536   270   -1
536   949   -1
536   1218  -1
536   1558  -1
537   230   -1
537   281   -1
537   943   -1
537   1521  -1
538   113   -1
538   247   -1
538   770   -1
539   104   -1
539   209   -1
539   1506  -1
539   1578  -1
540   99    -1
540   251   -1
540   936   -1
540   1549  -1
540   1571  -1
541   242   -1
541   255   -1
541   266   -1
541   275   -1
541   279   -1
541   776   -1
541   877   -1
541   1215  -1
541   1524  -1
541   1566  -1
542   769   -1
542   797   -1
543   219   -1
543   763   -1
543   930   -1
543   1560  -1
544   111   -1
544   128   -1
544   225   -1
544   810   -1
544   1545  -1
545   287   -1
545   509   -1
545   775   -1
545   780   -1
545   1542  -1
545   1566  -1
546   769   -1
546   795   -1
546   801   -1
546   944   -1
546   1555  -1
547   283   -1
547   1535  -1
547   1560  -1
548   105   -1
548   120   -1
548   779   -1
548   936   -1
548   1530  -1
548   1540  -1
548   1548  -1
549   215   -1
549   522   -1
549   527   -1
549   765   -1
549   1520  -1
549   1525  -1
550   239   -1
550   246   -1
550   275   -1
550   289   -1
550   785   -1
550   797   -1
550   1561  -1
551   1554  -1
552   800   -1
552   876   -1
552   883   -1
553   108   -1
553   230   -1
553   260   -1
553   777   -1
553   796   -1
553   1532  -1
554   127   -1
554   1523  -1
554   1548  -1
555   808   -1
555   1226  -1
555   1536  -1
556   132   -1
556   525   -1
556   792   -1
557   107   -1
557   118   -1
557   236   -1
557   245   -1
557   264   -1
557   290   -1
557   786   -1
558   220   -1
558   228   -1
558   775   -1
558   798   -1
559   275   -1
559   811   -1
559   890   -1
559   1224  -1
559   1234  -1
560   125   -1
560   1511  -1
560   1525  -1
561   293   -1
561   1514  -1
561   1530  -1
561   1538  -1
562   252   -1
562   772   -1
563   781   -1
563   804   -1
564   120   -1
564   265   -1
564   282   -1
564   517   -1
564   813   -1
564   1520  -1
565   218   -1
565   270   -1
565   913   -1
565   1227  -1
566   259   -1
566   903   -1
567   239   -1
567   253   -1
567   807   -1
567   1525  -1
568   263   -1
568   298   -1
568   784   -1
568   824   -1
569   210   -1
569   280   -1
570   268   -1
570   514   -1
570   1535  -1
571   123   -1
571   530   -1
571   804   -1
571   1532  -1
572   256   -1
572   263   -1
572   284   -1
572   828   -1
573   779   -1
573   1509  -1
573   1514  -1
575   263   -1
575   798   -1
575   830   -1
575   884   -1
575   1526  -1
576   827   -1
577   240   -1
577   1506  -1
578   512   -1
578   516   -1
578   811   -1
578   933   -1
578   1516  -1
579   791   -1
580   800   -1
580   1254  -1
581   225   -1
581   305   -1
581   807   -1
581   1225  -1
581   1527  -1
582   213   -1
582   793   -1
582   877   -1
582   1510  -1
584   277   -1
585   797   -1
585   824   -1
585   845   -1
586   234   -1
586   302   -1
586   863   -1
586   1243  -1
586   1507  -1
586   1524  -1
587   284   -1
588   288   -1
588   1502  -1
589   215   -1
589   228   -1
589   266   -1
589   855   -1
590   277   -1
590   522   -1
591   238   -1
591   306   -1
591   535   -1
591   813   -1
591   860   -1
591   1526  -1
592   833   -1
592   842   -1
592   1246  -1
592   1508  -1
594   315   -1
594   806   -1
594   828   -1
595   510   -1
595   521   -1
595   847   -1
595   867   -1
595   1524  -1
596   529   -1
596   545   -1
596   811   -1
597   292   -1
598   298   -1
598   522   -1
598   836   -1
598   1495  -1
599   831   -1
600   525   -1
600   815   -1
600   885   -1
601   274   -1
601   296   -1
601   319   -1
602   218   -1
602   820   -1
602   843   -1
602   867   -1
603   281   -1
603   863   -1
604   223   -1
604   834   -1
605   301   -1
605   817   -1
605   1512  -1
606   204   -1
606   280   -1
606   297   -1
606   869   -1
607   882   -1
607   1252  -1
608   239   -1
608   261   -1
608   287   -1
608   865   -1
609   248   -1
609   820   -1
609   862   -1
609   1255  -1
610   282   -1
610   309   -1
610   322   -1
610   507   -1
610   825   -1
611   303   -1
611   834   -1
611   983   -1
611   1493  -1
612   277   -1
612   846   -1
614   283   -1
614   853   -1
614   873   -1
614   963   -1
614   1252  -1
615   296   -1
616   219   -1
616   841   -1
617   209   -1
617   293   -1
617   322   -1
617   879   -1
618   1498  -1
619   834   -1
619   849   -1
620   207   -1
620   258   -1
621   298   -1
621   853   -1
621   964   -1
622   292   -1
623   847   -1
624   842   -1
625   835   -1
625   1260  -1
626   331   -1
626   336   -1
626   535   -1
626   1282  -1
626   1496  -1
626   1506  -1
628   886   -1
628   1492  -1
629   227   -1
629   298   -1
630   878   -1
631   303   -1
631   335   -1
631   508   -1
631   1488  -1
631   1492  -1
632   325   -1
633   882   -1
634   337   -1
634   1480  -1
635   210   -1
635   214   -1
635   296   -1
636   319   -1
635   1016  -1
636   535   -1
637   856   -1
637   1491  -1
637   1511  -1
638   514   -1
638   1020  -1
638   1042  -1
639   525   -1
639   864   -1
639   1481  -1
641   339   -1
641   544   -1
642   208   -1
642   305   -1
642   313   -1
642   885   -1
643   896   -1
643   1283  -1
644   873   -1
644   879   -1
644   1039  -1
644   1272  -1
644   1491  -1
644   1505  -1
645   339   -1
646   344   -1
647   349   -1
647   890   -1
649   1034  -1
650   362   -1
651   322   -1
651   328   -1
651   538   -1
652   891   -1
652   897   -1
654   312   -1
654   1483  -1
655   353   -1
655   1040  -1
655   1477  -1
656   1506  -1
657   336   -1
658   208   -1
658   893   -1
659   341   -1
659   881   -1
659   885   -1
659   1055  -1
659   1478  -1
660   1037  -1
661   212   -1
662   216   -1
662   349   -1
662   1502  -1
663   1498  -1
663   1508  -1
664   369   -1
664   1034  -1
665   210   -1
665   251   -1
667   343   -1
667   901   -1
668   221   -1
668   369   -1
668   1506  -1
669   326   -1
669   498   -1
669   904   -1
669   925   -1
670   1494  -1
671   366   -1
671   371   -1
671   898   -1
673   1488  -1
673   1503  -1
674   515   -1
674   519   -1
674   905   -1
675   352   -1
675   378   -1
675   910   -1
675   919   -1
675   1063  -1
676   225   -1
677   234   -1
678   348   -1
678   915   -1
678   1502  -1
678   1508  -1
679   1471  -1
680   370   -1
680   493   -1
680   532   -1
681   1497  -1
682   351   -1
682   924   -1
682   1486  -1
682   1490  -1
682   1504  -1
683   509   -1
684   396   -1
684   911   -1
685   356   -1
685   372   -1
685   384   -1
685   1478  -1
686   343   -1
686   1495  -1
687   496   -1
688   381   -1
688   1473  -1
689   900   -1
689   904   -1
690   349   -1
691   228   -1
692   410   -1
693   919   -1
693   1477  -1
695   519   -1
695   907   -1
696   237   -1
696   1497  -1
698   510   -1
698   1097  -1
699   407   -1
699   932   -1
699   1305  -1
699   1480  -1
700   361   -1
700   1495  -1
701   526   -1
701   1488  -1
702   262   -1
702   1301  -1
703   1472  -1
704   224   -1
704   923   -1
705   904   -1
706   1489  -1
706   1495  -1
707   412   -1
707   495   -1
708   488   -1
708   1471  -1
709   397   -1
709   420   -1
709   932   -1
711   224   -1
711   526   -1
711   1311  -1
711   1481  -1
711   1485  -1
713   401   -1
713   929   -1
715   509   -1
716   453   -1
716   1485  -1
717   425   -1
717   938   -1
718   501   -1
718   514   -1
719   403   -1
719   430   -1
719   486   -1
719   1114  -1
720   490   -1
720   934   -1
720   1478  -1
721   506   -1
721   1110  -1
721   1321  -1
721   1464  -1
722   395   -1
722   924   -1
724   487   -1
726   518   -1
726   938   -1
727   1467  -1
728   275   -1
728   1475  -1
728   1491  -1
730   404   -1
730   472   -1
731   1491  -1
731   1497  -1
731   1959  -1
732   483   -1
732   488   -1
732   512   -1
732   932   -1
732   1343  -1
735   1331  -1
736   492   -1
736   926   -1
736   1479  -1
737   500   -1
737   1340  -1
738   423   -1
738   508   -1
739   459   -1
739   465   -1
739   931   -1
739   1476  -1
740   1485  -1
741   504   -1
741   943   -1
742   486   -1
743   476   -1
743   1475  -1
744   278   -1
744   501   -1
745   447   -1
745   1132  -1
746   468   -1
746   1497  -1
747   1360  -1
747   1471  -1
748   473   -1
748   1148  -1
748   1930  -1
750   934   -1
750   1339  -1
751   450   -1
751   484   -1
751   500   -1
751   957   -1
751   1136  -1
752   458   -1
753   473   -1
753   479   -1
753   492   -1
753   1462  -1
754   465   -1
754   485   -1
755   469   -1
755   1496  -1
756   446   -1
757   930   -1
758   1354  -1
759   952   -1
759   1483  -1
759   1487  -1
760   1475  -1
762   493   -1
763   1347  -1
765   436   -1
765   471   -1
765   1352  -1
765   1949  -1
766   942   -1
767   442   -1
767   480   -1
767   954   -1
767   1369  -1
768   490   -1
769   938   -1
770   1369  -1
771   431   -1
771   470   -1
771   1484  -1
772   1361  -1
772   1488  -1
773   438   -1
773   463   -1
773   476   -1
773   1479  -1
774   1493  -1
775   945   -1
775   1481  -1
777   437   -1
777   1487  -1
778   937   -1
779   1459  -1
781   944   -1
781   1464  -1
782   472   -1
782   1486  -1
783   423   -1
786   964   -1
786   1477  -1
787   452   -1
787   955   -1
787   1488  -1
788   1481  -1
790   1364  -1
790   1385  -1
791   445   -1
792   962   -1
793   1381  -1
794   473   -1
796   427   -1
796   460   -1
796   1366  -1
797   1389  -1
798   960   -1
800   929   -1
802   1366  -1
803   1461  -1
804   1380  -1
804   1457  -1
806   364   -1
806   571   -1
806   940   -1
806   953   -1
806   1388  -1
807   498   -1
807   1475  -1
807   1701  -1
808   1459  -1
809   1471  -1
811   1394  -1
811   1463  -1
812   354   -1
812   418   -1
812   1449  -1
813   1478  -1
814   948   -1
814   1468  -1
815   588   -1
815   944   -1
815   1460  -1
816   431   -1
817   1374  -1
817   1696  -1
818   1378  -1
819   1470  -1
821   980   -1
823   361   -1
823   406   -1
823   1392  -1
824   545   -1
824   1385  -1
824   1831  -1
825   1452  -1
825   1474  -1
825   1483  -1
826   1469  -1
828   343   -1
828   1461  -1
828   1924  -1
829   1474  -1
829   1636  -1
830   955   -1
830   1397  -1
831   324   -1
832   299   -1
832   947   -1
832   1477  -1
833   940   -1
833   1401  -1
833   1454  -1
834   1443  -1
834   1458  -1
835   963   -1
835   1471  -1
836   323   -1
838   337   -1
838   1466  -1
839   357   -1
839   570   -1
839   622   -1
839   1455  -1
839   1925  -1
840   291   -1
841   1461  -1
842   1645  -1
842   1719  -1
843   1467  -1
845   289   -1
845   975   -1
846   626   -1
846   931   -1
847   313   -1
847   947   -1
847   1459  -1
849   1438  -1
849   1631  -1
850   1452  -1
851   1800  -1
852   631   -1
852   944   -1
852   1447  -1
852   1457  -1
853   1391  -1
853   1469  -1
854   1443  -1
855   931   -1
856   275   -1
856   1453  -1
857   284   -1
857   1437  -1
857   1469  -1
858   300   -1
858   1400  -1
859   1441  -1
860   1445  -1
861   279   -1
861   1394  -1
862   918   -1
864   206   -1
864   633   -1
864   903   -1
865   1426  -1
865   1443  -1
865   1453  -1
865   1795  -1
866   654   -1
866   1412  -1
869   723   -1
869   969   -1
869   1444  -1
870   1401  -1
870   1438  -1
871   617   -1
871   1425  -1
871   1807  -1
872   228   -1
872   652   -1
872   960   -1
872   1448  -1
873   941   -1
873   1815  -1
873   1875  -1
875   621   -1
875   1409  -1
875   1456  -1
876   278   -1
876   1426  -1
877   1438  -1
877   1901  -1
878   1452  -1
880   1414  -1
880   1419  -1
880   1443  -1
880   1459  -1
880   1464  -1
881   936   -1
885   798   -1
886   2047  -1
887   1443  -1
889   1418  -1
890   1453  -1
891   1460  -1
892   1438  -1
892   1793  -1
893   1417  -1
893   1449  -1
896   789   -1
896   796   -1
897   1443  -1
897   1909  -1
899   1435  -1
903   173   -1
903   1433  -1
903   1443  -1
903   1453  -1
905   970   -1
906   775   -1
906   1438  -1
908   812   -1
909   1448  -1
910   134   -1
911   818   -1
911   1427  -1
911   1453  -1
913   1434  -1
914   186   -1
915   1412  -1
915   1415  -1
917   1431  -1
917   1460  -1
918   117   -1
918   1454  -1
919   1426  -1
921   185   -1
921   1404  -1
921   1463  -1
922   1432  -1
923   1419  -1
924   792   -1
926   719   -1
926   978   -1
927   1423  -1
928   1459  -1
929   1466  -1
930   1439  -1
931   777   -1
931   1420  -1
931   1448  -1
931   1460  -1
932   943   -1
933   687   -1
934   1398  -1
934   1443  -1
934   1904  -1
935   733   -1
935   1467  -1
936   768   -1
936   958   -1
936   1412  -1
937   1405  -1
939   1434  -1
939   1457  -1
940   1402  -1
940   1452  -1
941   757   -1
941   1394  -1
942   1411  -1
942   1429  -1
942   1446  -1
943   1397  -1
945   691   -1
945   734   -1
946   1466  -1
948   1413  -1
950   1463  -1
951   1399  -1
952   1420  -1
953   1409  -1
956   833   -1
957   976   -1
958   1414  -1
959   704   -1
961   988   -1
961   1404  -1
962   828   -1
962   973   -1
963   645   -1
963   741   -1
964   978   -1
965   1394  -1
965   1475  -1
966   1400  -1
967   626   -1
967   1378  -1
968   1410  -1
968   1480  -1
970   715   -1
971   1393  -1
971   1416  -1
971   1472  -1
972   728   -1
972   1382  -1
973   811   -1
974   1372  -1
975   1379  -1
976   1363  -1
976   1387  -1
979   717   -1
983   1471  -1
984   809   -1
984   1362  -1
984   1474  -1
984   1479  -1
985   1387  -1
985   1396  -1
986   1489  -1
987   802   -1
989   1362  -1
989   1475  -1
990   1383  -1
990   1493  -1
991   729   -1
991   1389  -1
992   612   -1
992   1343  -1
992   1498  -1
994   1480  -1
995   1502  -1
996   1371  -1
996   1377  -1
997   1509  -1
998   700   -1
999   807   -1
999   1357  -1
1000  1005  -1
1000  1345  -1
1001  1349  -1
1001  1372  -1
1001  1376  -1
1002  1364  -1
1004  1337  -1
1005  684   -1
1005  1358  -1
1006  782   -1
1006  1350  -1
1007  1384  -1
1008  701   -1
1009  1319  -1
1010  1512  -1
1011  1493  -1
1012  1343  -1
1014  764   -1
1014  1321  -1
1014  1512  -1
1015  1325  -1
1016  1492  -1
1017  768   -1
1017  1301  -1
1017  1352  -1
1018  1013  -1
1018  1296  -1
1018  1357  -1
1018  1505  -1
1019  1315  -1
1019  1516  -1
1020  1129  -1
1020  1291  -1
1020  1309  -1
1020  1493  -1
1021  1322  -1
1021  1497  -1
1022  1350  -1
1023  526   -1
1023  1011  -1
1023  1186  -1
1023  1197  -1
1023  1298  -1
1023  1305  -1
1023  1345  -1
1025  1276  -1
1025  1327  -1
1025  1507  -1
1026  1147  -1
1026  1176  -1
1026  1321  -1
1026  1345  -1
1026  1354  -1
1027  518   -1
1027  1006  -1
1027  1109  -1
1027  1141  -1
1027  1188  -1
1027  1267  -1
1027  1348  -1
1028  770   -1
1028  1278  -1
1029  1146  -1
1030  995   -1
1030  1289  -1
1030  1298  -1
1030  1328  -1
1031  1121  -1
1031  1318  -1
1031  1352  -1
1031  1494  -1
1032  792   -1
1032  1184  -1
1033  1006  -1
1033  1132  -1
1033  1284  -1
1033  1331  -1
1034  668   -1
1034  727   -1
1034  1175  -1
1034  1310  -1
1035  1154  -1
1035  1259  -1
1035  1292  -1
1035  1509  -1
1036  685   -1
1036  1247  -1
1036  1328  -1
1037  1184  -1
1037  1197  -1
1037  1205  -1
1037  1215  -1
1038  1065  -1
1038  1077  -1
1038  1254  -1
1038  1315  -1
1038  1343  -1
1039  1056  -1
1039  1117  -1
1039  1173  -1
1039  1305  -1
1040  1160  -1
1041  510   -1
1041  1154  -1
1041  1176  -1
1041  1248  -1
1041  1257  -1
1042  814   -1
1042  1124  -1
1042  1195  -1
1042  1218  -1
1042  1226  -1
1042  1293  -1
1042  1298  -1
1042  1502  -1
1042  1523  -1
1043  1031  -1
1043  1128  -1
1043  1333  -1
1043  1509  -1
1045  1013  -1
1045  1044  -1
1045  1049  -1
1045  1180  -1
1045  1234  -1
1045  1238  -1
1045  1279  -1
1045  1306  -1
1046  544   -1
1046  679   -1
1046  1299  -1
1046  1514  -1
1047  536   -1
1047  1231  -1
1048  1226  -1
1048  1530  -1
1049  1242  -1
1049  1510  -1
1050  1257  -1
1051  1290  -1
1052  935   -1
1052  1057  -1
1052  1115  -1
1052  1204  -1
1052  1261  -1
1052  1285  -1
1052  1521  -1
1053  1161  -1
1053  1536  -1
1054  545   -1
1054  1187  -1
1056  900   -1
1056  1079  -1
1056  1169  -1
1056  1233  -1
1056  1516  -1
1057  529   -1
1057  1285  -1
1057  1292  -1
1058  1073  -1
1058  1267  -1
1058  1522  -1
1059  1002  -1
1059  1033  -1
1059  1513  -1
1060  1242  -1
1062  1012  -1
1064  1070  -1
1065  998   -1
1065  1543  -1
1066  1521  -1
1068  499   -1
1069  940   -1
1069  1527  -1
1072  679   -1
1074  1546  -1
1075  1034  -1
1076  921   -1
1076  986   -1
1077  1534  -1
1077  1538  -1
1080  505   -1
1082  559   -1
1083  733   -1
1083  1069  -1
1083  1526  -1
1087  650   -1
1089  731   -1
1089  1010  -1
1090  991   -1
1091  875   -1
1092  1003  -1
1095  1007  -1
1097  975   -1
1097  1549  -1
1100  1539  -1
1102  946   -1
1103  993   -1
1104  491   -1
1105  873   -1
1105  1552  -1
1106  511   -1
1106  989   -1
1106  1560  -1
1107  1004  -1
1108  810   -1
1108  947   -1
1108  970   -1
1108  998   -1
1109  933   -1
1110  520   -1
1110  528   -1
1110  986   -1
1112  923   -1
1114  533   -1
1114  962   -1
1115  966   -1
1116  943   -1
1118  526   -1
1118  1022  -1
1118  1565  -1
1119  978   -1
1119  986   -1
1119  1541  -1
1119  1551  -1
1120  548   -1
1120  938   -1
1120  971   -1
1121  799   -1
1121  931   -1
1121  941   -1
1122  802   -1
1122  915   -1
1124  936   -1
1125  971   -1
1125  998   -1
1125  1574  -1
1126  530   -1
1126  919   -1
1126  959   -1
1128  494   -1
1128  577   -1
1128  663   -1
1128  951   -1
1128  1568  -1
1129  549   -1
1129  899   -1
1129  1558  -1
1130  510   -1
1130  797   -1
1130  853   -1
1130  918   -1
1131  915   -1
1131  945   -1
1132  911   -1
1132  1562  -1
1132  1578  -1
1134  541   -1
1134  577   -1
1134  1557  -1
1135  509   -1
1135  809   -1
1135  1567  -1
1137  528   -1
1137  1561  -1
1137  1572  -1
1138  788   -1
1140  497   -1
1140  513   -1
1141  784   -1
1142  889   -1
1142  909   -1
1144  579   -1
1144  1564  -1
1144  1580  -1
1145  926   -1
1147  1585  -1
1148  1578  -1
1149  793   -1
1149  896   -1
1149  918   -1
1150  816   -1
1151  1559  -1
1152  668   -1
1152  884   -1
1154  790   -1
1156  648   -1
1157  769   -1
1158  916   -1
1158  922   -1
1160  661   -1
1160  769   -1
1160  788   -1
1160  876   -1
1164  676   -1
1164  878   -1
1164  908   -1
1164  1576  -1
1164  1586  -1
1165  802   -1
1165  897   -1
1168  762   -1
1169  510   -1
1170  819   -1
1170  901   -1
1171  879   -1
1171  883   -1
1172  774   -1
1173  515   -1
1173  806   -1
1173  942   -1
1174  824   -1
1174  1589  -1
1177  863   -1
1178  492   -1
1178  830   -1
1178  1574  -1
1179  762   -1
1179  1589  -1
1180  671   -1
1180  766   -1
1181  685   -1
1182  712   -1
1182  789   -1
1183  694   -1
1183  769   -1
1185  697   -1
1186  1599  -1
1187  506   -1
1188  513   -1
1188  680   -1
1189  758   -1
1190  731   -1
1191  670   -1
1191  803   -1
1191  835   -1
1192  712   -1
1192  842   -1
1192  909   -1
1192  1598  -1
1193  1582  -1
1194  825   -1
1195  811   -1
1196  736   -1
1196  829   -1
1196  1587  -1
1197  674   -1
1197  723   -1
1197  876   -1
1198  502   -1
1198  696   -1
1199  690   -1
1199  863   -1
1201  813   -1
1201  1607  -1
1203  1600  -1
1204  1594  -1
1208  805   -1
1208  1602  -1
1209  1594  -1
1210  1613  -1
1213  741   -1
1214  1589  -1
1216  501   -1
1216  1615  -1
1218  1620  -1
1219  1588  -1
1223  1610  -1
1224  1600  -1
1227  1612  -1
1228  1606  -1
1229  1627  -1
1234  497   -1
1235  1616  -1
1238  488   -1
1238  517   -1
1238  1611  -1
1248  1603  -1
1249  1613  -1
1249  1624  -1
1261  1637  -1
1262  400   -1
1263  1622  -1
1263  1627  -1
1264  1647  -1
1266  1643  -1
1268  391   -1
1271  494   -1
1273  1652  -1
1274  1646  -1
1278  1639  -1
1279  397   -1
1280  403   -1
1280  501   -1
1280  1646  -1
1283  1637  -1
1283  1648  -1
1287  1637  -1
1306  1656  -1
1309  1652  -1
1312  1664  -1
1313  1659  -1
1316  1664  -1
1317  416   -1
1318  1659  -1
1322  403   -1
1323  413   -1
1332  414   -1
1336  417   -1
1340  412   -1
1348  399   -1
1365  436   -1
1373  429   -1
1378  423   -1
1381  418   -1
1383  427   -1
1383  430   -1
1402  421   -1
1417  440   -1
1424  415   -1
1426  387   -1
1429  388   -1
1430  395   -1
1431  425   -1
1435  378   -1
1436  412   -1
1441  391   -1
1441  399   -1
1442  422   -1
1445  430   -1
1446  390   -1
1447  423   -1
1447  442   -1
1448  448   -1
1449  384   -1
1449  436   -1
1451  432   -1
1454  415   -1
1455  419   -1
1458  452   -1
1466  463   -1
1467  438   -1
1468  444   -1
1475  467   -1
1476  441   -1
1482  485   -1
1483  475   -1
1483  499   -1
1483  529   -1
1486  499   -1
1486  545   -1
1488  557   -1
1489  468   -1
1489  550   -1
1490  502   -1
1490  516   -1
1491  507   -1
1493  461   -1
1494  450   -1
1494  492   -1
1497  483   -1
1498  467   -1
1498  473   -1
1498  479   -1
1499  488   -1
1500  458   -1
1503  496   -1
1503  538   -1
1503  564   -1
1504  507   -1
1505  544   -1
1506  552   -1
1509  487   -1
1509  569   -1
1511  483   -1
1511  592   -1
1512  546   -1
1512  577   -1
1513  478   -1
1513  571   -1
1514  490   -1
1516  505   -1
1516  599   -1
1517  482   -1
1518  486   -1
1518  499   -1
1519  590   -1
1520  505   -1
1520  578   -1
1522  594   -1
1524  498   -1
1526  494   -1
1527  617   -1
1532  624   -1
1533  487   -1
1533  631   -1
1536  630   -1
1539  625   -1
1540  603   -1
1542  511   -1
1543  500   -1
1546  519   -1
1547  507   -1
1547  614   -1
1548  513   -1
1552  620   -1
1553  511   -1
1554  628   -1
1555  526   -1
1559  617   -1
1563  520   -1
1563  537   -1
1563  616   -1
1567  519   -1
1567  635   -1
1568  524   -1
1569  539   -1
1572  524   -1
1572  557   -1
1575  553   -1
1577  544   -1
1578  533   -1
1578  537   -1
1578  559   -1
1579  518   -1
1580  570   -1
1582  528   -1
1584  575   -1
1587  539   -1
1587  561   -1
1587  570   -1
1587  579   -1
1588  557   -1
1590  543   -1
1591  583   -1
1592  535   -1
1592  572   -1
1592  589   -1
1593  530   -1
1593  558   -1
1594  547   -1
1596  576   -1
1597  532   -1
1598  549   -1
1598  594   -1
1600  560   -1
1600  574   -1
1601  536   -1
1601  589   -1
1602  547   -1
1602  597   -1
1604  567   -1
1604  583   -1
1605  551   -1
1605  580   -1
1606  560   -1
1606  603   -1
1607  598   -1
1609  554   -1
1611  563   -1
1611  584   -1
1613  575   -1
1613  600   -1
1614  594   -1
1615  605   -1
1616  562   -1
1617  556   -1
1617  579   -1
1619  608   -1
1622  562   -1
1623  567   -1
1623  580   -1
1623  608   -1
1624  573   -1
1626  611   -1
1626  616   -1
1628  626   -1
1630  582   -1
1630  622   -1
1630  633   -1
1631  576   -1
1632  598   -1
1632  613   -1
1633  632   -1
1635  601   -1
1635  626   -1
1637  638   -1
1638  607   -1
1639  649   -1
1640  612   -1
1642  603   -1
1645  590   -1
1645  613   -1
1646  627   -1
1646  642   -1
1646  652   -1
1648  604   -1
1649  649   -1
1649  666   -1
1650  629   -1
1650  673   -1
1652  614   -1
1653  675   -1
1654  620   -1
1654  634   -1
1654  662   -1
1656  626   -1
1656  641   -1
1656  695   -1
1657  614   -1
1657  630   -1
1658  619   -1
1660  678   -1
1663  664   -1
1664  676   -1
1666  641   -1
1666  647   -1
1666  717   -1
1668  664   -1
1668  670   -1
1668  697   -1
1668  703   -1
1668  725   -1
1669  652   -1
1669  720   -1
1670  738   -1
1671  681   -1
1671  688   -1
1672  702   -1
1672  725   -1
1676  691   -1
1675  714   -1
1675  739   -1
1676  683   -1
1676  747   -1
1677  756   -1
1678  743   -1
1679  731   -1
1679  747   -1
1682  713   -1
1682  725   -1
1683  735   -1
1684  696   -1
1684  753   -1
1685  772   -1
1686  750   -1
1686  761   -1
1687  719   -1
1688  695   -1
1688  736   -1
1688  768   -1
1689  703   -1
1690  757   -1
1691  726   -1
1691  730   -1
1691  740   -1
1691  773   -1
1693  800   -1
1694  705   -1
1694  724   -1
1695  713   -1
1696  770   -1
1697  732   -1
1697  737   -1
1697  788   -1
1698  722   -1
1700  781   -1
1700  792   -1
1702  769   -1
1702  799   -1
1705  762   -1
1706  793   -1
1706  811   -1
1707  771   -1
1707  778   -1
1707  798   -1
1707  816   -1
1709  782   -1
1716  800   -1
1716  809   -1
1719  794   -1
1719  826   -1
1720  805   -1
1720  822   -1
1724  788   -1
1724  802   -1
1725  811   -1
1726  805   -1
1726  828   -1
1728  822   -1
1729  809   -1
1730  790   -1
1731  802   -1
1731  829   -1
1734  810   -1
1734  817   -1
1737  795   -1
1738  823   -1
1739  808   -1
1742  834   -1
1742  838   -1
1743  816   -1
1750  818   -1
1750  841   -1
1751  866   -1
1752  827   -1
1752  834   -1
1754  434   -1
1756  439   -1
1756  854   -1
1758  867   -1
1761  862   -1
1762  835   -1
1763  838   -1
1763  878   -1
1764  858   -1
1764  867   -1
1765  850   -1
1768  841   -1
1769  883   -1
1770  848   -1
1770  864   -1
1771  872   -1
1772  841   -1
1773  880   -1
1778  862   -1
1778  874   -1
1780  867   -1
1781  850   -1
1781  854   -1
1782  880   -1
1785  859   -1
1785  863   -1
1786  856   -1
1789  874   -1
291   348   -1
316   317   -1
322   228   -1
326   410   -1
334   1088  -1
339   1079  -1
343   1100  -1
347   645   -1
347   1085  -1
349   1097  -1
350   628   -1
350   668   -1
351   230   -1
351   226   -1
354   1083  -1
356   608   -1
357   701   -1
356   678   -1
362   406   -1
360   408   -1
361   674   -1
363   614   -1
365   582   -1
371   680   -1
374   710   -1
373   1087  -1
375   686   -1
377   739   -1
377   675   -1
378   571   -1
378   712   -1
381   151   -1
382   739   -1
382   1094  -1
384   656   -1
386   489   -1
387   678   -1
388   674   -1
392   1099  -1
392   1107  -1
395   1105  -1
393   629   -1
394   743   -1
394   480   -1
395   714   -1
397   711   -1
394   1118  -1
397   530   -1
397   543   -1
399   472   -1
399   636   -1
399   522   -1
399   1124  -1
402   479   -1
407   705   -1
409   708   -1
410   705   -1
404   706   -1
407   516   -1
408   1128  -1
408   537   -1
408   1124  -1
414   532   -1
414   720   -1
414   1100  -1
415   90    -1
416   1114  -1
417   1103  -1
416   1118  -1
419   1118  -1
417   532   -1
418   719   -1
418   1140  -1
419   753   -1
421   543   -1
433   159   -1
428   1126  -1
429   719   -1
432   730   -1
431   1125  -1
434   738   -1
436   612   -1
440   768   -1
440   1662  -1
443   731   -1
445   667   -1
445   678   -1
448   526   -1
449   1142  -1
449   605   -1
450   182   -1
452   184   -1
450   1158  -1
451   735   -1
454   735   -1
451   775   -1
454   776   -1
453   1638  -1
453   681   -1
456   1644  -1
458   667   -1
457   1159  -1
465   754   -1
460   727   -1
462   530   -1
465   702   -1
463   700   -1
463   719   -1
463   743   -1
463   1637  -1
468   94    -1
464   93    -1
465   684   -1
464   1174  -1
464   1661  -1
467   1164  -1
474   215   -1
471   525   -1
472   1606  -1
472   732   -1
474   786   -1
475   167   -1
474   1186  -1
477   77    -1
476   685   -1
476   1643  -1
478   518   -1
477   711   -1
478   535   -1
479   787   -1
480   1610  -1
481   221   -1
483   688   -1
482   1178  -1
485   1628  -1
483   1626  -1
483   1638  -1
484   1649  -1
485   540   -1
485   545   -1
488   721   -1
488   726   -1
490   769   -1
489   774   -1
493   774   -1
489   793   -1
489   1587  -1
492   515   -1
492   1191  -1
493   1197  -1
494   547   -1
495   724   -1
496   735   -1
507   755   -1
498   1593  -1
500   95    -1
500   718   -1
499   745   -1
501   741   -1
500   749   -1
501   1188  -1
501   1582  -1
504   789   -1
503   793   -1
503   826   -1
506   1178  -1
505   1567  -1
508   1566  -1
506   512   -1
509   518   -1
508   785   -1
509   542   -1
509   802   -1
509   836   -1
513   1195  -1
513   1554  -1
514   813   -1
515   779   -1
516   1211  -1
517   767   -1
517   785   -1
517   938   -1
517   1207  -1
528   1566  -1
523   1564  -1
520   543   -1
521   954   -1
521   1598  -1
522   828   -1
523   119   -1
524   116   -1
525   865   -1
526   1522  -1
525   754   -1
525   1193  -1
526   1553  -1
530   265   -1
528   516   -1
529   768   -1
529   949   -1
531   947   -1
531   831   -1
531   1209  -1
532   876   -1
532   893   -1
533   923   -1
533   964   -1
533   1585  -1
535   1583  -1
533   549   -1
536   763   -1
533   763   -1
536   842   -1
536   919   -1
539   1511  -1
537   1517  -1
536   523   -1
537   807   -1
536   911   -1
538   879   -1
537   1566  -1
538   889   -1
539   810   -1
541   754   -1
541   865   -1
541   907   -1
544   949   -1
541   1225  -1
542   526   -1
543   862   -1
544   1204  -1
545   956   -1
547   893   -1
547   760   -1
549   807   -1
547   809   -1
548   929   -1
549   916   -1
549   899   -1
550   941   -1
554   764   -1
553   252   -1
555   250   -1
553   942   -1
554   924   -1
555   1220  -1
555   895   -1
559   781   -1
558   1218  -1
559   1545  -1
562   1545  -1
558   1542  -1
561   790   -1
562   822   -1
563   545   -1
563   776   -1
566   777   -1
562   828   -1
563   796   -1
564   1234  -1
566   882   -1
566   1241  -1
570   1516  -1
568   928   -1
567   1235  -1
568   125   -1
570   795   -1
572   793   -1
569   792   -1
569   835   -1
570   881   -1
571   1519  -1
576   817   -1
573   521   -1
574   544   -1
573   818   -1
576   888   -1
579   836   -1
578   840   -1
580   784   -1
580   821   -1
581   520   -1
582   263   -1
583   544   -1
587   887   -1
583   828   -1
583   834   -1
586   950   -1
586   954   -1
586   1517  -1
587   849   -1
587   896   -1
588   820   -1
594   796   -1
591   874   -1
591   802   -1
594   962   -1
594   1516  -1
594   857   -1
595   863   -1
596   1246  -1
597   800   -1
597   884   -1
599   823   -1
598   877   -1
599   955   -1
599   1262  -1
609   856   -1
600   1503  -1
602   875   -1
604   873   -1
606   972   -1
603   971   -1
603   965   -1
610   1499  -1
607   305   -1
607   829   -1
608   811   -1
609   950   -1
608   995   -1
610   526   -1
610   838   -1
610   1515  -1
614   509   -1
614   1006  -1
615   860   -1
618   1283  -1
616   1281  -1
617   506   -1
617   519   -1
617   866   -1
620   287   -1
620   284   -1
625   974   -1
622   976   -1
619   987   -1
620   884   -1
619   1011  -1
619   1262  -1
625   872   -1
621   868   -1
628   871   -1
623   870   -1
621   996   -1
626   1488  -1
621   1488  -1
623   1485  -1
621   1492  -1
623   838   -1
625   528   -1
625   207   -1
626   893   -1
627   1021  -1
632   848   -1
629   860   -1
628   999   -1
629   893   -1
629   1507  -1
631   541   -1
630   538   -1
632   1031  -1
634   862   -1
633   859   -1
634   530   -1
635   1485  -1
636   305   -1
636   878   -1
636   501   -1
637   887   -1
637   1499  -1
640   1498  -1
637   1277  -1
639   879   -1
640   906   -1
641   903   -1
644   901   -1
641   1509  -1
644   1486  -1
643   1050  -1
643   531   -1
643   534   -1
645   911   -1
645   303   -1
645   1043  -1
646   1476  -1
646   1482  -1
648   535   -1
649   914   -1
649   1488  -1
649   1503  -1
650   867   -1
649   1275  -1
649   1284  -1
650   904   -1
651   1497  -1
652   534   -1
654   211   -1
653   208   -1
653   901   -1
653   906   -1
654   1037  -1
655   882   -1
656   274   -1
655   360   -1
655   532   -1
656   868   -1
657   1290  -1
656   1487  -1
656   1497  -1
659   235   -1
657   505   -1
657   1282  -1
659   908   -1
662   909   -1
660   1491  -1
659   531   -1
660   539   -1
663   501   -1
663   1053  -1
662   1066  -1
663   875   -1
663   888   -1
664   1473  -1
665   1304  -1
666   378   -1
667   537   -1
666   1502  -1
668   1306  -1
670   1474  -1
672   334   -1
674   533   -1
676   269   -1
681   893   -1
677   895   -1
679   897   -1
679   1069  -1
679   907   -1
680   1311  -1
681   1479  -1
683   904   -1
682   1299  -1
685   899   -1
687   530   -1
688   515   -1
690   525   -1
689   1060  -1
691   357   -1
691   1309  -1
692   222   -1
692   497   -1
693   507   -1
693   912   -1
692   930   -1
693   373   -1
695   370   -1
693   523   -1
693   528   -1
694   1069  -1
695   1085  -1
694   1298  -1
695   402   -1
696   384   -1
698   1475  -1
699   493   -1
698   924   -1
699   1503  -1
699   498   -1
701   896   -1
699   1104  -1
700   1073  -1
700   1092  -1
703   914   -1
705   910   -1
707   502   -1
707   1303  -1
707   525   -1
711   946   -1
713   944   -1
709   1329  -1
711   1492  -1
711   506   -1
710   1499  -1
711   238   -1
712   492   -1
715   493   -1
711   1477  -1
712   232   -1
713   1318  -1
716   1474  -1
714   1472  -1
716   1477  -1
716   945   -1
715   1468  -1
720   1496  -1
717   257   -1
718   1102  -1
718   1500  -1
721   1326  -1
723   515   -1
723   1121  -1
723   915   -1
724   952   -1
724   1316  -1
724   946   -1
725   451   -1
725   1494  -1
726   412   -1
727   1335  -1
728   1118  -1
727   1340  -1
730   1122  -1
731   951   -1
731   1481  -1
731   466   -1
737   1466  -1
737   1473  -1
733   497   -1
733   1486  -1
736   1496  -1
737   1116  -1
738   1119  -1
736   1348  -1
736   1463  -1
737   1354  -1
738   1328  -1
739   442   -1
739   915   -1
740   1345  -1
742   1495  -1
743   497   -1
744   929   -1
744   1329  -1
743   1464  -1
744   950   -1
751   1476  -1
749   1479  -1
745   1489  -1
746   916   -1
746   1465  -1
749   1344  -1
753   1365  -1
752   1494  -1
753   506   -1
754   950   -1
755   1471  -1
756   1463  -1
757   1492  -1
758   925   -1
758   1344  -1
759   500   -1
761   1543  -1
762   1492  -1
763   486   -1
763   1480  -1
764   461   -1
765   951   -1
764   1358  -1
766   1572  -1
766   1461  -1
766   1341  -1
769   474   -1
777   459   -1
773   1376  -1
774   453   -1
775   1470  -1
778   474   -1
778   1370  -1
778   965   -1
781   1481  -1
783   929   -1
783   1368  -1
785   1376  -1
786   448   -1
785   1472  -1
791   928   -1
790   931   -1
787   931   -1
787   939   -1
790   1468  -1
787   1469  -1
788   401   -1
789   438   -1
790   408   -1
792   430   -1
792   463   -1
793   1468  -1
793   1627  -1
795   397   -1
795   414   -1
795   545   -1
795   951   -1
795   1487  -1
803   1483  -1
796   1378  -1
796   1460  -1
800   1454  -1
803   441   -1
802   1396  -1
808   1454  -1
805   967   -1
805   1372  -1
806   371   -1
807   1391  -1
807   442   -1
807   957   -1
808   936   -1
809   964   -1
810   558   -1
810   1487  -1
812   941   -1
813   1453  -1
813   1390  -1
817   961   -1
817   1401  -1
818   404   -1
819   953   -1
819   1459  -1
821   391   -1
822   1457  -1
824   1400  -1
825   1456  -1
827   354   -1
827   951   -1
830   987   -1
832   1469  -1
835   284   -1
838   947   -1
837   1444  -1
840   1406  -1
838   1408  -1
841   319   -1
841   1394  -1
841   947   -1
842   1474  -1
845   951   -1
845   962   -1
848   963   -1
844   970   -1
845   1417  -1
846   1443  -1
849   935   -1
849   954   -1
848   1390  -1
852   1464  -1
851   959   -1
851   1416  -1
852   934   -1
854   965   -1
854   1396  -1
855   877   -1
856   1460  -1
858   936   -1
858   1465  -1
859   1417  -1
862   299   -1
864   936   -1
864   1470  -1
865   1465  -1
867   884   -1
869   1413  -1
869   1649  -1
871   935   -1
872   683   -1
871   939   -1
871   948   -1
879   725   -1
874   723   -1
882   723   -1
876   852   -1
878   770   -1
879   974   -1
881   957   -1
882   873   -1
882   951   -1
882   1429  -1
881   1449  -1
885   1452  -1
885   1455  -1
886   723   -1
888   1423  -1
888   1458  -1
889   790   -1
891   938   -1
893   844   -1
893   952   -1
893   1423  -1
896   184   -1
896   934   -1
896   972   -1
902   802   -1
899   947   -1
900   1427  -1
901   723   -1
902   790   -1
902   1425  -1
907   1414  -1
904   844   -1
906   1448  -1
903   1449  -1
904   965   -1
907   946   -1
909   1434  -1
911   969   -1
913   979   -1
915   1911  -1
919   194   -1
919   1437  -1
921   698   -1
921   717   -1
921   970   -1
922   955   -1
926   1437  -1
927   701   -1
928   715   -1
927   964   -1
930   965   -1
928   1400  -1
928   1455  -1
929   768   -1
930   764   -1
930   1408  -1
930   960   -1
932   1410  -1
932   743   -1
933   703   -1
933   952   -1
936   965   -1
935   1438  -1
938   1462  -1
939   1415  -1
939   1470  -1
940   726   -1
941   843   -1
943   1407  -1
941   1405  -1
942   1460  -1
942   740   -1
942   1421  -1
942   1424  -1
943   964   -1
945   657   -1
945   987   -1
947   1472  -1
945   1474  -1
948   979   -1
948   1395  -1
950   1391  -1
952   1415  -1
954   1385  -1
955   962   -1
956   956   -1
956   1389  -1
957   828   -1
967   991   -1
959   1478  -1
961   821   -1
962   1382  -1
966   1414  -1
966   1466  -1
967   825   -1
969   1468  -1
966   1469  -1
967   962   -1
967   997   -1
967   1386  -1
969   981   -1
972   646   -1
973   972   -1
974   805   -1
975   623   -1
975   748   -1
975   1396  -1
977   822   -1
978   1478  -1
978   1002  -1
980   993   -1
981   1397  -1
980   1400  -1
981   1493  -1
981   1490  -1
982   798   -1
983   1485  -1
990   1355  -1
991   1484  -1
987   978   -1
988   679   -1
989   815   -1
991   1503  -1
990   963   -1
991   999   -1
991   714   -1
994   796   -1
994   1001  -1
995   562   -1
995   682   -1
994   1356  -1
994   1362  -1
996   1346  -1
997   1390  -1
998   1337  -1
1000  995   -1
1002  1509  -1
1005  1329  -1
1007  1324  -1
1007  1380  -1
1004  1382  -1
1008  773   -1
1011  775   -1
1005  789   -1
1004  972   -1
1006  992   -1
1005  1005  -1
1007  808   -1
1009  1483  -1
1011  679   -1
1010  1338  -1
1011  1315  -1
1012  691   -1
1013  980   -1
1013  1498  -1
1014  820   -1
1014  1317  -1
1015  794   -1
1015  551   -1
1015  1005  -1
1017  682   -1
1016  779   -1
1017  1151  -1
1020  1153  -1
1017  1368  -1
1018  1348  -1
1022  1168  -1
1024  1170  -1
1020  1164  -1
1020  1340  -1
1021  1337  -1
1021  1191  -1
1022  1161  -1
1023  1330  -1
1022  1363  -1
1024  1121  -1
1025  1131  -1
1026  786   -1
1025  998   -1
1026  1082  -1
1026  1216  -1
1026  707   -1
1029  1033  -1
1026  1302  -1
1028  1231  -1
1029  1284  -1
1029  1092  -1
1031  779   -1
1031  1038  -1
1030  1051  -1
1030  1114  -1
1030  1264  -1
1031  1087  -1
1031  1198  -1
1032  1293  -1
1032  1522  -1
1032  1148  -1
1033  1124  -1
1033  1212  -1
1035  810   -1
1034  1021  -1
1035  1083  -1
1035  1139  -1
1035  1142  -1
1036  520   -1
1035  1015  -1
1036  1505  -1
1036  1532  -1
1038  998   -1
1039  1050  -1
1037  1126  -1
1037  1224  -1
1040  1223  -1
1037  1242  -1
1038  1122  -1
1039  1143  -1
1039  1211  -1
1038  1257  -1
1038  1282  -1
1039  1319  -1
1038  1338  -1
1039  1087  -1
1039  1189  -1
1040  1310  -1
1041  1180  -1
1042  659   -1
1041  1053  -1
1041  1061  -1
1042  1527  -1
1042  1318  -1
1044  1320  -1
1043  1203  -1
1043  1273  -1
1045  1023  -1
1045  1058  -1
1044  1214  -1
1046  1116  -1
1047  1294  -1
1047  1073  -1
1048  1107  -1
1047  1267  -1
1049  663   -1
1049  688   -1
1049  1246  -1
1055  1253  -1
1049  1316  -1
1050  509   -1
1050  1215  -1
1051  1218  -1
1050  1237  -1
1049  1304  -1
1050  1514  -1
1051  1020  -1
1053  1074  -1
1050  1195  -1
1050  1307  -1
1052  552   -1
1051  699   -1
1051  1106  -1
1052  1141  -1
1053  1200  -1
1053  1224  -1
1056  1225  -1
1053  673   -1
1054  1042  -1
1053  1084  -1
1053  1111  -1
1053  1268  -1
1054  1281  -1
1053  1294  -1
1055  985   -1
1056  1129  -1
1056  672   -1
1057  1086  -1
1057  1143  -1
1057  906   -1
1060  908   -1
1058  1093  -1
1058  1182  -1
1059  915   -1
1058  926   -1
1058  1069  -1
1058  1262  -1
1061  1261  -1
1060  1264  -1
1060  985   -1
1060  997   -1
1059  1104  -1
1060  1113  -1
1060  1271  -1
1061  673   -1
1061  1200  -1
1060  1231  -1
1063  954   -1
1061  952   -1
1061  1084  -1
1063  495   -1
1063  514   -1
1064  671   -1
1065  559   -1
1065  1215  -1
1065  950   -1
1068  492   -1
1071  910   -1
1069  908   -1
1070  896   -1
1071  905   -1
1072  563   -1
1072  648   -1
1073  867   -1
1073  993   -1
1074  889   -1
1074  886   -1
1077  891   -1
1073  1541  -1
1075  951   -1
1075  1043  -1
1077  876   -1
1077  953   -1
1076  1019  -1
1078  509   -1
1077  1524  -1
1079  710   -1
1081  920   -1
1082  1540  -1
1083  1544  -1
1085  1547  -1
1080  1544  -1
1083  993   -1
1084  934   -1
1084  1537  -1
1087  752   -1
1088  932   -1
1088  1034  -1
1090  1027  -1
1091  658   -1
1091  1528  -1
1091  489   -1
1093  485   -1
1092  482   -1
1093  1023  -1
1093  1046  -1
1094  1530  -1
1095  776   -1
1098  566   -1
1100  994   -1
1097  994   -1
1100  960   -1
1099  973   -1
1101  988   -1
1100  985   -1
1101  671   -1
1101  853   -1
1104  1017  -1
1101  1017  -1
1103  1020  -1
1107  1019  -1
1102  508   -1
1106  824   -1
1108  976   -1
1106  662   -1
1107  747   -1
1106  858   -1
1107  943   -1
1108  936   -1
1108  961   -1
1113  971   -1
1111  976   -1
1111  870   -1
1111  939   -1
1114  1000  -1
1113  537   -1
1113  1550  -1
1114  587   -1
1113  1559  -1
1114  876   -1
1114  930   -1
1117  929   -1
1116  864   -1
1118  916   -1
1119  809   -1
1121  503   -1
1124  542   -1
1121  540   -1
1124  539   -1
1120  815   -1
1122  554   -1
1125  555   -1
1122  909   -1
1123  984   -1
1123  674   -1
1123  905   -1
1129  926   -1
1125  925   -1
1126  928   -1
1127  939   -1
1127  540   -1
1127  559   -1
1129  804   -1
1128  904   -1
1131  1549  -1
1132  665   -1
1131  791   -1
1132  529   -1
1132  588   -1
1135  935   -1
1132  935   -1
1133  581   -1
1134  672   -1
1133  787   -1
1135  898   -1
1139  906   -1
1136  792   -1
1137  822   -1
1137  1547  -1
1138  847   -1
1139  827   -1
1140  836   -1
1139  1576  -1
1141  549   -1
1141  802   -1
1142  629   -1
1142  822   -1
1144  538   -1
1144  597   -1
1144  623   -1
1145  627   -1
1145  787   -1
1144  920   -1
1146  511   -1
1149  510   -1
1147  660   -1
1148  561   -1
1147  904   -1
1153  1566  -1
1151  892   -1
1152  799   -1
1153  858   -1
1154  903   -1
1153  1586  -1
1154  493   -1
1155  823   -1
1155  826   -1
1155  849   -1
1156  684   -1
1155  773   -1
1156  778   -1
1156  676   -1
1160  1585  -1
1156  1585  -1
1158  1583  -1
1158  809   -1
1157  813   -1
1163  886   -1
1158  765   -1
1158  907   -1
1159  1588  -1
1160  629   -1
1160  854   -1
1162  795   -1
1162  1564  -1
1164  601   -1
1164  806   -1
1163  850   -1
1164  864   -1
1164  759   -1
1164  921   -1
1167  771   -1
1167  1571  -1
1167  747   -1
1169  721   -1
1168  808   -1
1168  891   -1
1170  797   -1
1171  691   -1
1171  694   -1
1171  815   -1
1173  754   -1
1173  793   -1
1176  794   -1
1173  1580  -1
1173  768   -1
1174  664   -1
1174  716   -1
1174  1570  -1
1175  630   -1
1176  873   -1
1176  912   -1
1178  923   -1
1178  701   -1
1179  803   -1
1178  812   -1
1180  510   -1
1180  690   -1
1179  818   -1
1180  1593  -1
1180  773   -1
1180  780   -1
1180  867   -1
1181  813   -1
1182  1579  -1
1181  1582  -1
1182  804   -1
1182  849   -1
1183  864   -1
1184  841   -1
1187  1575  -1
1186  827   -1
1187  754   -1
1187  774   -1
1186  860   -1
1188  889   -1
1189  897   -1
1190  683   -1
1189  772   -1
1189  795   -1
1191  492   -1
1190  820   -1
1194  691   -1
1195  803   -1
1196  1606  -1
1198  680   -1
1199  685   -1
1200  488   -1
1201  354   -1
1201  819   -1
1201  1581  -1
1202  800   -1
1203  728   -1
1204  867   -1
1205  362   -1
1206  817   -1
1208  763   -1
1210  872   -1
1211  496   -1
1211  825   -1
1218  1605  -1
1215  746   -1
1216  513   -1
1216  789   -1
1215  804   -1
1216  388   -1
1218  822   -1
1217  819   -1
1217  1596  -1
1220  1596  -1
1220  368   -1
1222  745   -1
1222  360   -1
1222  1591  -1
1224  1593  -1
1224  1621  -1
1226  774   -1
1228  863   -1
1228  771   -1
1230  367   -1
1230  510   -1
1230  808   -1
1232  520   -1
1232  375   -1
1235  396   -1
1240  1629  -1
1242  495   -1
1243  389   -1
1245  1617  -1
1247  395   -1
1251  508   -1
1252  395   -1
1255  1630  -1
1253  1628  -1
1254  501   -1
1256  495   -1
1257  1615  -1
1261  506   -1
1274  400   -1
1289  405   -1
1300  1645  -1
1302  1643  -1
1296  1645  -1
1299  386   -1
1301  413   -1
1311  412   -1
1317  401   -1
1329  402   -1
1330  399   -1
1339  428   -1
1352  423   -1
1369  405   -1
1371  422   -1
1391  431   -1
1399  432   -1
1431  419   -1
1434  421   -1
1435  430   -1
1435  404   -1
1441  416   -1
1455  399   -1
1461  419   -1
1462  460   -1
1464  444   -1
1471  461   -1
1474  530   -1
1477  470   -1
1478  536   -1
1480  552   -1
1487  479   -1
1486  575   -1
1490  578   -1
1490  568   -1
1492  527   -1
1493  465   -1
1494  589   -1
1494  545   -1
1501  592   -1
1511  502   -1
1512  555   -1
1522  622   -1
1523  613   -1
1528  596   -1
1529  507   -1
1534  592   -1
1535  521   -1
1536  615   -1
1538  617   -1
1545  624   -1
1545  640   -1
1554  532   -1
1553  610   -1
1553  617   -1
1567  512   -1
1569  630   -1
1575  549   -1
1583  553   -1
1588  529   -1
1592  566   -1
1594  564   -1
1608  589   -1
1610  592   -1
1610  571   -1
1620  598   -1
1623  593   -1
1628  602   -1
1640  641   -1
1650  638   -1
1660  626   -1
1661  702   -1
1661  643   -1
1663  632   -1
1672  695   -1
1672  666   -1
1672  743   -1
1673  760   -1
1673  731   -1
1674  766   -1
1678  778   -1
1679  703   -1
1681  763   -1
1681  780   -1
1685  743   -1
1687  781   -1
1691  710   -1
1694  759   -1
1697  758   -1
1694  783   -1
1697  748   -1
1706  806   -1
1709  804   -1
1710  791   -1
1713  817   -1
1726  796   -1
1734  840   -1
1738  837   -1
1759  826   -1
1769  878   -1
1770  836   -1
1789  878   -1
387   745   0
388   744   0
394   689   1
393   690   1
461   1183  2
462   1184  2
467   83    3
467   84    3
472   1658  4
473   1658  4
482   266   5
484   266   5
528   1529  6
527   1530  6
556   112   7
556   113   7
558   816   8
553   817   8
555   816   8
557   815   8
561   893   9
560   893   9
562   894   9
570   813   10
570   811   10
585   802   11
585   801   11
628   844   12
629   845   12
633   1500  13
632   1501  13
676   1494  14
676   1496  14
693   935   15
694   934   15
727   920   16
728   919   16
754   1484  17
755   1482  17
788   1456  18
788   1457  18
796   439   19
792   438   19
794   439   19
829   1383  20
828   1382  20
1001  1485  21
1003  1485  21
1014  1374  22
1015  1372  22
1027  1202  23
1029  1202  23
1029  1133  24
1029  1131  24
1051  1154  25
1050  1155  25
1052  1153  25
1053  1094  26
1054  1092  26
1086  879   27
1085  880   27
1109  954   28
1104  953   28
1105  956   28
1105  955   28
1103  953   28
1106  953   28
1104  957   28
1108  954   28
1101  952   28
1130  823   29
1130  822   29
1130  824   29
1142  913   30
1142  914   30
1144  1557  31
1144  1556  31
1296  1662  32
1296  1663  32
1301  1665  33
1303  1665  33
1327  419   34
1327  420   34
322   390   35
324   391   35
322   388   35
339   1082  36
339   1084  36
342   400   37
343   401   37
342   399   37
341   401   37
344   399   37
353   228   38
353   228   38
355   229   38
355   231   38
353   228   38
355   229   38
355   231   38
357   232   38
353   228   38
355   228   38
355   683   39
356   681   39
357   1081  40
357   1083  40
361   1105  41
359   1105  41
364   646   42
362   645   42
362   643   42
364   646   42
365   1083  43
366   1082  43
365   1083  43
365   1082  43
368   1082  43
373   706   44
374   706   44
375   707   44
373   706   44
375   707   44
374   705   44
381   695   45
379   694   45
380   613   46
381   614   46
379   612   46
381   614   46
391   664   47
390   663   47
393   640   48
394   642   48
391   640   48
393   722   49
392   724   49
397   705   50
399   706   50
402   1127  51
404   1126  51
402   558   52
403   560   52
402   558   52
403   562   52
405   562   52
401   560   52
403   560   52
400   558   52
403   563   52
406   161   53
404   160   53
407   162   53
402   162   53
404   164   53
404   162   53
406   159   53
408   164   53
402   753   54
401   754   54
407   1106  55
406   1105  55
423   599   56
423   598   56
425   1115  57
424   1116  57
428   158   58
430   159   58
427   156   58
430   156   59
432   156   59
428   1137  60
427   1139  60
429   1137  60
430   1145  61
428   1145  61
430   1149  62
428   1149  62
432   181   63
433   179   63
438   655   64
438   654   64
439   656   64
439   551   65
439   549   65
438   552   65
440   547   65
438   1143  66
437   1144  66
439   526   67
440   527   67
446   1659  68
443   1660  68
445   1661  68
447   1657  68
441   1659  68
444   1162  69
442   1162  69
446   1139  70
445   1139  70
447   593   71
449   594   71
447   1166  72
446   1166  72
452   1145  73
453   1145  73
450   1145  73
454   1146  73
453   744   74
451   744   74
450   746   74
453   1172  75
451   1171  75
455   1171  75
453   698   76
454   696   76
455   549   77
454   547   77
456   549   77
460   652   78
459   653   78
460   755   79
462   756   79
462   1149  80
463   1149  80
468   700   81
470   699   81
464   1626  82
462   1626  82
464   1642  83
464   1642  83
465   1641  83
465   1643  83
462   1643  83
465   1641  83
462   1643  83
468   519   84
467   517   84
471   1632  85
470   1633  85
471   1633  85
471   1632  85
470   1633  85
472   1632  85
473   1632  85
470   1633  85
472   1634  85
468   1634  85
470   1156  86
469   1156  86
474   211   87
474   212   87
473   210   87
472   213   87
475   210   87
474   212   87
472   209   87
473   1178  88
473   1180  88
475   703   89
473   702   89
479   1616  90
479   1615  90
478   1615  90
479   1616  90
479   1615  90
477   1616  90
480   1614  90
479   1616  90
477   1615  90
480   1614  90
476   1617  90
478   1618  90
480   740   91
478   739   91
481   784   92
481   782   92
482   787   93
483   788   93
482   787   93
486   758   94
484   758   94
487   215   95
488   214   95
486   214   95
488   217   95
487   213   95
486   216   95
489   216   95
488   263   96
487   263   96
491   1585  97
493   1586  97
492   745   98
492   744   98
493   1581  99
495   1580  99
493   1583  99
497   1185  100
496   1183  100
504   763   101
504   763   101
507   761   101
504   763   101
508   760   101
505   763   101
507   761   101
509   762   101
504   763   101
507   763   101
508   760   101
503   762   101
506   765   101
510   761   101
499   766   102
498   766   102
510   756   103
511   757   103
498   523   104
500   523   104
499   1631  105
500   1629  105
504   1621  106
503   1620  106
501   1624  106
505   1620  106
502   1622  106
505   797   107
507   797   107
505   797   107
505   1200  108
505   1200  108
506   735   109
507   736   109
508   1599  110
510   1599  110
508   1601  110
509   1612  111
511   1611  111
518   1584  112
517   1583  112
518   1584  112
517   1583  112
518   1584  112
517   1583  112
518   1583  112
516   1583  112
515   1584  112
518   1584  112
520   1582  112
519   1542  113
518   1541  113
522   842   114
522   842   114
521   842   114
522   842   114
521   842   114
522   842   114
521   843   114
522   842   114
521   843   114
523   843   114
521   842   114
523   843   114
520   843   114
523   842   114
520   842   114
519   844   114
525   844   114
523   842   114
521   843   114
523   845   114
519   844   114
520   1564  115
518   1565  115
526   1564  116
527   1562  116
528   1569  117
530   1570  117
526   1518  118
525   1519  118
527   1517  118
528   1520  119
530   1521  119
527   795   120
528   796   120
529   794   120
528   828   121
526   828   121
529   828   121
527   267   122
528   269   122
528   757   123
529   759   123
528   940   124
529   941   124
533   781   125
533   782   125
533   781   125
533   782   125
535   782   125
533   781   125
533   780   125
535   782   125
533   782   125
532   780   125
535   782   125
531   781   125
533   782   125
532   784   125
538   783   126
539   783   126
539   784   126
538   783   126
539   783   126
541   784   126
535   853   127
535   852   127
539   1515  128
540   1515  128
539   1536  129
539   1535  129
540   1534  129
539   1536  129
539   1534  129
539   1536  129
541   1534  129
538   1535  129
539   803   130
539   803   130
539   965   131
540   964   131
541   1554  132
541   1553  132
542   947   133
542   945   133
543   1220  134
545   1220  134
548   816   135
548   816   135
548   1509  136
548   1509  136
548   1509  136
551   1509  137
555   1508  137
553   1509  137
548   867   138
549   870   138
549   867   138
548   869   138
549   790   139
549   790   139
551   902   140
549   903   140
551   1513  141
551   1513  141
558   768   142
554   768   142
557   767   142
555   767   142
553   768   142
558   768   142
555   769   142
557   763   143
557   763   143
555   886   144
556   886   144
558   1240  145
559   1242  145
557   1239  145
561   906   146
561   906   146
564   788   147
562   787   147
563   885   148
562   883   148
567   920   149
566   921   149
568   1513  150
567   1515  150
569   1511  150
568   896   151
570   896   151
571   789   152
571   789   152
572   809   153
572   809   153
575   274   154
576   272   154
575   274   154
576   272   154
575   274   154
577   272   154
574   273   154
575   275   154
577   272   154
575   272   154
577   275   154
574   273   154
578   273   154
575   275   154
574   270   154
577   271   154
578   275   154
575   814   155
573   814   155
574   297   156
576   298   156
582   291   157
581   290   157
583   290   157
582   291   157
577   291   157
581   292   157
579   288   157
584   292   157
581   290   157
577   291   157
583   290   157
583   293   157
579   288   157
579   292   157
582   289   157
577   292   157
577   289   157
584   292   157
581   292   157
580   288   157
581   845   158
579   844   158
582   847   158
581   850   159
579   850   159
582   851   159
581   818   160
581   818   160
581   1240  161
580   1239  161
581   508   162
581   508   162
584   887   163
583   889   163
583   886   163
586   836   164
586   834   164
586   806   165
587   808   165
591   795   166
590   794   166
590   797   166
591   890   167
589   889   167
592   819   168
592   819   168
591   818   168
596   283   169
597   285   169
596   1511  170
596   1509  170
598   1517  171
599   1519  171
597   1519  171
599   805   172
599   807   172
599   972   173
598   973   173
602   209   174
603   211   174
602   535   175
601   536   175
603   536   175
604   854   176
603   854   176
604   854   176
603   853   176
603   854   176
604   854   176
603   853   176
604   854   176
603   853   176
604   854   176
603   853   176
604   854   176
603   853   176
606   854   176
603   854   176
602   853   176
606   855   176
604   853   176
601   853   176
606   854   176
602   855   176
604   853   176
605   856   176
601   853   176
603   856   176
606   854   176
602   807   177
603   806   177
603   974   178
602   975   178
606   1500  179
606   1498  179
607   1496  179
604   1500  179
606   1519  180
606   1519  180
613   828   181
612   829   181
614   513   182
613   512   182
616   1512  183
618   1511  183
616   1513  183
617   828   184
618   827   184
619   975   185
619   975   185
623   886   186
622   886   186
624   1492  187
623   1490  187
625   318   188
625   318   188
626   320   188
623   316   189
621   315   189
629   293   190
631   293   190
629   848   191
629   849   191
631   1510  192
633   1510  192
630   1510  192
634   1507  193
633   1505  193
635   1505  193
631   854   194
633   854   194
643   1499  195
645   1499  195
639   900   196
637   900   196
639   1485  197
641   1485  197
643   326   198
642   325   198
643   328   198
642   1030  199
641   1031  199
645   510   200
645   510   200
646   517   201
645   515   201
645   517   201
648   1480  202
649   1479  202
651   871   203
649   872   203
655   912   204
656   912   204
658   873   205
660   873   205
656   872   205
659   358   206
659   357   206
666   1483  207
665   1484  207
666   1483  207
665   1484  207
668   1482  207
665   1484  207
668   1483  207
663   1487  208
661   1486  208
662   1489  208
659   1485  208
664   1487  208
658   1493  209
658   1495  209
666   526   210
665   527   210
667   386   211
666   384   211
666   1065  212
668   1064  212
668   892   213
671   893   213
670   893   213
669   917   214
669   917   214
669   917   214
669   917   214
668   918   214
670   1078  215
671   1076  215
670   1078  215
672   1055  216
673   1053  216
675   1478  217
676   1479  217
684   931   218
686   932   218
683   1472  219
685   1472  219
685   888   220
685   888   220
686   1069  221
687   1069  221
684   1069  221
687   1501  222
687   1500  222
691   1505  223
688   1504  223
687   1506  223
690   1505  223
687   914   224
688   914   224
691   1488  225
691   1488  225
691   1488  225
691   1488  225
691   1488  225
691   1488  225
691   1488  225
691   1488  225
692   1488  225
691   1487  225
690   1488  225
692   1488  225
692   1487  225
690   1488  225
692   1487  225
690   1488  225
692   1488  225
690   1488  225
692   1487  225
694   1490  225
690   1488  225
694   1488  225
689   1489  225
694   1490  225
692   1487  225
695   1487  225
691   1491  226
691   1491  226
691   1491  226
691   1491  226
691   1491  226
691   1080  227
689   1080  227
694   367   228
694   365   228
696   373   229
695   375   229
699   938   230
698   936   230
696   937   230
698   940   230
697   1471  231
696   1472  231
700   899   232
699   899   232
700   513   233
700   514   233
703   1095  234
705   1095  234
704   1480  235
703   1479  235
705   1479  235
707   268   236
706   270   236
708   266   236
711   942   237
709   942   237
710   940   237
714   384   238
713   383   238
713   1093  239
714   1093  239
714   1321  240
712   1321  240
714   918   241
714   918   241
722   1472  242
720   1473  242
718   1472  242
724   1472  242
716   480   243
716   478   243
716   1107  244
715   1107  244
719   1492  245
720   1491  245
720   1492  245
716   1492  246
716   1493  246
717   922   247
717   922   247
723   522   248
721   522   248
723   497   249
725   498   249
726   915   250
726   915   250
725   1114  251
726   1113  251
727   505   252
728   505   252
729   929   253
728   929   253
734   1473  254
734   1473  254
735   1469  255
733   1470  255
737   1470  255
739   1122  256
741   1123  256
740   1353  257
740   1353  257
739   481   258
739   481   258
746   508   259
745   510   259
747   1486  260
745   1486  260
748   1487  260
744   1486  260
747   1482  261
746   1483  261
748   941   262
750   940   262
747   942   262
749   926   263
749   926   263
750   926   263
749   926   263
749   925   263
751   926   263
748   924   263
751   1356  264
749   1355  264
752   1468  265
754   1468  265
753   945   266
754   946   266
770   1472  267
770   1471  267
770   1472  267
768   1472  267
768   1468  268
768   1468  268
768   1468  268
765   1466  269
765   1464  269
766   1480  270
768   1481  270
766   1360  271
769   1358  271
767   1359  271
766   1487  272
768   1488  272
768   512   273
769   513   273
770   945   274
772   944   274
773   1463  275
772   1464  275
772   488   276
774   487   276
774   459   277
775   457   277
778   1470  278
779   1469  278
781   1477  279
779   1478  279
783   466   280
783   466   280
783   468   280
786   436   281
786   436   281
790   1461  282
788   1460  282
790   1461  282
790   423   283
790   425   283
791   1478  284
789   1477  284
795   938   285
793   939   285
796   965   286
797   964   286
800   1484  287
798   1484  287
797   956   288
796   955   288
800   387   289
800   387   289
802   1477  290
802   1477  290
803   1465  291
802   1467  291
806   1451  292
804   1454  292
805   1452  292
807   931   293
806   930   293
809   438   294
809   440   294
807   1481  295
807   1483  295
809   1483  295
815   975   296
814   976   296
815   1382  297
814   1382  297
816   408   298
816   406   298
818   1389  299
819   1389  299
817   425   300
817   425   300
822   1466  301
821   1465  301
818   1466  302
817   1464  302
820   1476  303
818   1477  303
820   1475  303
820   1447  304
822   1446  304
824   826   305
825   827   305
824   310   306
824   312   306
828   1448  307
829   1448  307
825   1446  308
826   1445  308
827   965   309
827   965   309
828   404   310
828   403   310
830   394   311
829   392   311
832   813   312
833   814   312
834   1467  313
836   1468  313
841   1443  314
841   1443  314
845   1474  315
844   1472  315
844   1476  315
845   1447  316
847   1447  316
844   1449  316
846   1414  317
846   1414  317
844   1452  318
846   1453  318
847   841   319
846   842   319
849   1464  320
850   1462  320
853   884   321
852   883   321
854   1409  322
853   1410  322
855   671   323
856   670   323
856   908   324
855   908   324
856   872   325
856   872   325
861   683   326
859   683   326
861   893   327
862   894   327
862   949   328
863   950   328
863   1440  329
863   1438  329
868   864   330
868   863   330
868   909   331
869   910   331
868   943   332
868   942   332
869   1417  333
871   1418  333
870   1405  334
872   1405  334
872   1412  335
872   1413  335
870   1899  336
870   1897  336
872   786   337
872   787   337
871   913   338
873   913   338
871   964   339
871   965   339
877   723   340
876   725   340
872   725   340
878   722   340
874   726   340
873   1433  341
873   1435  341
873   1432  341
874   1466  342
873   1464  342
874   837   343
876   836   343
873   837   343
878   868   344
879   867   344
882   878   345
882   877   345
882   878   345
881   829   346
882   829   346
885   815   347
884   814   347
885   844   348
886   844   348
887   1432  349
885   1433  349
888   1437  350
886   1438  350
894   849   351
895   850   351
897   849   351
894   849   351
895   961   352
895   961   352
896   1429  353
897   1429  353
900   805   354
901   805   354
902   740   355
902   739   355
902   740   355
904   1417  356
903   1415  356
912   1416  357
910   1415  357
911   1422  358
909   1423  358
911   937   359
912   938   359
913   807   360
912   806   360
912   960   361
913   959   361
914   787   362
913   787   362
915   180   363
916   181   363
914   180   363
918   1442  364
918   1442  364
920   1447  364
919   1442  364
919   1446  364
918   1442  364
920   1447  364
919   1446  364
919   1442  364
916   1442  364
920   1447  364
917   1443  364
920   1443  364
919   1446  364
916   1442  364
919   1442  364
921   1443  364
919   1448  364
916   1443  364
920   1447  364
921   1441  364
918   1442  364
918   1445  364
921   1443  364
916   1441  364
921   1447  364
924   1450  365
924   1449  365
923   1451  365
917   714   366
918   715   366
919   961   367
920   963   367
918   961   367
921   963   367
922   1409  368
921   1410  368
927   758   369
927   757   369
930   981   370
930   982   370
930   1432  371
931   1432  371
931   1405  372
931   1405  372
935   1463  373
935   1463  373
938   777   374
938   777   374
940   945   375
941   947   375
938   945   375
938   1424  376
939   1423  376
943   821   377
942   820   377
943   973   378
942   973   378
945   1423  379
947   1424  379
944   825   380
945   826   380
946   1457  381
944   1457  381
950   840   382
956   840   382
952   839   382
951   841   382
955   841   382
958   841   382
953   842   382
946   839   383
947   839   383
946   1428  384
947   1428  384
950   1475  385
950   1475  385
949   1474  385
946   975   386
947   975   386
949   988   387
950   988   387
952   1467  388
950   1468  388
952   1467  388
950   744   389
950   744   389
950   831   390
951   831   390
952   1456  391
952   1456  391
953   828   392
954   828   392
953   972   393
953   973   393
956   739   394
955   739   394
956   1400  395
958   1399  395
955   1401  395
960   1398  395
958   1395  396
960   1394  396
958   1419  397
960   1419  397
964   993   398
964   993   398
960   993   399
961   992   399
960   994   399
961   956   400
961   955   400
963   1410  401
961   1409  401
964   1416  402
965   1417  402
963   704   403
964   705   403
965   809   404
963   809   404
967   1372  405
967   1372  405
967   655   406
967   655   406
971   753   407
970   754   407
970   823   408
971   824   408
972   1487  409
970   1487  409
972   1405  410
973   1407  410
972   1403  410
974   965   411
974   965   411
976   1471  412
978   1472  412
974   1470  412
977   790   413
975   790   413
977   812   414
977   814   414
977   819   415
976   817   415
977   1404  416
976   1406  416
979   1482  417
977   1481  417
979   1482  417
982   959   418
984   960   418
981   961   418
980   960   418
985   959   418
983   1376  419
983   1375  419
983   1376  419
983   1375  419
983   1376  419
983   1375  419
983   1376  419
984   1375  419
983   1376  419
984   1375  419
983   1376  419
984   1375  419
982   1376  419
984   1375  419
982   1376  419
984   1375  419
982   1376  419
984   1375  419
982   1376  419
984   1375  419
982   1376  419
984   1375  419
982   1377  419
984   1375  419
982   1377  419
983   1375  419
981   1375  419
983   1377  419
981   1378  419
984   1375  419
980   1376  419
982   1378  419
984   1375  419
981   1375  419
983   1379  419
980   1377  419
982   1374  419
986   1378  420
987   1377  420
982   620   421
984   620   421
981   620   421
984   619   421
985   699   422
985   699   422
985   974   423
986   974   423
986   1004  424
985   1003  424
987   1357  425
987   1357  425
987   1354  425
986   1355  425
987   1483  426
988   1483  426
986   1483  426
987   711   427
988   711   427
995   622   428
994   622   428
996   1364  429
995   1365  429
997   1364  429
999   974   430
1000  976   430
999   1387  431
998   1386  431
1005  1499  432
1005  1499  432
1002  1497  432
1005  1499  432
1002  1498  432
1005  1500  432
1004  1498  432
1001  1497  432
1007  1499  432
1005  1496  432
1003  1497  432
1005  1500  432
1002  1496  432
1007  1499  432
1005  1496  432
1002  1498  432
1005  1500  432
1008  1498  432
1004  1498  432
1004  1493  433
1004  1493  433
1005  1493  433
1004  1492  433
1003  1493  433
1003  792   434
1002  793   434
1003  1012  435
1003  1012  435
1004  1332  436
1008  1332  436
1010  1332  436
1006  1333  436
1011  1330  436
1005  1326  437
1003  1325  437
1004  1379  438
1004  1379  438
1005  772   439
1004  773   439
1006  706   440
1005  705   440
1006  997   441
1008  996   441
1007  1009  442
1006  1009  442
1006  1368  443
1008  1369  443
1007  567   444
1008  567   444
1009  580   445
1008  579   445
1009  977   446
1009  975   446
1009  978   446
1010  989   447
1008  989   447
1010  1351  448
1012  1351  448
1012  1354  449
1010  1355  449
1014  1361  450
1012  1361  450
1015  1361  450
1015  1306  451
1014  1306  451
1018  1003  452
1019  1003  452
1018  1003  452
1019  1004  452
1020  1006  452
1019  673   453
1019  673   453
1018  670   454
1017  671   454
1019  1147  455
1021  1146  455
1020  1148  455
1018  1021  456
1020  1022  456
1019  1168  457
1019  1168  457
1020  1334  458
1020  1334  458
1020  1334  458
1020  1334  458
1020  1334  458
1020  1334  458
1020  1334  458
1020  537   459
1020  539   459
1021  1117  460
1020  1118  460
1023  703   461
1024  703   461
1023  1358  462
1023  1358  462
1025  1190  463
1026  1193  463
1025  1192  463
1024  1293  464
1026  1293  464
1025  994   465
1026  993   465
1026  1260  466
1027  1260  466
1029  1258  467
1031  1258  467
1027  1316  468
1025  1317  468
1027  1520  469
1028  1522  469
1026  1034  470
1026  1033  470
1029  1018  471
1029  1019  471
1029  1101  472
1028  1099  472
1029  1306  473
1029  1306  473
1030  1069  474
1029  1070  474
1031  1165  475
1029  1165  475
1031  1229  476
1033  1228  476
1031  1339  477
1030  1341  477
1030  1343  477
1030  1343  477
1032  1191  478
1031  1190  478
1032  1270  479
1034  1271  479
1035  1268  479
1032  1270  479
1034  1271  479
1035  1268  479
1032  1270  479
1035  1267  479
1034  1271  479
1036  1267  479
1036  1270  479
1032  1270  479
1032  1347  480
1031  1348  480
1032  676   481
1033  676   481
1033  771   482
1032  771   482
1036  1233  483
1036  1234  483
1033  1235  484
1033  1237  484
1035  1031  485
1033  1030  485
1034  1276  486
1033  1278  486
1036  716   487
1038  717   487
1036  1039  488
1035  1038  488
1036  1147  489
1037  1147  489
1037  676   490
1039  677   490
1038  1011  491
1040  1012  491
1038  1322  492
1039  1323  492
1043  1328  493
1042  1327  493
1044  1266  494
1044  1266  494
1045  1142  495
1047  1142  495
1045  1169  496
1046  1170  496
1045  1171  496
1046  1090  497
1047  1090  497
1048  1221  498
1049  1222  498
1048  1285  499
1048  1285  499
1053  1247  500
1053  1247  500
1053  1247  500
1053  1247  500
1054  1248  500
1052  1249  500
1053  1247  500
1052  1250  500
1054  1248  500
1052  1249  500
1054  1247  500
1051  1249  500
1053  1247  500
1052  1250  500
1050  1250  500
1054  1248  500
1053  1250  500
1050  819   501
1051  819   501
1050  1301  502
1050  1301  502
1051  1299  502
1051  1072  503
1050  1073  503
1050  1076  504
1052  1077  504
1052  1181  505
1050  1181  505
1053  1066  506
1051  1067  506
1054  1137  507
1053  1136  507
1054  1139  507
1055  1121  508
1053  1120  508
1055  1241  509
1054  1242  509
1055  1528  510
1057  1529  510
1057  554   511
1056  554   511
1056  1218  512
1058  1219  512
1062  1228  513
1062  1229  513
1064  1053  514
1063  1052  514
1065  991   515
1064  991   515
1067  974   516
1066  974   516
1066  982   517
1067  982   517
1066  1004  518
1067  1004  518
1072  1009  519
1071  1008  519
1074  544   520
1074  545   520
1077  932   521
1078  931   521
1080  670   522
1081  669   522
1082  674   523
1082  672   523
1086  896   524
1085  896   524
1087  1024  525
1087  1024  525
1095  892   526
1094  890   526
1095  847   527
1097  847   527
1098  888   528
1098  887   528
1098  979   529
1099  980   529
1100  1006  530
1099  1006  530
1100  1009  530
1102  1005  530
1101  1008  530
1101  1006  530
1101  1008  530
1102  1000  531
1101  1002  531
1103  1000  531
1100  997   532
1099  998   532
1104  1008  533
1104  1008  533
1101  969   534
1101  969   534
1102  968   534
1103  975   535
1103  971   535
1103  973   535
1100  1012  536
1100  1012  536
1102  849   537
1102  848   537
1119  1015  538
1119  1015  538
1119  1015  538
1120  1008  539
1120  1008  539
1118  1018  540
1118  1018  540
1112  1018  541
1106  1015  541
1111  1017  541
1108  1014  541
1110  1015  541
1114  1015  542
1114  1015  542
1120  1011  543
1115  1012  543
1118  1011  543
1116  1010  543
1110  1011  544
1110  1011  544
1105  938   545
1105  937   545
1106  828   546
1107  828   546
1108  979   547
1106  979   547
1108  834   548
1107  834   548
1107  927   549
1108  928   549
1110  964   550
1110  964   550
1111  501   551
1111  502   551
1111  501   551
1111  504   551
1111  501   551
1110  1556  552
1111  1555  552
1115  975   553
1113  974   553
1116  975   553
1112  981   554
1110  982   554
1113  514   555
1114  515   555
1112  752   556
1112  753   556
1118  992   557
1118  992   557
1118  992   557
1118  995   557
1119  996   557
1118  992   557
1117  996   557
1119  996   557
1118  992   557
1116  994   557
1118  995   557
1119  992   557
1119  996   557
1116  994   557
1118  992   557
1117  996   557
1119  992   557
1116  993   557
1119  996   557
1117  996   557
1116  994   557
1119  992   557
1119  997   557
1116  993   557
1120  995   557
1117  996   557
1118  992   557
1119  997   557
1119  992   557
1116  994   557
1120  995   557
1113  994   557
1117  996   557
1116  993   557
1119  992   557
1119  997   557
1116  996   557
1119  994   557
1113  994   557
1118  998   557
1120  995   557
1115  993   557
1118  992   557
1112  993   557
1114  996   557
1118  995   557
1121  992   557
1115  980   558
1114  979   558
1118  924   559
1116  925   559
1119  954   560
1120  953   560
1119  954   560
1120  953   560
1119  954   560
1120  953   560
1119  954   560
1120  953   560
1119  952   560
1119  954   560
1119  952   560
1119  954   560
1121  953   560
1119  952   560
1118  955   560
1122  952   560
1120  952   560
1118  955   560
1122  952   560
1119  954   560
1119  952   560
1121  953   560
1118  955   560
1119  951   560
1122  952   560
1120  951   560
1118  955   560
1118  952   560
1121  953   560
1119  954   560
1121  951   560
1122  954   560
1118  952   560
1118  955   560
1122  952   560
1119  951   560
1122  954   560
1118  956   560
1121  950   560
1116  953   560
1119  954   560
1116  956   560
1123  951   560
1118  952   560
1122  954   560
1125  953   561
1125  954   561
1118  838   562
1118  839   562
1119  910   563
1118  910   563
1119  912   563
1119  908   563
1120  920   564
1120  920   564
1122  921   564
1122  827   565
1123  827   565
1123  873   566
1124  874   566
1124  964   567
1123  964   567
1124  964   567
1123  1006  568
1125  1006  568
1126  1552  569
1124  1551  569
1127  808   570
1126  807   570
1127  979   571
1125  980   571
1131  938   572
1130  939   572
1129  849   573
1129  849   573
1133  869   574
1132  867   574
1136  869   574
1131  870   574
1134  868   574
1132  929   575
1132  929   575
1132  929   575
1130  930   575
1134  928   575
1133  895   576
1135  894   576
1132  894   576
1133  896   576
1132  922   577
1134  923   577
1138  898   578
1139  897   578
1138  898   578
1136  903   579
1138  902   579
1134  902   579
1140  920   580
1140  920   580
1138  919   580
1140  917   581
1139  916   581
1139  860   582
1140  859   582
1140  925   583
1140  927   583
1143  544   584
1144  545   584
1143  839   585
1142  841   585
1143  609   586
1144  607   586
1145  640   587
1144  640   587
1145  568   588
1145  569   588
1146  818   589
1145  820   589
1149  902   590
1147  901   590
1148  848   591
1149  850   591
1149  772   592
1149  772   592
1150  888   593
1149  888   593
1150  1564  594
1149  1565  594
1150  579   595
1151  580   595
1150  912   596
1150  912   596
1150  645   597
1151  645   597
1157  895   598
1157  895   598
1158  885   599
1160  886   599
1159  612   600
1158  613   600
1161  710   601
1161  711   601
1165  1567  602
1167  1568  602
1163  492   603
1164  492   603
1164  622   604
1166  621   604
1163  623   604
1165  623   604
1167  635   605
1166  637   605
1168  782   606
1166  783   606
1168  705   607
1168  705   607
1169  861   608
1170  860   608
1168  861   608
1171  887   609
1170  887   609
1171  504   610
1171  502   610
1171  650   611
1172  649   611
1173  830   612
1173  831   612
1173  764   613
1173  764   613
1172  788   614
1173  789   614
1175  919   615
1177  918   615
1176  897   616
1177  897   616
1176  897   616
1177  897   616
1179  741   617
1178  740   617
1180  658   618
1182  658   618
1180  657   618
1184  835   619
1183  834   619
1184  665   620
1185  664   620
1185  1578  621
1185  1578  621
1186  785   622
1187  786   622
1188  825   623
1189  826   623
1190  717   624
1189  716   624
1190  743   625
1190  742   625
1189  745   625
1192  726   626
1192  725   626
1193  890   627
1193  890   627
1194  889   627
1193  913   628
1192  913   628
1195  762   629
1196  762   629
1195  793   630
1194  793   630
1197  706   631
1197  706   631
1196  706   631
1200  714   632
1200  715   632
1199  713   632
1201  715   632
1201  510   633
1201  510   633
1203  696   634
1204  696   634
1207  942   635
1206  940   635
1205  939   635
1208  943   635
1213  509   636
1213  509   636
1214  1601  637
1213  1600  637
1215  1603  637
1214  1601  637
1215  1604  637
1214  1599  637
1213  1603  637
1216  1602  637
1220  756   638
1221  755   638
1234  506   639
1236  506   639
1237  507   639
1239  1622  640
1241  1623  640
1250  380   641
1250  380   641
1260  497   642
1260  499   642
1268  379   643
1269  380   643
1273  1624  644
1272  1624  644
1274  1623  644
1272  1624  644
1274  1623  644
1273  1626  644
1271  1623  644
1275  1624  644
1276  388   645
1277  387   645
1290  492   646
1290  493   646
1300  404   647
1298  403   647
1455  402   648
1453  402   648
1487  567   649
1488  565   649
1490  563   650
1491  563   650
1494  586   651
1494  585   651
1496  563   652
1496  562   652
1497  565   652
1501  555   653
1502  553   653
1509  470   654
1510  468   654
1512  563   655
1514  562   655
1515  586   656
1517  586   656
1562  544   657
1561  545   657
1563  547   658
1562  549   658
1564  513   659
1564  514   659
1613  570   660
1612  568   660
1620  587   661
1619  589   661
1633  590   662
1633  591   662
1632  588   662
1645  621   663
1644  620   663
1644  667   664
1644  667   664
1649  656   665
1647  658   665
1647  656   665
1653  656   666
1653  658   666
1659  671   667
1658  669   667
1662  721   668
1664  722   668
1662  692   669
1664  692   669
1668  659   670
1667  660   670
1669  749   671
1667  748   671
1686  730   672
1685  731   672
1691  788   673
1690  789   673
1693  748   674
1691  747   674
1692  750   674
1693  718   675
1692  718   675
1695  792   676
1697  793   676
1709  788   677
1711  787   677
1740  827   678
1738  828   678
1760  847   679
1758  847   679