# Filename: CLN3-561nm_416_ctrl_010.tif
# Puncta radius (pixels): (1.3888888888888888, 1.3888888888888888)
# Puncta radius (nm): (150, 150)
# Cluster threshold (nm): 300
# Min puncta per cluster: 2
# Voxel size (nm): (108, 108, 200)
Y     X     CLUSTER_ID
3     1152  -1
11    1181  -1
12    1075  -1
13    1196  -1
14    1175  -1
19    455   -1
30    1152  -1
33    603   -1
37    446   -1
41    1164  -1
41    1175  -1
47    1063  -1
54    1166  -1
57    628   -1
58    1153  -1
58    1216  -1
59    458   -1
62    1079  -1
62    1160  -1
69    1073  -1
69    1094  -1
74    1073  -1
76    1081  -1
80    629   -1
83    441   -1
86    1113  -1
88    595   -1
89    1155  -1
90    1208  -1
91    1127  -1
93    1077  -1
101   1495  -1
118   623   -1
120   101   -1
123   1162  -1
131   1072  -1
136   1175  -1
137   1204  -1
142   1155  -1
143   1195  -1
152   498   -1
155   1165  -1
164   608   -1
165   1162  -1
169   1175  -1
169   1708  -1
176   1931  -1
177   1665  -1
178   445   -1
183   1172  -1
183   1593  -1
184   426   -1
191   446   -1
194   1078  -1
196   1173  -1
202   420   -1
209   495   -1
214   1498  -1
215   436   -1
215   490   -1
216   1226  -1
225   425   -1
226   397   -1
228   1099  -1
229   489   -1
229   1270  -1
230   1925  -1
231   522   -1
231   1234  -1
243   476   -1
243   486   -1
245   1966  -1
249   1828  -1
250   1449  -1
252   508   -1
256   476   -1
258   1438  -1
262   402   -1
265   164   -1
266   475   -1
271   859   -1
272   460   -1
278   1387  -1
281   889   -1
285   1809  -1
294   776   -1
324   198   -1
339   453   -1
342   1852  -1
345   224   -1
352   1863  -1
354   184   -1
356   1837  -1
357   923   -1
358   1369  -1
361   1847  -1
362   955   -1
363   1839  -1
364   901   -1
372   971   -1
373   1850  -1
377   831   -1
379   1781  -1
380   1801  -1
381   1761  -1
382   414   -1
382   1000  -1
383   213   -1
389   1751  -1
389   1853  -1
393   986   -1
393   1749  -1
395   1016  -1
395   1815  -1
396   1868  -1
398   1788  -1
399   988   -1
404   223   -1
408   1119  -1
416   1948  -1
419   1113  -1
420   569   -1
420   1211  -1
423   731   -1
426   1207  -1
432   1351  -1
434   697   -1
439   1997  -1
441   1353  -1
442   1948  -1
444   1775  -1
445   1937  -1
449   1358  -1
451   2047  -1
452   1765  -1
452   1854  -1
454   1943  -1
457   1768  -1
460   1894  -1
464   1962  -1
468   1073  -1
468   2011  -1
472   1953  -1
473   1930  -1
474   826   -1
479   1955  -1
486   1954  -1
490   1932  -1
493   1903  -1
493   1954  -1
495   665   -1
496   662   -1
496   1974  -1
497   1892  -1
499   1949  -1
500   1968  -1
500   1980  -1
502   1976  -1
504   1884  -1
506   1935  -1
506   1955  -1
509   1933  -1
509   1979  -1
512   1827  -1
512   1833  -1
516   10    -1
518   1368  -1
521   796   -1
521   1957  -1
533   1994  -1
534   1944  -1
537   795   -1
537   1969  -1
541   1188  -1
542   2007  -1
544   1389  -1
544   1950  -1
545   1928  -1
545   2012  -1
546   1961  -1
547   1478  -1
547   1824  -1
548   3     -1
549   2017  -1
551   1434  -1
551   1868  -1
553   1515  -1
555   1473  -1
555   1979  -1
556   1477  -1
556   1501  -1
558   890   -1
558   1496  -1
558   1523  -1
558   1898  -1
559   1906  -1
561   1036  -1
561   1889  -1
562   1897  -1
563   2005  -1
564   1451  -1
565   1194  -1
571   1540  -1
578   1526  -1
580   650   -1
581   1930  -1
582   860   -1
583   1855  -1
585   1876  -1
586   1770  -1
586   1976  -1
589   1891  -1
590   1540  -1
590   1858  -1
590   1955  -1
592   2000  -1
592   2009  -1
593   815   -1
595   1089  -1
597   449   -1
600   1878  -1
602   1587  -1
603   1864  -1
607   1509  -1
607   1852  -1
608   387   -1
608   1010  -1
610   1601  -1
610   1950  -1
611   819   -1
611   2032  -1
613   1521  -1
615   781   -1
615   1490  -1
616   16    -1
616   1598  -1
619   462   -1
620   1514  -1
623   742   -1
625   621   -1
628   2042  -1
634   13    -1
634   905   -1
636   1153  -1
640   1451  -1
642   1794  -1
644   832   -1
648   832   -1
649   761   -1
650   748   -1
650   972   -1
651   1608  -1
653   1084  -1
655   1459  -1
655   2046  -1
658   1898  -1
658   1923  -1
659   929   -1
660   903   -1
661   1087  -1
662   1551  -1
663   1107  -1
664   811   -1
665   1443  -1
671   1042  -1
671   1882  -1
673   973   -1
675   997   -1
676   1890  -1
677   895   -1
678   1875  -1
680   984   -1
682   1147  -1
682   1552  -1
684   624   -1
685   1102  -1
686   1025  -1
686   1072  -1
687   817   -1
687   921   -1
688   1035  -1
689   589   -1
689   1032  -1
690   1019  -1
691   1126  -1
691   1259  -1
692   883   -1
692   1866  -1
692   1895  -1
694   1115  -1
694   1804  -1
695   1422  -1
696   1153  -1
696   1899  -1
697   1903  -1
699   1813  -1
701   878   -1
702   1185  -1
703   1141  -1
705   1881  -1
706   736   -1
706   1241  -1
707   1176  -1
708   1057  -1
709   1182  -1
710   1032  -1
710   1189  -1
711   484   -1
711   1940  -1
712   994   -1
712   1871  -1
713   830   -1
713   1070  -1
715   415   -1
717   1268  -1
719   521   -1
719   823   -1
719   1914  -1
720   179   -1
720   1876  -1
721   920   -1
721   1037  -1
721   1415  -1
722   968   -1
722   1891  -1
722   1925  -1
723   529   -1
724   1090  -1
725   536   -1
725   1001  -1
725   1921  -1
728   1012  -1
731   972   -1
731   987   -1
733   1044  -1
733   1911  -1
734   1418  -1
735   1165  -1
735   1870  -1
737   1150  -1
737   1425  -1
739   1939  -1
742   1061  -1
742   1195  -1
743   804   -1
743   939   -1
743   1184  -1
743   1940  -1
745   889   -1
745   1910  -1
747   1289  -1
748   1259  -1
750   737   -1
751   851   -1
751   1953  -1
752   928   -1
754   1152  -1
755   1193  -1
756   1751  -1
756   1942  -1
758   1313  -1
759   1251  -1
759   1391  -1
759   1408  -1
760   981   -1
761   1210  -1
762   713   -1
763   1221  -1
763   1737  -1
765   1001  -1
765   1053  -1
765   1200  -1
765   1931  -1
766   1402  -1
766   1947  -1
771   81    -1
771   932   -1
772   1964  -1
773   1319  -1
774   1115  -1
774   1206  -1
774   1932  -1
775   902   -1
776   1396  -1
777   814   -1
777   1247  -1
777   1835  -1
778   916   -1
778   1178  -1
778   1285  -1
779   1920  -1
781   798   -1
783   1013  -1
783   1062  -1
783   1391  -1
784   915   -1
784   1195  -1
784   1930  -1
784   1982  -1
785   1246  -1
788   1308  -1
789   1387  -1
792   1821  -1
795   925   -1
797   823   -1
799   1995  -1
800   1245  -1
801   1336  -1
802   1254  -1
803   155   -1
803   1774  -1
803   1946  -1
804   134   -1
805   1317  -1
806   906   -1
806   1294  -1
806   1961  -1
807   156   -1
808   1338  -1
808   1343  -1
809   715   -1
809   816   -1
810   540   -1
810   1164  -1
811   984   -1
813   709   -1
813   931   -1
815   888   -1
815   1189  -1
815   1228  -1
817   1237  -1
817   1407  -1
819   1308  -1
819   1379  -1
819   1895  -1
819   1962  -1
820   1085  -1
821   1022  -1
821   1237  -1
821   1914  -1
821   2016  -1
822   777   -1
822   1969  -1
823   7     -1
823   1389  -1
824   1403  -1
824   1893  -1
825   1386  -1
825   1938  -1
826   1921  -1
827   1237  -1
827   1910  -1
828   1914  -1
831   941   -1
833   750   -1
833   1383  -1
834   1352  -1
834   1455  -1
835   1465  -1
835   1888  -1
835   1895  -1
836   9     -1
836   1259  -1
837   984   -1
838   1495  -1
841   11    -1
841   673   -1
841   1229  -1
841   1305  -1
841   1397  -1
842   1202  -1
842   1428  -1
843   808   -1
843   1054  -1
843   1409  -1
844   0     -1
844   1774  -1
844   1886  -1
845   820   -1
845   1378  -1
846   1140  -1
846   2011  -1
848   826   -1
848   1195  -1
848   2020  -1
850   1012  -1
851   906   -1
851   1377  -1
852   1165  -1
852   1235  -1
855   951   -1
855   1895  -1
856   66    -1
856   756   -1
856   892   -1
857   75    -1
857   1383  -1
858   1180  -1
858   1779  -1
859   4     -1
860   1140  -1
860   1209  -1
860   1231  -1
861   1263  -1
861   1403  -1
864   977   -1
864   1348  -1
866   1280  -1
866   1881  -1
868   1196  -1
868   1388  -1
869   662   -1
872   1432  -1
872   1881  -1
873   1094  -1
873   1776  -1
874   1427  -1
875   1396  -1
877   746   -1
877   1031  -1
878   673   -1
878   1208  -1
878   1413  -1
880   862   -1
880   1887  -1
882   1020  -1
882   1424  -1
884   9     -1
884   18    -1
884   1040  -1
884   1771  -1
887   1262  -1
890   1283  -1
891   912   -1
891   1898  -1
892   102   -1
892   1177  -1
892   1253  -1
893   681   -1
893   1382  -1
894   81    -1
894   1988  -1
895   1025  -1
896   96    -1
896   1392  -1
897   1262  -1
899   1007  -1
899   1081  -1
901   1291  -1
901   1930  -1
902   1221  -1
902   1391  -1
903   1900  -1
904   1047  -1
904   1400  -1
905   1192  -1
906   1920  -1
908   815   -1
908   1297  -1
909   129   -1
909   1935  -1
910   1886  -1
911   828   -1
912   990   -1
912   1193  -1
913   75    -1
913   1358  -1
914   762   -1
915   1292  -1
915   1396  -1
915   1916  -1
916   1185  -1
917   692   -1
917   762   -1
918   10    -1
918   1454  -1
921   1392  -1
923   584   -1
924   1240  -1
925   916   -1
927   857   -1
927   1206  -1
927   1454  -1
928   79    -1
928   1889  -1
928   1997  -1
929   735   -1
929   1045  -1
930   1392  -1
932   1234  -1
934   245   -1
934   987   -1
935   1026  -1
935   1036  -1
935   1763  -1
939   846   -1
939   1299  -1
940   1188  -1
942   252   -1
942   1893  -1
945   760   -1
946   1252  -1
947   703   -1
949   823   -1
949   1884  -1
950   874   -1
952   998   -1
952   1250  -1
954   1047  -1
955   1886  -1
956   1218  -1
956   1891  -1
958   1256  -1
960   1391  -1
960   1946  -1
961   784   -1
961   991   -1
961   1399  -1
964   1348  -1
966   1323  -1
968   1151  -1
969   1007  -1
970   1186  -1
970   1409  -1
972   1200  -1
974   564   -1
974   1091  -1
975   1264  -1
975   1921  -1
975   1929  -1
975   1982  -1
976   37    -1
976   1211  -1
976   1234  -1
977   1229  -1
977   1396  -1
980   693   -1
981   1980  -1
984   1394  -1
985   620   -1
985   1920  -1
986   607   -1
991   1932  -1
995   721   -1
995   898   -1
995   1046  -1
996   1937  -1
997   1872  -1
998   899   -1
998   1241  -1
999   1961  -1
1000  854   -1
1000  1406  -1
1000  1814  -1
1000  1983  -1
1003  1948  -1
1004  813   -1
1004  1880  -1
1005  1411  -1
1006  1977  -1
1008  1019  -1
1008  1070  -1
1008  1305  -1
1009  1400  -1
1011  1170  -1
1013  1880  -1
1014  233   -1
1015  1876  -1
1019  571   -1
1021  1296  -1
1021  1878  -1
1023  234   -1
1024  1166  -1
1026  992   -1
1026  1212  -1
1027  1881  -1
1028  1091  -1
1028  1140  -1
1029  2009  -1
1030  1225  -1
1033  853   -1
1034  1236  -1
1035  788   -1
1037  94    -1
1039  36    -1
1040  1871  -1
1040  1945  -1
1042  103   -1
1042  832   -1
1044  1306  -1
1045  1383  -1
1045  1888  -1
1046  969   -1
1047  870   -1
1047  1070  -1
1048  1860  -1
1049  828   -1
1050  1029  -1
1050  1246  -1
1052  35    -1
1053  1235  -1
1056  1170  -1
1057  840   -1
1057  1262  -1
1057  1278  -1
1059  1118  -1
1060  1269  -1
1061  595   -1
1061  1398  -1
1064  1392  -1
1066  1051  -1
1066  1875  -1
1067  1254  -1
1067  1320  -1
1068  874   -1
1069  123   -1
1069  319   -1
1070  1860  -1
1071  1853  -1
1072  1272  -1
1073  1213  -1
1073  1263  -1
1073  1883  -1
1074  0     -1
1075  804   -1
1076  1924  -1
1077  1212  -1
1077  1907  -1
1079  321   -1
1079  1930  -1
1079  1947  -1
1089  1878  -1
1092  1888  -1
1093  1056  -1
1095  1896  -1
1098  1200  -1
1098  1322  -1
1099  892   -1
1099  1876  -1
1100  1378  -1
1100  1386  -1
1101  972   -1
1103  1169  -1
1103  1887  -1
1105  1318  -1
1105  1856  -1
1108  1346  -1
1108  1889  -1
1111  1317  -1
1114  117   -1
1114  829   -1
1114  1226  -1
1114  1849  -1
1115  14    -1
1115  329   -1
1115  1869  -1
1117  1303  -1
1118  1139  -1
1122  137   -1
1122  1872  -1
1123  1381  -1
1124  1358  -1
1125  0     -1
1125  1250  -1
1126  1299  -1
1126  1844  -1
1131  1226  -1
1132  1269  -1
1134  57    -1
1134  1325  -1
1134  1852  -1
1137  14    -1
1137  1052  -1
1137  1878  -1
1140  1350  -1
1141  1074  -1
1141  1136  -1
1143  181   -1
1143  997   -1
1143  1002  -1
1144  1077  -1
1146  1180  -1
1147  1512  -1
1148  2035  -1
1150  1304  -1
1150  1717  -1
1152  1192  -1
1153  55    -1
1153  1179  -1
1154  134   -1
1154  166   -1
1155  1513  -1
1155  1980  -1
1160  1516  -1
1160  1974  -1
1161  1330  -1
1161  1866  -1
1164  175   -1
1164  855   -1
1165  132   -1
1166  1253  -1
1168  1095  -1
1168  2019  -1
1168  2024  -1
1169  1297  -1
1170  1966  -1
1171  45    -1
1172  1516  -1
1174  138   -1
1176  155   -1
1176  977   -1
1179  936   -1
1179  1110  -1
1180  973   -1
1181  1168  -1
1181  1945  -1
1182  1000  -1
1186  24    -1
1189  978   -1
1189  999   -1
1189  1048  -1
1189  1925  -1
1190  926   -1
1190  1054  -1
1192  1096  -1
1192  1193  -1
1192  1311  -1
1192  1870  -1
1192  1953  -1
1193  1270  -1
1194  1008  -1
1197  1291  -1
1197  1851  -1
1197  1907  -1
1197  1933  -1
1198  1259  -1
1199  0     -1
1199  33    -1
1199  57    -1
1199  184   -1
1200  965   -1
1201  95    -1
1202  1305  -1
1203  21    -1
1206  1891  -1
1206  1972  -1
1207  1370  -1
1209  1858  -1
1211  1323  -1
1212  74    -1
1216  1134  -1
1216  1863  -1
1218  17    -1
1218  77    -1
1219  201   -1
1221  1287  -1
1221  1897  -1
1221  1908  -1
1221  1926  -1
1222  1218  -1
1223  1857  -1
1225  44    -1
1225  1180  -1
1225  1881  -1
1227  104   -1
1227  1253  -1
1228  1489  -1
1229  1989  -1
1230  31    -1
1230  192   -1
1230  1296  -1
1230  1910  -1
1231  1140  -1
1231  1876  -1
1231  1993  -1
1232  1892  -1
1233  1184  -1
1234  1982  -1
1236  149   -1
1236  1221  -1
1236  1310  -1
1241  101   -1
1242  127   -1
1242  155   -1
1245  1306  -1
1245  1981  -1
1245  2038  -1
1246  1483  -1
1248  2026  -1
1250  1279  -1
1252  118   -1
1252  1853  -1
1254  648   -1
1254  1254  -1
1255  1952  -1
1257  126   -1
1257  1007  -1
1258  1148  -1
1258  1973  -1
1259  1275  -1
1259  2038  -1
1260  116   -1
1261  239   -1
1262  566   -1
1263  1943  -1
1263  1971  -1
1263  1991  -1
1264  661   -1
1264  1805  -1
1266  179   -1
1266  675   -1
1267  1823  -1
1267  2026  -1
1268  1022  -1
1269  1989  -1
1270  125   -1
1271  1830  -1
1272  551   -1
1272  1120  -1
1272  1346  -1
1273  1020  -1
1273  1978  -1
1275  1329  -1
1276  1860  -1
1277  700   -1
1278  1811  -1
1281  238   -1
1281  1994  -1
1282  216   -1
1282  2011  -1
1283  2032  -1
1284  50    -1
1284  230   -1
1284  1647  -1
1284  1965  -1
1285  150   -1
1287  362   -1
1288  170   -1
1288  1981  -1
1289  163   -1
1289  1198  -1
1290  262   -1
1293  601   -1
1294  110   -1
1296  156   -1
1297  258   -1
1297  2007  -1
1298  1943  -1
1298  2041  -1
1300  60    -1
1300  1200  -1
1302  250   -1
1303  370   -1
1308  362   -1
1308  2034  -1
1310  678   -1
1310  1966  -1
1313  242   -1
1314  1760  -1
1315  1971  -1
1317  608   -1
1320  624   -1
1321  633   -1
1323  1959  -1
1324  1395  -1
1324  1772  -1
1326  542   -1
1327  1967  -1
1328  1875  -1
1329  1625  -1
1331  667   -1
1331  1010  -1
1334  276   -1
1336  1867  -1
1336  1956  -1
1338  148   -1
1340  1988  -1
1341  281   -1
1341  1759  -1
1343  1386  -1
1350  1962  -1
1354  1141  -1
1356  63    -1
1358  1893  -1
1358  1980  -1
1358  1996  -1
1360  81    -1
1360  1357  -1
1361  1867  -1
1363  160   -1
1363  1963  -1
1364  1345  -1
1367  176   -1
1367  1879  -1
1367  1959  -1
1372  159   -1
1372  177   -1
1374  2011  -1
1375  2003  -1
1377  1838  -1
1377  1890  -1
1383  368   -1
1384  343   -1
1385  1872  -1
1386  2012  -1
1387  1826  -1
1388  109   -1
1390  1614  -1
1390  1877  -1
1395  1083  -1
1401  2014  -1
1404  1141  -1
1405  2005  -1
1410  63    -1
1410  1831  -1
1411  129   -1
1416  366   -1
1417  142   -1
1418  263   -1
1419  156   -1
1424  310   -1
1427  2043  -1
1428  136   -1
1428  1877  -1
1428  1911  -1
1431  268   -1
1432  353   -1
1434  223   -1
1434  236   -1
1440  1356  -1
1441  1852  -1
1446  1331  -1
1447  312   -1
1447  1212  -1
1450  1885  -1
1450  2002  -1
1452  119   -1
1452  1768  -1
1454  1789  -1
1460  1602  -1
1461  1898  -1
1462  1275  -1
1467  1785  -1
1467  1883  -1
1468  1877  -1
1472  1926  -1
1473  126   -1
1473  793   -1
1473  1860  -1
1473  1870  -1
1476  1852  -1
1477  1866  -1
1479  2007  -1
1482  1779  -1
1483  1854  -1
1484  2018  -1
1486  791   -1
1486  1838  -1
1487  1605  -1
1490  792   -1
1492  1845  -1
1493  2030  -1
1494  1254  -1
1498  1837  -1
1499  307   -1
1501  340   -1
1504  501   -1
1507  1258  -1
1511  1814  -1
1513  1802  -1
1514  1809  -1
1517  1600  -1
1522  1809  -1
1523  336   -1
1524  1792  -1
1525  542   -1
1531  303   -1
1532  147   -1
1532  778   -1
1532  1599  -1
1541  1069  -1
1544  1774  -1
1545  1794  -1
1546  1936  -1
1547  543   -1
1547  1276  -1
1553  1181  -1
1553  1920  -1
1565  1757  -1
1568  506   -1
1571  1112  -1
1574  536   -1
1578  1577  -1
1580  767   -1
1585  605   -1
1587  615   -1
1589  1905  -1
1594  1587  -1
1596  555   -1
1598  1287  -1
1601  1581  -1
1606  297   -1
1612  529   -1
1612  1898  -1
1617  536   -1
1619  1731  -1
1624  1275  -1
1625  1743  -1
1627  624   -1
1628  1198  -1
1630  311   -1
1631  623   -1
1633  606   -1
1637  1563  -1
1639  518   -1
1642  541   -1
1642  1571  -1
1642  1856  -1
1643  546   -1
1643  566   -1
1643  582   -1
1644  616   -1
1646  1345  -1
1647  2005  -1
1651  1265  -1
1655  1845  -1
1656  748   -1
1656  1856  -1
1658  340   -1
1658  1726  -1
1660  289   -1
1663  342   -1
1669  632   -1
1669  1074  -1
1670  619   -1
1670  1711  -1
1672  566   -1
1673  349   -1
1673  1044  -1
1674  1260  -1
1675  1722  -1
1675  1826  -1
1677  554   -1
1677  1553  -1
1678  589   -1
1678  1025  -1
1681  1058  -1
1686  241   -1
1686  1030  -1
1687  543   -1
1687  1049  -1
1688  628   -1
1688  1055  -1
1688  1265  -1
1688  2006  -1
1690  1935  -1
1691  591   -1
1691  1032  -1
1691  1065  -1
1691  1708  -1
1692  1258  -1
1695  1025  -1
1696  994   -1
1697  1796  -1
1700  635   -1
1700  1041  -1
1700  1731  -1
1702  1704  -1
1704  1810  -1
1705  613   -1
1705  994   -1
1706  1712  -1
1708  1258  -1
1709  1548  -1
1709  1557  -1
1710  582   -1
1712  670   -1
1713  1006  -1
1713  1795  -1
1714  1016  -1
1715  1941  -1
1716  524   -1
1717  655   -1
1720  508   -1
1721  600   -1
1722  579   -1
1723  1735  -1
1723  1750  -1
1726  1784  -1
1728  780   -1
1728  1168  -1
1729  1253  -1
1730  1721  -1
1731  1544  -1
1731  1731  -1
1734  799   -1
1735  1257  -1
1735  1559  -1
1740  559   -1
1740  1154  -1
1746  1256  -1
1746  1555  -1
1752  1758  -1
1754  1093  -1
1755  1754  -1
1756  1139  -1
1757  1264  -1
1758  1026  -1
1761  999   -1
1762  1731  -1
1766  1023  -1
1769  661   -1
1771  1255  -1
1773  1543  -1
1774  456   -1
1780  666   -1
1782  1252  -1
1783  1034  -1
1784  1117  -1
1785  1019  -1
1786  1640  -1
1789  661   -1
1791  554   -1
1791  567   -1
1792  672   -1
1795  1103  -1
1798  560   -1
1800  1107  -1
1801  557   -1
1801  1012  -1
1801  1242  -1
1802  1233  -1
1807  649   -1
1808  658   -1
1814  560   -1
1820  1111  -1
1826  648   -1
1826  1558  -1
1828  1032  -1
1828  1484  -1
1832  1656  -1
1834  540   -1
1840  1448  -1
1841  656   -1
1842  823   -1
1851  1691  -1
1853  525   -1
1854  1694  -1
1859  1039  -1
1859  1690  -1
1862  1617  -1
1864  1088  -1
1866  1517  -1
1877  1087  -1
1878  1544  -1
1879  1690  -1
1880  1054  -1
1881  1532  -1
1884  1037  -1
1885  1053  -1
1887  1034  -1
1887  1624  -1
1890  1524  -1
1891  1548  -1
1892  1614  -1
1898  1077  -1
1898  1093  -1
1898  1449  -1
1899  1085  -1
1900  1528  -1
1906  1074  -1
1909  523   -1
1915  1560  -1
1930  1533  -1
1931  1062  -1
1931  1101  -1
1933  642   -1
1936  1040  -1
1944  1538  -1
1946  1047  -1
1946  1579  -1
1969  1773  -1
1974  1611  -1
1975  506   -1
1989  470   -1
1997  1602  -1
2001  1755  -1
2006  1433  -1
2021  1385  -1
2031  1432  -1
2034  766   -1
2034  1638  -1
2040  1451  -1
2047  726   -1
7     1193  -1
180   1958  -1
240   849   -1
280   456   -1
318   1102  -1
324   818   -1
331   920   -1
331   933   -1
334   947   -1
338   915   -1
346   909   -1
347   1038  -1
359   974   -1
369   964   -1
381   927   -1
386   579   -1
391   822   -1
396   582   -1
405   997   -1
407   801   -1
413   676   -1
423   559   -1
425   996   -1
434   1228  -1
439   1096  -1
438   1771  -1
442   1202  -1
442   1106  -1
443   754   -1
454   802   -1
454   814   -1
457   1090  -1
470   662   -1
471   1344  -1
480   1060  -1
485   1967  -1
487   781   -1
487   795   -1
490   650   -1
500   817   -1
504   1346  -1
513   807   -1
516   1054  -1
524   661   -1
528   900   -1
530   1940  -1
537   1192  -1
540   1034  -1
542   1489  -1
543   1394  -1
544   454   -1
548   1381  -1
549   1461  -1
555   840   -1
561   766   -1
566   818   -1
566   830   -1
566   518   -1
568   520   -1
567   1652  -1
574   848   -1
574   1592  -1
577   825   -1
577   836   -1
577   1167  -1
583   1183  -1
586   1183  -1
590   857   -1
590   955   -1
595   1170  -1
600   653   -1
603   779   -1
604   1626  -1
607   524   -1
609   526   -1
610   523   -1
605   526   -1
605   831   -1
611   996   -1
615   944   -1
623   755   -1
627   650   -1
632   627   -1
634   1535  -1
636   1160  -1
639   1463  -1
641   459   -1
641   1138  -1
645   982   -1
647   951   -1
650   676   -1
650   813   -1
652   950   -1
659   1131  -1
660   488   -1
662   1012  -1
662   1544  -1
664   1069  -1
667   900   -1
668   985   -1
673   1548  -1
676   1136  -1
679   973   -1
680   1233  -1
682   961   -1
683   1045  -1
687   1882  -1
692   1132  -1
692   1196  -1
695   539   -1
698   989   -1
699   1139  -1
701   583   -1
701   892   -1
704   1279  -1
706   1149  -1
708   1271  -1
708   1199  -1
710   564   -1
710   973   -1
710   1921  -1
714   756   -1
715   1005  -1
719   743   -1
718   900   -1
721   1163  -1
723   1570  -1
725   989   -1
725   522   -1
732   1216  -1
733   1001  -1
736   881   -1
736   866   -1
736   949   -1
739   880   -1
740   931   -1
741   539   -1
740   1446  -1
747   725   -1
747   729   -1
747   1405  -1
749   936   -1
749   1408  -1
749   538   -1
749   861   -1
749   1014  -1
751   934   -1
750   1395  -1
753   1014  -1
755   868   -1
756   1225  -1
758   929   -1
761   1087  -1
764   1108  -1
765   917   -1
769   1027  -1
771   1400  -1
775   1404  -1
770   1389  -1
771   1748  -1
772   1039  -1
774   1225  -1
778   932   -1
778   1408  -1
779   1318  -1
779   1387  -1
781   348   -1
786   1326  -1
787   1275  -1
792   874   -1
794   1389  -1
794   1399  -1
794   1052  -1
795   955   -1
800   1766  -1
802   716   -1
802   799   -1
801   922   -1
803   892   -1
805   1156  -1
804   1758  -1
806   844   -1
807   951   -1
808   691   -1
809   1353  -1
810   854   -1
811   905   -1
812   821   -1
813   1080  -1
813   1393  -1
815   943   -1
816   1233  -1
817   1360  -1
818   848   -1
819   822   -1
821   861   -1
819   859   -1
822   1288  -1
824   1237  -1
827   936   -1
829   537   -1
829   1103  -1
829   1258  -1
831   956   -1
834   681   -1
835   943   -1
837   789   -1
837   779   -1
838   1142  -1
838   1488  -1
838   1383  -1
840   1322  -1
840   1338  -1
840   65    -1
840   1248  -1
842   902   -1
843   1382  -1
844   888   -1
846   955   -1
845   568   -1
846   1145  -1
849   1300  -1
850   1133  -1
849   1217  -1
851   1175  -1
852   550   -1
851   1226  -1
852   901   -1
852   1151  -1
853   1323  -1
858   1212  -1
859   1286  -1
860   940   -1
862   1178  -1
864   1255  -1
865   907   -1
869   1783  -1
869   849   -1
874   1336  -1
876   1255  -1
878   1224  -1
882   957   -1
879   1184  -1
879   1390  -1
881   1031  -1
881   737   -1
883   1036  -1
883   1264  -1
886   960   -1
888   917   -1
890   724   -1
890   1407  -1
893   822   -1
894   696   -1
893   971   -1
894   1401  -1
896   235   -1
897   22    -1
896   941   -1
899   1405  -1
902   1781  -1
902   123   -1
903   813   -1
903   1277  -1
903   1385  -1
903   1053  -1
906   778   -1
907   754   -1
907   1381  -1
910   774   -1
910   958   -1
910   240   -1
913   1007  -1
913   1376  -1
914   1336  -1
919   166   -1
918   699   -1
919   731   -1
918   920   -1
919   1214  -1
919   1411  -1
920   918   -1
922   1139  -1
924   797   -1
924   808   -1
926   1403  -1
926   783   -1
928   1149  -1
928   1357  -1
930   604   -1
931   821   -1
931   1223  -1
932   1316  -1
931   1931  -1
935   1344  -1
935   798   -1
935   848   -1
938   1244  -1
941   833   -1
941   1111  -1
940   1151  -1
943   860   -1
942   1215  -1
945   980   -1
945   1113  -1
945   1242  -1
945   1172  -1
946   1187  -1
947   853   -1
951   688   -1
951   798   -1
950   1132  -1
951   77    -1
953   714   -1
953   953   -1
954   1190  -1
956   1098  -1
955   1397  -1
957   827   -1
958   963   -1
960   700   -1
960   1140  -1
964   583   -1
964   691   -1
966   796   -1
966   1221  -1
966   865   -1
968   1176  -1
968   704   -1
968   861   -1
969   867   -1
971   245   -1
974   642   -1
973   1120  -1
975   624   -1
975   1024  -1
976   711   -1
977   824   -1
977   1150  -1
977   1178  -1
976   1276  -1
977   1387  -1
977   577   -1
979   1266  -1
981   836   -1
981   1390  -1
982   83    -1
982   1265  -1
983   1321  -1
983   1405  -1
984   583   -1
984   1048  -1
985   1159  -1
987   1137  -1
990   625   -1
990   234   -1
992   580   -1
993   784   -1
994   601   -1
996   986   -1
997   644   -1
998   1166  -1
997   1272  -1
999   877   -1
999   1141  -1
1000  610   -1
1000  782   -1
1000  250   -1
1000  618   -1
1001  722   -1
1001  1392  -1
1002  1226  -1
1003  773   -1
1004  1159  -1
1005  1405  -1
1008  1226  -1
1011  747   -1
1013  1676  -1
1014  1098  -1
1016  1040  -1
1018  934   -1
1018  1310  -1
1021  934   -1
1022  105   -1
1023  227   -1
1022  1220  -1
1024  839   -1
1025  1251  -1
1025  766   -1
1026  1308  -1
1027  1237  -1
1027  1179  -1
1027  1276  -1
1029  239   -1
1031  763   -1
1030  844   -1
1031  789   -1
1031  1076  -1
1034  1197  -1
1034  1388  -1
1037  332   -1
1039  1306  -1
1039  1313  -1
1042  584   -1
1042  797   -1
1042  892   -1
1042  1122  -1
1044  1155  -1
1044  1144  -1
1046  1228  -1
1049  751   -1
1049  980   -1
1048  1390  -1
1050  334   -1
1055  794   -1
1055  1285  -1
1056  821   -1
1057  1384  -1
1060  1300  -1
1061  316   -1
1061  1149  -1
1061  1191  -1
1066  787   -1
1070  312   -1
1069  821   -1
1071  772   -1
1071  810   -1
1073  603   -1
1074  1958  -1
1080  915   -1
1080  1180  -1
1092  1306  -1
1092  1868  -1
1097  325   -1
1097  1124  -1
1097  1390  -1
1097  1303  -1
1099  322   -1
1099  1268  -1
1100  1068  -1
1101  138   -1
1100  821   -1
1101  1373  -1
1103  269   -1
1103  272   -1
1104  1233  -1
1104  1307  -1
1105  1387  -1
1107  1208  -1
1109  904   -1
1109  1341  -1
1111  1386  -1
1113  1190  -1
1113  1249  -1
1115  1111  -1
1116  1317  -1
1116  1762  -1
1116  1838  -1
1119  1672  -1
1121  1253  -1
1122  1865  -1
1125  1235  -1
1125  1375  -1
1130  226   -1
1130  1342  -1
1130  983   -1
1132  995   -1
1132  1135  -1
1132  1358  -1
1132  1340  -1
1137  1087  -1
1136  1140  -1
1137  1861  -1
1138  961   -1
1141  906   -1
1145  1110  -1
1145  1282  -1
1148  1077  -1
1151  1165  -1
1156  1522  -1
1159  1171  -1
1161  1237  -1
1161  1385  -1
1163  1186  -1
1165  1175  -1
1169  1091  -1
1171  1144  -1
1177  1222  -1
1176  1372  -1
1179  196   -1
1180  1310  -1
1182  185   -1
1185  1193  -1
1187  996   -1
1190  1332  -1
1191  1263  -1
1197  1314  -1
1199  1237  -1
1199  1242  -1
1198  1338  -1
1202  1313  -1
1202  1327  -1
1202  1361  -1
1205  1376  -1
1212  1099  -1
1216  579   -1
1217  1351  -1
1220  1480  -1
1222  1264  -1
1224  1139  -1
1227  616   -1
1228  1363  -1
1231  1204  -1
1231  636   -1
1236  1346  -1
1239  1193  -1
1239  1295  -1
1241  1731  -1
1251  1260  -1
1251  546   -1
1252  1002  -1
1252  1147  -1
1257  1228  -1
1258  1280  -1
1262  160   -1
1263  1165  -1
1262  1227  -1
1263  1455  -1
1265  1203  -1
1267  1162  -1
1268  1842  -1
1269  1238  -1
1270  692   -1
1270  1014  -1
1273  1263  -1
1274  1253  -1
1274  1228  -1
1274  1456  -1
1276  1265  -1
1277  556   -1
1279  545   -1
1281  1211  -1
1287  1782  -1
1289  1130  -1
1289  1013  -1
1293  364   -1
1293  1220  -1
1296  1853  -1
1296  1213  -1
1300  1428  -1
1304  1213  -1
1304  1623  -1
1307  669   -1
1308  1425  -1
1315  1214  -1
1320  1938  -1
1327  547   -1
1343  700   -1
1348  674   -1
1355  1231  -1
1378  1218  -1
1379  1616  -1
1388  1610  -1
1397  1292  -1
1406  369   -1
1409  724   -1
1411  1315  -1
1414  372   -1
1415  1136  -1
1418  1305  -1
1432  1278  -1
1439  1306  -1
1440  1118  -1
1442  1841  -1
1444  1111  -1
1453  787   -1
1455  1895  -1
1458  1206  -1
1473  784   -1
1479  1307  -1
1491  1302  -1
1494  1273  -1
1509  782   -1
1516  828   -1
1517  1042  -1
1518  1066  -1
1522  1593  -1
1523  1076  -1
1523  1049  -1
1526  1198  -1
1527  1047  -1
1535  543   -1
1542  1091  -1
1545  1271  -1
1551  1206  -1
1557  1099  -1
1560  1594  -1
1577  1157  -1
1579  1140  -1
1579  1153  -1
1593  759   -1
1617  1272  -1
1625  504   -1
1636  1361  -1
1637  623   -1
1638  1267  -1
1647  1195  -1
1652  605   -1
1653  621   -1
1662  1054  -1
1674  541   -1
1678  1033  -1
1677  1253  -1
1681  1046  -1
1682  1266  -1
1684  1268  -1
1680  1268  -1
1682  949   -1
1685  1083  -1
1687  1006  -1
1688  1077  -1
1694  659   -1
1694  1061  -1
1701  624   -1
1708  1034  -1
1709  1229  -1
1711  937   -1
1714  1252  -1
1715  665   -1
1717  1265  -1
1725  1161  -1
1731  1261  -1
1734  1266  -1
1736  1248  -1
1749  1196  -1
1752  1005  -1
1753  962   -1
1757  1120  -1
1768  1247  -1
1769  1450  -1
1771  1259  -1
1777  1250  -1
1779  1443  -1
1781  955   -1
1782  1247  -1
1799  1037  -1
1803  1111  -1
1804  1092  -1
1820  659   -1
1822  1115  -1
1824  1038  -1
1881  1059  -1
1978  1604  -1
2001  553   -1
671   1142  0
672   1142  0
797   877   1
796   876   1
807   1386  2
807   1388  2
936   755   3
937   755   3
1205  35    4
1205  36    4
1713  500   5
1714  500   5
1765  1018  6
1766  1019  6
60    1703  7
62    1703  7
144   1171  8
146   1171  8
142   1171  8
293   215   9
291   215   9
376   201   10
378   201   10
378   928   11
377   928   11
411   1016  12
411   1016  12
408   1016  13
407   1015  13
411   1008  14
414   1011  14
412   1010  14
421   706   15
422   706   15
429   715   16
430   714   16
441   811   17
441   812   17
517   922   18
517   921   18
538   891   19
538   892   19
542   902   20
541   903   20
550   1448  21
550   1449  21
554   1416  22
554   1416  22
556   873   23
556   873   23
568   1199  24
567   1200  24
568   1177  25
570   1177  25
574   1029  26
575   1028  26
584   812   27
583   813   27
590   869   28
589   870   28
594   1179  29
594   1179  29
605   809   30
604   810   30
609   646   31
609   646   31
610   647   31
607   647   31
647   1075  32
649   1074  32
657   1074  33
656   1074  33
660   467   34
659   466   34
664   480   35
665   481   35
673   836   36
672   835   36
676   1044  37
677   1043  37
679   603   38
679   602   38
681   632   39
680   633   39
682   890   40
682   890   40
685   914   41
685   916   41
687   618   42
687   617   42
692   1408  43
691   1408  43
696   592   44
697   592   44
702   962   45
702   960   45
705   565   46
705   565   46
705   565   46
706   567   46
705   565   46
708   531   47
709   532   47
710   596   48
709   595   48
715   986   49
716   984   49
719   937   50
721   937   50
727   544   51
726   546   51
730   747   52
729   747   52
731   1930  53
731   1930  53
729   1930  53
735   847   54
735   847   54
741   868   55
741   868   55
739   868   55
741   868   55
738   870   55
741   872   56
740   872   56
741   873   56
745   866   57
744   867   57
740   1012  58
740   1012  58
746   553   59
746   553   59
750   941   60
751   942   60
751   941   60
750   943   60
755   1169  61
755   1169  61
758   1170  61
757   1169  61
758   1053  62
757   1052  62
761   1943  63
762   1942  63
769   198   64
768   196   64
770   835   65
769   835   65
770   834   65
769   847   66
769   846   66
772   1404  67
772   1404  67
772   1403  67
772   1404  67
771   1404  67
772   1403  67
770   1404  67
772   860   68
771   860   68
771   948   69
772   947   69
779   898   70
780   897   70
791   782   71
791   782   71
794   917   72
793   918   72
794   1026  73
793   1026  73
793   1158  74
793   1159  74
798   942   75
800   942   75
801   966   76
800   966   76
801   967   76
800   818   77
801   818   77
805   832   78
804   833   78
814   1203  79
816   1203  79
818   1283  80
818   1284  80
821   541   81
820   540   81
822   687   82
821   688   82
823   1141  83
825   1141  83
825   945   84
827   946   84
826   1181  85
826   1181  85
829   1110  86
831   1109  86
832   1011  87
831   1010  87
833   806   88
833   805   88
835   1219  89
835   1218  89
837   854   90
837   854   90
840   553   91
840   553   91
841   681   92
840   682   92
842   1022  93
843   1023  93
843   928   94
842   929   94
843   723   95
844   724   95
845   903   96
846   904   96
845   1135  97
845   1135  97
850   1247  98
848   1246  98
852   969   99
851   969   99
855   804   100
854   805   100
855   924   101
855   924   101
858   729   102
858   729   102
863   1160  103
861   1160  103
868   770   104
868   769   104
870   669   105
870   668   105
878   1381  106
877   1380  106
879   956   107
878   956   107
881   719   108
881   720   108
879   719   108
882   732   109
883   732   109
882   1149  110
883   1149  110
883   908   111
884   907   111
887   1395  112
887   1394  112
893   905   113
894   904   113
895   690   114
895   690   114
906   811   115
906   812   115
903   1170  116
902   1171  116
910   507   117
908   507   117
910   921   118
910   920   118
912   1920  119
910   1920  119
915   919   120
913   919   120
915   703   121
915   703   121
917   811   122
917   810   122
922   999   123
921   998   123
924   673   124
925   673   124
928   772   125
929   773   125
928   829   126
929   827   126
930   1344  127
930   1344  127
930   1345  127
929   1344  127
931   1343  127
931   224   128
929   223   128
931   226   128
931   777   129
932   776   129
932   744   130
932   743   130
934   587   131
935   587   131
933   922   132
934   923   132
934   1105  133
934   1106  133
936   772   134
937   773   134
938   1142  135
938   1142  135
938   762   136
939   761   136
939   1205  137
938   1204  137
938   1405  138
940   1404  138
949   617   139
948   617   139
950   860   140
950   860   140
949   1282  141
950   1283  141
953   728   142
953   726   142
953   728   142
955   578   143
955   579   143
960   841   144
959   840   144
959   1164  145
958   1164  145
962   712   146
962   714   146
965   804   147
966   804   147
965   766   148
965   767   148
965   972   149
966   972   149
967   726   150
968   727   150
967   851   151
967   851   151
970   632   152
969   632   152
970   975   153
969   974   153
970   1112  154
971   1111  154
969   1220  155
971   1220  155
973   758   156
973   758   156
971   758   156
974   757   156
970   757   156
972   227   157
972   227   157
971   704   158
972   705   158
972   1328  159
971   1327  159
974   717   160
975   716   160
974   769   161
974   769   161
976   1158  162
976   1158  162
976   1158  162
976   1158  162
976   1158  162
976   1158  162
977   1159  162
975   1158  162
976   1160  162
979   1158  162
974   1158  162
975   1244  163
976   1245  163
976   860   164
976   860   164
976   883   165
977   882   165
977   837   166
978   838   166
978   865   167
977   866   167
981   806   168
980   805   168
982   880   169
982   880   169
982   1153  170
982   1154  170
986   699   171
985   698   171
985   854   172
986   855   172
986   1054  173
985   1053  173
988   1037  174
988   1037  174
988   1050  175
990   1050  175
988   1166  176
987   1165  176
990   597   177
989   596   177
992   628   178
991   628   178
991   768   179
991   769   179
992   576   180
991   577   180
995   695   181
994   694   181
995   606   182
996   607   182
995   617   183
995   615   183
995   686   184
995   685   184
994   1000  185
995   1001  185
995   1180  186
994   1181  186
997   1264  187
997   1264  187
996   1264  187
997   1263  187
996   1264  187
995   1263  187
997   1263  187
997   880   188
997   881   188
1003  1135  189
1003  1135  189
1003  914   190
1003  913   190
1003  943   191
1003  943   191
1009  892   192
1009  891   192
1008  1135  193
1009  1136  193
1015  1130  194
1014  1131  194
1023  917   195
1023  918   195
1023  1383  196
1025  1383  196
1032  1209  197
1033  1209  197
1034  897   198
1033  898   198
1037  763   199
1035  763   199
1036  818   200
1038  818   200
1046  807   201
1045  806   201
1045  809   201
1044  816   202
1045  817   202
1047  790   203
1047  790   203
1047  791   203
1046  791   203
1048  1223  204
1047  1223  204
1048  846   205
1049  845   205
1053  864   206
1052  864   206
1056  834   207
1055  835   207
1059  1035  208
1060  1035  208
1060  1228  209
1058  1228  209
1060  1064  210
1059  1063  210
1060  1321  211
1059  1322  211
1068  314   212
1067  315   212
1068  976   213
1068  974   213
1069  781   214
1069  782   214
1084  899   215
1084  900   215
1083  1235  216
1084  1234  216
1092  1238  217
1092  1238  217
1091  1238  217
1091  1146  218
1092  1147  218
1095  1023  219
1096  1024  219
1096  1215  220
1097  1216  220
1099  930   221
1098  931   221
1100  1073  222
1100  1073  222
1100  1166  223
1101  1164  223
1103  994   224
1104  993   224
1105  913   225
1104  913   225
1105  1357  226
1106  1357  226
1114  602   227
1114  604   227
1113  1383  228
1114  1382  228
1120  310   229
1121  308   229
1124  879   230
1124  881   230
1127  1303  231
1128  1304  231
1128  870   232
1129  870   232
1132  999   233
1131  998   233
1143  962   234
1142  961   234
1143  918   235
1144  919   235
1143  926   236
1144  926   236
1143  1010  237
1144  1011  237
1145  826   238
1145  826   238
1147  1164  239
1146  1163  239
1154  1368  240
1150  1366  240
1152  1367  240
1155  1369  240
1157  648   241
1157  647   241
1158  1251  242
1156  1251  242
1158  1177  243
1157  1178  243
1170  1007  244
1170  1006  244
1175  999   245
1174  998   245
1188  1152  246
1187  1150  246
1194  1234  247
1193  1232  247
1198  1350  248
1197  1350  248
1202  1090  249
1203  1089  249
1204  39    250
1203  41    250
1206  598   251
1207  599   251
1208  1152  252
1209  1152  252
1214  1252  253
1215  1253  253
1219  584   254
1220  586   254
1221  1183  255
1220  1183  255
1222  1184  255
1225  1359  256
1225  1359  256
1226  1266  257
1227  1268  257
1232  41    258
1234  41    258
1232  43    258
1233  39    258
1242  1650  259
1244  1650  259
1248  643   260
1247  643   260
1254  1236  261
1253  1237  261
1253  1268  262
1252  1267  262
1252  1347  263
1253  1346  263
1257  1180  264
1255  1179  264
1270  1206  265
1271  1208  265
1271  1242  266
1269  1242  266
1271  680   267
1270  680   267
1273  1014  268
1273  1016  268
1274  1245  269
1273  1245  269
1276  1233  270
1276  1233  270
1277  1960  271
1277  1958  271
1285  206   272
1285  206   272
1285  205   272
1285  206   272
1284  205   272
1286  205   272
1284  207   272
1284  205   272
1285  203   272
1286  205   272
1285  208   272
1282  204   272
1284  207   272
1285  203   272
1283  209   272
1286  205   272
1287  202   272
1283  205   272
1286  1860  273
1285  1859  273
1288  540   274
1290  540   274
1307  1770  275
1307  1770  275
1307  1770  275
1308  1770  275
1307  1769  275
1309  1772  275
1322  546   276
1321  545   276
1322  548   276
1321  543   276
1324  549   276
1333  1420  277
1332  1419  277
1355  1626  278
1356  1627  278
1355  1616  279
1356  1615  279
1368  620   280
1368  621   280
1416  324   281
1415  326   281
1421  1884  282
1421  1884  282
1441  1096  283
1442  1096  283
1442  1121  284
1442  1121  284
1442  1121  284
1442  1122  284
1440  1123  284
1448  1205  285
1448  1206  285
1467  1291  286
1467  1292  286
1497  1251  287
1498  1252  287
1519  1255  288
1519  1254  288
1522  1247  289
1521  1248  289
1573  1178  290
1575  1179  290
1635  1271  291
1637  1271  291
1640  1272  292
1641  1273  292
1640  753   293
1642  753   293
1684  1035  294
1684  1035  294
1683  1035  294
1682  1035  294
1685  1035  294
1678  1036  295
1679  1036  295
1678  1037  295
1679  1036  295
1678  1037  295
1699  1259  296
1701  1259  296
1698  1258  296
1702  1034  297
1700  1033  297
1709  1716  298
1710  1716  298
1708  1715  298
1769  956   299
1768  956   299
1767  956   299
1770  955   299
1791  1250  300
1791  1249  300
1791  1251  300