# Filename: CLN3-561nm_416_bidi_012.tif
# Puncta radius (pixels): (1.3888888888888888, 1.3888888888888888)
# Puncta radius (nm): (150, 150)
# Cluster threshold (nm): 300
# Min puncta per cluster: 2
# Voxel size (nm): (108, 108, 200)
Y     X     CLUSTER_ID
0     605   -1
0     609   -1
0     616   -1
0     628   -1
5     610   -1
6     620   -1
9     612   -1
10    621   -1
14    620   -1
19    623   -1
23    615   -1
24    623   -1
28    617   -1
186   838   -1
197   835   -1
204   832   -1
252   758   -1
254   768   -1
257   772   -1
260   765   -1
264   768   -1
268   776   -1
269   772   -1
279   1065  -1
281   1082  -1
285   740   -1
286   1086  -1
287   1094  -1
292   1079  -1
298   1077  -1
305   1075  -1
306   1085  -1
307   732   -1
313   730   -1
313   1046  -1
314   1084  -1
315   42    -1
315   1074  -1
317   723   -1
320   42    -1
321   1060  -1
322   50    -1
322   1056  -1
324   708   -1
328   703   -1
341   36    -1
342   27    -1
348   1048  -1
351   45    -1
352   22    -1
354   705   -1
355   1052  -1
357   46    -1
358   37    -1
358   1052  -1
367   20    -1
367   37    -1
368   50    -1
369   45    -1
376   45    -1
377   16    -1
379   33    -1
381   1004  -1
383   693   -1
387   676   -1
391   706   -1
392   686   -1
396   684   -1
399   30    -1
400   1024  -1
404   28    -1
409   31    -1
412   22    -1
412   686   -1
414   680   -1
420   673   -1
420   1008  -1
422   31    -1
423   1261  -1
424   39    -1
425   46    -1
427   28    -1
430   33    -1
431   1006  -1
432   49    -1
435   683   -1
436   34    -1
438   998   -1
440   679   -1
441   50    -1
442   30    -1
444   652   -1
445   43    -1
447   37    -1
449   1000  -1
450   41    -1
453   993   -1
467   599   -1
471   515   -1
471   571   -1
473   585   -1
475   569   -1
475   580   -1
476   525   -1
476   614   -1
476   656   -1
479   617   -1
482   603   -1
484   559   -1
486   556   -1
488   597   -1
489   525   -1
490   499   -1
490   537   -1
491   552   -1
493   504   -1
496   643   -1
497   633   -1
497   648   -1
498   499   -1
500   561   -1
503   661   -1
506   523   -1
512   645   -1
513   918   -1
518   460   -1
521   421   -1
521   630   -1
521   643   -1
522   440   -1
527   633   -1
528   642   -1
532   898   -1
533   447   -1
543   444   -1
557   416   -1
557   524   -1
560   525   -1
562   614   -1
565   410   -1
567   612   -1
568   622   -1
572   612   -1
580   411   -1
580   500   -1
580   609   -1
581   617   -1
584   622   -1
585   631   -1
586   610   -1
587   488   -1
587   605   -1
588   501   -1
589   627   -1
591   848   -1
593   380   -1
595   839   -1
596   621   -1
610   379   -1
611   599   -1
617   622   -1
621   379   -1
622   0     -1
622   604   -1
625   473   -1
626   618   -1
627   301   -1
629   616   -1
633   346   -1
634   609   -1
638   452   -1
640   475   -1
648   449   -1
653   302   -1
655   605   -1
660   267   -1
661   613   -1
662   607   -1
667   435   -1
673   424   -1
677   665   -1
679   418   -1
680   662   -1
681   439   -1
685   682   -1
686   433   -1
686   674   -1
687   652   -1
687   678   -1
689   649   -1
690   612   -1
690   668   -1
692   616   -1
692   698   -1
693   422   -1
694   443   -1
694   666   -1
694   796   -1
695   658   -1
696   619   -1
697   419   -1
697   433   -1
697   697   -1
700   574   -1
700   667   -1
701   634   -1
702   426   -1
702   696   -1
704   793   -1
705   570   -1
705   663   -1
708   615   -1
709   651   -1
709   666   -1
710   621   -1
710   633   -1
710   672   -1
710   678   -1
712   661   -1
712   700   -1
713   550   -1
713   572   -1
714   431   -1
714   599   -1
714   611   -1
714   703   -1
714   1186  -1
715   673   -1
716   617   -1
716   661   -1
717   438   -1
717   708   -1
718   428   -1
718   531   -1
718   677   -1
718   684   -1
719   422   -1
719   545   -1
720   647   -1
720   651   -1
720   1189  -1
721   765   -1
722   433   -1
722   675   -1
723   641   -1
723   678   -1
723   682   -1
723   689   -1
723   696   -1
725   607   -1
725   646   -1
725   660   -1
725   700   -1
726   223   -1
726   510   -1
726   617   -1
726   691   -1
726   1184  -1
727   637   -1
727   713   -1
728   621   -1
728   653   -1
728   675   -1
728   687   -1
728   765   -1
728   1177  -1
730   430   -1
730   524   -1
730   612   -1
731   696   -1
732   425   -1
732   504   -1
732   659   -1
733   531   -1
733   630   -1
733   1178  -1
734   677   -1
735   492   -1
735   519   -1
735   538   -1
735   651   -1
736   682   -1
736   748   -1
737   629   -1
738   292   -1
738   448   -1
738   673   -1
739   609   -1
740   507   -1
740   637   -1
741   286   -1
741   514   -1
741   524   -1
741   627   -1
741   737   -1
742   789   -1
743   497   -1
744   444   -1
744   636   -1
745   533   -1
745   632   -1
745   1177  -1
746   431   -1
747   660   -1
747   455   -1
747   462   -1
747   549   -1
747   765   -1
748   485   -1
748   510   -1
748   628   -1
748   631   -1
749   677   -1
749   1164  -1
750   625   -1
752   1413  -1
753   681   -1
754   552   -1
755   450   -1
755   548   -1
755   1163  -1
756   1160  -1
758   287   -1
759   540   -1
759   1170  -1
760   441   -1
760   665   -1
761   577   -1
761   1168  -1
762   435   -1
762   558   -1
762   678   -1
762   747   -1
762   1409  -1
762   1432  -1
763   742   -1
763   756   -1
764   448   -1
764   1161  -1
764   1170  -1
764   1414  -1
765   542   -1
765   549   -1
765   1439  -1
766   584   -1
766   629   -1
767   327   -1
767   357   -1
767   569   -1
767   1421  -1
769   573   -1
769   681   -1
769   1448  -1
770   1416  -1
771   1409  -1
772   487   -1
773   459   -1
773   554   -1
773   1165  -1
775   476   -1
775   594   -1
775   636   -1
776   1365  -1
776   1384  -1
776   1418  -1
776   1461  -1
777   355   -1
777   1149  -1
777   1414  -1
777   1457  -1
778   1369  -1
778   1410  -1
778   1430  -1
779   602   -1
779   767   -1
779   1341  -1
780   461   -1
780   553   -1
780   742   -1
780   1394  -1
781   1457  -1
782   364   -1
782   597   -1
782   1417  -1
782   1473  -1
783   1145  -1
783   1469  -1
784   1315  -1
785   725   -1
785   1368  -1
785   1405  -1
786   741   -1
786   1355  -1
786   1386  -1
787   598   -1
787   604   -1
788   610   -1
788   1152  -1
789   749   -1
789   764   -1
790   582   -1
790   617   -1
790   628   -1
790   1368  -1
790   1396  -1
790   1432  -1
791   1374  -1
791   1381  -1
791   1474  -1
792   1311  -1
793   481   -1
793   1353  -1
794   1341  -1
794   1482  -1
795   472   -1
795   1370  -1
795   1436  -1
796   634   -1
797   597   -1
797   614   -1
797   1361  -1
797   1378  -1
798   592   -1
798   1344  -1
798   1352  -1
798   1459  -1
799   541   -1
799   548   -1
799   1455  -1
799   1482  -1
800   463   -1
800   1308  -1
800   1338  -1
800   1367  -1
801   503   -1
801   511   -1
801   1463  -1
802   1467  -1
802   1472  -1
803   579   -1
803   1385  -1
804   444   -1
804   625   -1
804   1330  -1
804   1486  -1
805   564   -1
805   1321  -1
805   1361  -1
805   1456  -1
806   482   -1
806   607   -1
806   1340  -1
806   1345  -1
806   1463  -1
807   1300  -1
807   1366  -1
807   1388  -1
807   1394  -1
808   1378  -1
808   1402  -1
808   1458  -1
809   1370  -1
809   1439  -1
809   1470  -1
810   1465  -1
810   1491  -1
811   597   -1
811   1383  -1
812   587   -1
812   1476  -1
813   1329  -1
813   1404  -1
813   1460  -1
814   635   -1
814   1366  -1
815   625   -1
816   555   -1
816   629   -1
816   1339  -1
817   1325  -1
817   1466  -1
818   545   -1
818   1365  -1
818   1405  -1
818   1449  -1
818   1474  -1
819   1484  -1
819   1488  -1
820   549   -1
820   1342  -1
820   1384  -1
820   1454  -1
820   1469  -1
822   624   -1
823   631   -1
823   1365  -1
824   595   -1
824   611   -1
824   1456  -1
825   511   -1
825   1324  -1
825   1342  -1
825   1396  -1
825   1405  -1
826   1371  -1
826   1382  -1
828   448   -1
828   543   -1
828   619   -1
829   501   -1
829   1362  -1
830   1325  -1
830   1370  -1
831   733   -1
832   486   -1
832   573   -1
832   704   -1
832   1374  -1
832   1467  -1
833   1348  -1
834   515   -1
834   579   -1
834   1342  -1
835   1462  -1
836   444   -1
836   722   -1
837   634   -1
837   1361  -1
837   1365  -1
837   1373  -1
837   1451  -1
838   1384  -1
840   1353  -1
840   1456  -1
840   1468  -1
841   1348  -1
842   784   -1
843   1448  -1
844   363   -1
846   538   -1
847   549   -1
847   623   -1
849   1451  -1
850   1457  -1
851   644   -1
852   692   -1
853   1379  -1
853   1382  -1
854   584   -1
856   1444  -1
857   388   -1
858   664   -1
859   627   -1
861   679   -1
862   635   -1
863   1452  -1
864   1445  -1
865   570   -1
865   589   -1
866   375   -1
867   544   -1
877   526   -1
878   414   -1
878   545   -1
879   417   -1
879   601   -1
879   1447  -1
882   423   -1
882   549   -1
885   1422  -1
885   1428  -1
887   631   -1
887   1393  -1
889   542   -1
891   560   -1
891   830   -1
897   400   -1
900   1411  -1
904   547   -1
907   592   -1
910   1400  -1
913   1380  -1
914   541   -1
915   828   -1
919   605   -1
921   626   -1
923   581   -1
927   640   -1
936   474   -1
936   599   -1
939   535   -1
940   564   -1
942   650   -1
945   770   -1
946   507   -1
946   558   -1
949   665   -1
952   557   -1
952   654   -1
952   822   -1
954   455   -1
957   806   -1
958   432   -1
958   470   -1
958   515   -1
959   756   -1
960   569   -1
962   461   -1
963   749   -1
964   586   -1
964   668   -1
964   811   -1
973   750   -1
974   520   -1
975   561   -1
975   657   -1
978   439   -1
979   504   -1
980   476   -1
981   498   -1
990   460   -1
991   490   -1
991   628   -1
992   782   -1
994   806   -1
997   426   -1
997   454   -1
998   482   -1
998   781   -1
1001  468   -1
1001  635   -1
1004  428   -1
1004  573   -1
1006  624   -1
1006  795   -1
1007  550   -1
1007  778   -1
1011  417   -1
1014  570   -1
1014  789   -1
1017  420   -1
1019  555   -1
1020  454   -1
1021  617   -1
1023  532   -1
1026  512   -1
1028  599   -1
1051  601   -1
1052  539   -1
1059  588   -1
1069  508   -1
1070  760   -1
1079  752   -1
1080  549   -1
1082  758   -1
1089  724   -1
1101  531   -1
1108  683   -1
1118  517   -1
1118  715   -1
1122  510   -1
1131  703   -1
1134  404   -1
1147  559   -1
1148  676   -1
1149  518   -1
1151  411   -1
1153  670   -1
1156  515   -1
1156  1004  -1
1157  684   -1
1158  392   -1
1164  638   -1
1169  510   -1
1171  799   -1
1174  388   -1
1175  777   -1
1177  405   -1
1179  761   -1
1182  586   -1
1186  396   -1
1186  492   -1
1186  764   -1
1189  710   -1
1190  388   -1
1197  384   -1
1198  372   -1
1198  590   -1
1203  803   -1
1205  366   -1
1212  365   -1
1213  381   -1
1213  785   -1
1214  571   -1
1215  772   -1
1217  713   -1
1218  369   -1
1222  352   -1
1222  377   -1
1223  793   -1
1224  370   -1
1226  360   -1
1233  551   -1
1233  815   -1
1234  356   -1
1234  500   -1
1236  507   -1
1237  497   -1
1238  362   -1
1238  370   -1
1238  574   -1
1239  373   -1
1242  359   -1
1244  475   -1
1247  663   -1
1252  430   -1
1253  658   -1
1254  602   -1
1256  387   -1
1256  440   -1
1258  655   -1
1260  665   -1
1261  474   -1
1262  363   -1
1263  379   -1
1263  429   -1
1263  732   -1
1263  1719  -1
1266  548   -1
1266  741   -1
1268  376   -1
1268  382   -1
1271  374   -1
1271  388   -1
1272  521   -1
1273  641   -1
1274  377   -1
1274  396   -1
1274  579   -1
1275  463   -1
1277  594   -1
1280  648   -1
1281  361   -1
1281  600   -1
1283  388   -1
1283  556   -1
1283  778   -1
1286  383   -1
1286  695   -1
1287  739   -1
1288  536   -1
1291  619   -1
1292  396   -1
1293  609   -1
1294  588   -1
1294  600   -1
1294  645   -1
1295  384   -1
1295  390   -1
1297  377   -1
1298  464   -1
1300  679   -1
1301  394   -1
1303  573   -1
1303  768   -1
1307  380   -1
1308  411   -1
1308  547   -1
1309  417   -1
1309  660   -1
1314  412   -1
1314  603   -1
1314  743   -1
1315  416   -1
1316  470   -1
1317  401   -1
1318  427   -1
1319  396   -1
1320  410   -1
1322  666   -1
1324  402   -1
1325  424   -1
1326  430   -1
1328  424   -1
1329  404   -1
1331  773   -1
1332  413   -1
1332  650   -1
1333  493   -1
1334  403   -1
1335  426   -1
1336  433   -1
1337  401   -1
1339  518   -1
1340  401   -1
1340  763   -1
1341  578   -1
1342  406   -1
1342  433   -1
1344  778   -1
1345  604   -1
1346  425   -1
1346  434   -1
1347  512   -1
1351  437   -1
1351  763   -1
1354  571   -1
1359  419   -1
1360  424   -1
1360  553   -1
1361  439   -1
1363  446   -1
1363  452   -1
1363  666   -1
1366  437   -1
1368  444   -1
1369  474   -1
1369  630   -1
1370  762   -1
1371  441   -1
1371  480   -1
1372  458   -1
1372  470   -1
1373  464   -1
1374  449   -1
1375  641   -1
1378  444   -1
1378  461   -1
1378  708   -1
1378  1407  -1
1380  476   -1
1382  447   -1
1382  484   -1
1383  718   -1
1384  468   -1
1385  474   -1
1385  481   -1
1385  486   -1
1386  455   -1
1386  563   -1
1386  1409  -1
1386  1721  -1
1388  450   -1
1388  479   -1
1389  475   -1
1389  1472  -1
1390  484   -1
1391  1330  -1
1393  467   -1
1393  563   -1
1393  583   -1
1394  463   -1
1395  491   -1
1395  498   -1
1395  593   -1
1396  501   -1
1398  1435  -1
1399  1334  -1
1400  459   -1
1402  503   -1
1403  1341  -1
1405  461   -1
1405  468   -1
1407  590   -1
1408  509   -1
1409  470   -1
1410  1333  -1
1411  505   -1
1413  1514  -1
1414  487   -1
1417  501   -1
1418  495   -1
1419  486   -1
1420  1434  -1
1421  478   -1
1421  673   -1
1422  503   -1
1423  484   -1
1423  607   -1
1424  473   -1
1424  492   -1
1425  1473  -1
1426  1442  -1
1429  497   -1
1429  1482  -1
1429  1722  -1
1430  478   -1
1433  482   -1
1433  510   -1
1436  480   -1
1438  504   -1
1438  1492  -1
1438  1537  -1
1439  1741  -1
1440  480   -1
1441  607   -1
1441  661   -1
1443  646   -1
1444  1462  -1
1445  497   -1
1445  664   -1
1445  1495  -1
1446  1310  -1
1447  484   -1
1447  695   -1
1447  1466  -1
1451  502   -1
1452  505   -1
1452  677   -1
1452  1460  -1
1455  485   -1
1456  1343  -1
1456  1507  -1
1457  1398  -1
1457  1742  -1
1459  502   -1
1460  506   -1
1460  1464  -1
1460  1499  -1
1460  1503  -1
1462  1488  -1
1463  665   -1
1464  498   -1
1464  1330  -1
1464  1406  -1
1466  489   -1
1466  1487  -1
1466  1493  -1
1468  502   -1
1468  1419  -1
1468  1518  -1
1469  1331  -1
1469  1343  -1
1471  1496  -1
1472  1331  -1
1473  512   -1
1475  659   -1
1476  492   -1
1476  519   -1
1476  1322  -1
1476  1353  -1
1477  1488  -1
1478  497   -1
1478  1331  -1
1480  501   -1
1480  514   -1
1480  1298  -1
1480  1434  -1
1480  1550  -1
1481  1343  -1
1481  1387  -1
1481  1571  -1
1482  494   -1
1482  520   -1
1482  1539  -1
1483  1323  -1
1485  1290  -1
1485  1530  -1
1486  495   -1
1486  1351  -1
1487  500   -1
1487  505   -1
1487  1479  -1
1488  1514  -1
1489  510   -1
1489  1544  -1
1489  1558  -1
1490  1347  -1
1491  518   -1
1491  1363  -1
1491  1426  -1
1491  1461  -1
1491  1712  -1
1492  496   -1
1492  505   -1
1492  1522  -1
1492  1552  -1
1494  1466  -1
1494  1476  -1
1494  1528  -1
1494  1737  -1
1495  510   -1
1495  1353  -1
1496  503   -1
1496  1346  -1
1496  1518  -1
1497  1425  -1
1497  1492  -1
1498  1442  -1
1499  495   -1
1499  499   -1
1499  506   -1
1499  1374  -1
1499  1447  -1
1500  1434  -1
1501  1403  -1
1502  1561  -1
1503  498   -1
1503  507   -1
1503  1531  -1
1504  1371  -1
1504  1447  -1
1504  1460  -1
1504  1463  -1
1505  501   -1
1505  1518  -1
1506  518   -1
1506  1366  -1
1506  1496  -1
1507  1482  -1
1507  1537  -1
1507  1543  -1
1507  1567  -1
1507  1692  -1
1508  494   -1
1508  1418  -1
1508  1520  -1
1508  1767  -1
1509  1562  -1
1510  499   -1
1511  1339  -1
1512  1398  -1
1512  1570  -1
1514  1349  -1
1514  1394  -1
1514  1557  -1
1515  1367  -1
1515  1401  -1
1516  517   -1
1516  1333  -1
1517  1520  -1
1519  1337  -1
1519  1404  -1
1519  1418  -1
1519  1594  -1
1520  506   -1
1520  521   -1
1520  1561  -1
1520  1759  -1
1521  502   -1
1521  1431  -1
1521  1556  -1
1522  1366  -1
1523  1436  -1
1523  1594  -1
1524  1504  -1
1524  1568  -1
1524  1581  -1
1526  494   -1
1527  516   -1
1527  1423  -1
1528  507   -1
1528  1353  -1
1528  1531  -1
1528  1541  -1
1529  1497  -1
1529  1561  -1
1529  1565  -1
1531  511   -1
1531  1343  -1
1531  1354  -1
1531  1437  -1
1531  1570  -1
1533  1350  -1
1533  1580  -1
1534  1540  -1
1534  1568  -1
1534  1759  -1
1535  1418  -1
1535  1424  -1
1535  1584  -1
1535  1606  -1
1536  496   -1
1537  1511  -1
1537  1526  -1
1537  1531  -1
1538  1346  -1
1538  1446  -1
1538  1576  -1
1539  663   -1
1539  1331  -1
1540  503   -1
1540  514   -1
1540  1764  -1
1541  1422  -1
1541  1518  -1
1541  1595  -1
1542  1492  -1
1542  1542  -1
1542  1565  -1
1543  1618  -1
1543  1776  -1
1544  502   -1
1544  1350  -1
1544  1364  -1
1544  1536  -1
1544  1589  -1
1545  1438  -1
1545  1609  -1
1546  1386  -1
1546  1523  -1
1546  1578  -1
1546  1602  -1
1546  1797  -1
1547  495   -1
1547  513   -1
1547  1586  -1
1548  1561  -1
1549  1443  -1
1549  1754  -1
1550  1358  -1
1550  1607  -1
1551  492   -1
1551  1453  -1
1551  1508  -1
1551  1619  -1
1551  1634  -1
1552  500   -1
1552  516   -1
1552  1744  -1
1553  1592  -1
1554  1384  -1
1554  1406  -1
1554  1502  -1
1554  1563  -1
1554  1587  -1
1555  1471  -1
1555  1543  -1
1555  1572  -1
1555  1582  -1
1556  509   -1
1556  1444  -1
1557  494   -1
1557  1481  -1
1557  1611  -1
1558  1427  -1
1558  1599  -1
1558  1777  -1
1559  1383  -1
1559  1395  -1
1559  1484  -1
1559  1500  -1
1559  1590  -1
1561  1472  -1
1561  1608  -1
1562  1429  -1
1562  1441  -1
1562  1447  -1
1562  1456  -1
1562  1584  -1
1562  1624  -1
1563  1382  -1
1563  1411  -1
1563  1437  -1
1563  1482  -1
1563  1526  -1
1563  1640  -1
1564  1418  -1
1564  1514  -1
1564  1533  -1
1565  506   -1
1565  1561  -1
1566  491   -1
1566  517   -1
1566  1444  -1
1566  1579  -1
1566  1742  -1
1566  1750  -1
1567  1406  -1
1568  1380  -1
1568  1474  -1
1568  1551  -1
1568  1587  -1
1568  1594  -1
1569  1373  -1
1569  1470  -1
1569  1610  -1
1570  1427  -1
1570  1628  -1
1571  497   -1
1571  1563  -1
1572  1589  -1
1572  1766  -1
1573  1399  -1
1573  1482  -1
1573  1500  -1
1573  1607  -1
1574  1446  -1
1574  1546  -1
1574  1585  -1
1575  501   -1
1576  493   -1
1576  510   -1
1576  1432  -1
1577  1460  -1
1577  1479  -1
1577  1517  -1
1578  1437  -1
1578  1584  -1
1578  1754  -1
1579  497   -1
1579  1414  -1
1580  1431  -1
1580  1482  -1
1580  1591  -1
1580  1620  -1
1581  507   -1
1581  512   -1
1581  1417  -1
1581  1451  -1
1581  1457  -1
1581  1572  -1
1581  1680  -1
1582  516   -1
1582  1465  -1
1582  1551  -1
1582  1579  -1
1583  502   -1
1583  1469  -1
1583  1597  -1
1584  1573  -1
1584  1589  -1
1585  1391  -1
1585  1478  -1
1585  1514  -1
1585  1602  -1
1585  1621  -1
1585  1669  -1
1586  1629  -1
1586  1727  -1
1587  1497  -1
1587  1560  -1
1587  1609  -1
1589  505   -1
1589  1543  -1
1589  1643  -1
1590  1459  -1
1590  1549  -1
1590  1566  -1
1591  1501  -1
1591  1560  -1
1591  1586  -1
1591  1604  -1
1592  499   -1
1593  491   -1
1593  508   -1
1593  1470  -1
1595  1582  -1
1595  1608  -1
1596  1636  -1
1598  491   -1
1598  1476  -1
1598  1614  -1
1599  519   -1
1600  502   -1
1600  1554  -1
1601  1625  -1
1602  1507  -1
1602  1576  -1
1603  495   -1
1603  1565  -1
1603  1583  -1
1603  1618  -1
1604  1521  -1
1607  494   -1
1607  516   -1
1608  508   -1
1608  1627  -1
1610  1651  -1
1611  519   -1
1611  1491  -1
1611  1694  -1
1612  1529  -1
1613  495   -1
1613  1515  -1
1613  1577  -1
1613  1583  -1
1613  1622  -1
1614  1562  -1
1615  507   -1
1615  512   -1
1615  1495  -1
1615  1588  -1
1615  1616  -1
1615  1627  -1
1616  1532  -1
1618  1514  -1
1618  1522  -1
1618  1580  -1
1619  514   -1
1619  1503  -1
1619  1526  -1
1619  1570  -1
1619  1643  -1
1619  1679  -1
1620  498   -1
1620  1635  -1
1620  1668  -1
1621  1609  -1
1621  1617  -1
1622  1495  -1
1623  488   -1
1623  1520  -1
1623  1588  -1
1623  1673  -1
1625  1656  -1
1626  1499  -1
1626  1717  -1
1627  1506  -1
1627  1511  -1
1627  1541  -1
1627  1591  -1
1628  1515  -1
1629  1637  -1
1630  489   -1
1630  1478  -1
1630  1494  -1
1630  1534  -1
1630  1566  -1
1630  1658  -1
1630  1667  -1
1631  1522  -1
1632  1628  -1
1633  496   -1
1633  517   -1
1633  1573  -1
1633  1604  -1
1633  1725  -1
1634  1551  -1
1634  1594  -1
1635  1701  -1
1636  1494  -1
1636  1520  -1
1636  1611  -1
1636  1679  -1
1636  1722  -1
1637  497   -1
1637  508   -1
1637  1586  -1
1638  503   -1
1638  1582  -1
1638  1625  -1
1639  1703  -1
1640  508   -1
1640  1512  -1
1640  1543  -1
1640  1547  -1
1640  1597  -1
1641  1569  -1
1642  1468  -1
1642  1504  -1
1642  1709  -1
1643  490   -1
1643  1497  -1
1643  1535  -1
1644  1521  -1
1644  1529  -1
1644  1610  -1
1645  501   -1
1646  1464  -1
1646  1489  -1
1646  1506  -1
1646  1582  -1
1646  1591  -1
1647  1516  -1
1647  1606  -1
1647  1674  -1
1647  1701  -1
1648  487   -1
1649  1486  -1
1649  1498  -1
1649  1537  -1
1649  1577  -1
1650  1543  -1
1651  1477  -1
1651  1615  -1
1651  1626  -1
1652  1468  -1
1652  1507  -1
1652  1533  -1
1652  1539  -1
1653  1497  -1
1653  1504  -1
1653  1520  -1
1653  1591  -1
1654  276   -1
1654  506   -1
1654  1527  -1
1655  264   -1
1655  1489  -1
1655  1672  -1
1656  257   -1
1656  1615  -1
1657  392   -1
1657  503   -1
1657  1485  -1
1658  283   -1
1658  1467  -1
1658  1575  -1
1659  272   -1
1659  1482  -1
1660  486   -1
1660  1456  -1
1661  259   -1
1661  494   -1
1662  262   -1
1662  278   -1
1662  1490  -1
1662  1646  -1
1663  1447  -1
1664  1651  -1
1665  1479  -1
1665  1567  -1
1666  498   -1
1666  1442  -1
1666  1491  -1
1667  1498  -1
1668  272   -1
1668  1457  -1
1668  1576  -1
1668  1631  -1
1669  490   -1
1669  1452  -1
1669  1470  -1
1669  1601  -1
1669  1809  -1
1670  249   -1
1670  284   -1
1670  496   -1
1670  1583  -1
1670  1643  -1
1671  1439  -1
1671  1447  -1
1671  1461  -1
1671  1480  -1
1672  1443  -1
1673  263   -1
1673  294   -1
1673  1423  -1
1673  1427  -1
1674  238   -1
1674  246   -1
1674  486   -1
1674  1453  -1
1674  1548  -1
1674  1604  -1
1675  1471  -1
1675  1478  -1
1676  1465  -1
1677  218   -1
1677  281   -1
1678  230   -1
1678  1418  -1
1679  259   -1
1679  1411  -1
1679  1423  -1
1679  1658  -1
1680  237   -1
1680  267   -1
1680  499   -1
1681  252   -1
1681  282   -1
1681  503   -1
1681  1676  -1
1682  1453  -1
1683  402   -1
1683  1664  -1
1685  258   -1
1685  264   -1
1685  1415  -1
1685  1802  -1
1686  279   -1
1686  1594  -1
1687  214   -1
1687  230   -1
1687  285   -1
1687  1631  -1
1688  244   -1
1688  495   -1
1688  1444  -1
1689  1666  -1
1690  1413  -1
1692  219   -1
1692  484   -1
1692  501   -1
1692  1461  -1
1692  1645  -1
1693  194   -1
1693  204   -1
1693  251   -1
1693  1543  -1
1694  262   -1
1694  278   -1
1694  480   -1
1694  494   -1
1694  1676  -1
1695  256   -1
1695  477   -1
1695  1613  -1
1696  231   -1
1697  268   -1
1697  406   -1
1698  247   -1
1698  273   -1
1698  1430  -1
1699  222   -1
1699  485   -1
1699  1436  -1
1699  1684  -1
1700  1553  -1
1701  264   -1
1701  1560  -1
1703  231   -1
1703  271   -1
1703  411   -1
1703  494   -1
1703  1422  -1
1703  1439  -1
1704  219   -1
1704  478   -1
1705  210   -1
1706  253   -1
1706  276   -1
1706  290   -1
1707  189   -1
1707  199   -1
1707  500   -1
1707  1421  -1
1707  1425  -1
1707  1442  -1
1707  1566  -1
1708  243   -1
1708  1428  -1
1710  263   -1
1711  407   -1
1711  489   -1
1711  1432  -1
1713  480   -1
1713  1419  -1
1713  1543  -1
1714  285   -1
1714  1678  -1
1714  1771  -1
1715  248   -1
1715  1555  -1
1716  264   -1
1716  277   -1
1716  1658  -1
1717  497   -1
1718  1426  -1
1718  1552  -1
1718  1767  -1
1719  1528  -1
1720  492   -1
1721  255   -1
1721  1762  -1
1722  283   -1
1722  1430  -1
1722  1553  -1
1722  1662  -1
1722  1742  -1
1723  482   -1
1723  1788  -1
1724  263   -1
1725  402   -1
1725  1425  -1
1725  1623  -1
1725  1677  -1
1726  412   -1
1726  1547  -1
1727  1702  -1
1728  256   -1
1728  272   -1
1728  475   -1
1728  490   -1
1729  485   -1
1730  406   -1
1730  497   -1
1730  1538  -1
1730  1572  -1
1733  412   -1
1733  489   -1
1734  262   -1
1734  471   -1
1734  1617  -1
1736  464   -1
1736  1606  -1
1736  1612  -1
1736  1713  -1
1737  477   -1
1737  485   -1
1737  1643  -1
1738  418   -1
1741  413   -1
1742  256   -1
1742  1708  -1
1743  240   -1
1743  1522  -1
1745  468   -1
1745  477   -1
1745  1529  -1
1746  490   -1
1747  1407  -1
1747  1590  -1
1751  234   -1
1754  262   -1
1754  464   -1
1754  470   -1
1757  456   -1
1758  1630  -1
1758  1654  -1
1759  257   -1
1760  1658  -1
1761  400   -1
1761  1598  -1
1762  1645  -1
1766  400   -1
1766  1571  -1
1767  448   -1
1768  421   -1
1769  1579  -1
1773  465   -1
1773  1660  -1
1775  450   -1
1775  1642  -1
1777  1545  -1
1782  451   -1
1785  1607  -1
1787  464   -1
1789  1583  -1
1791  449   -1
1792  1611  -1
1794  1646  -1
1795  1572  -1
1796  1650  -1
1798  444   -1
1800  428   -1
1800  1592  -1
1805  1620  -1
1811  1598  -1
1812  1593  -1
1816  1642  -1
1821  1618  -1
1866  1617  -1
1870  66    -1
1873  1572  -1
1875  1581  -1
1881  72    -1
1882  1581  -1
1882  1602  -1
1882  1639  -1
1884  1590  -1
1885  1625  -1
1886  15    -1
1886  1586  -1
1890  129   -1
1890  1577  -1
1893  20    -1
1894  1552  -1
1894  1603  -1
1897  1601  -1
1899  1616  -1
1901  1628  -1
1904  124   -1
1906  1602  -1
1910  144   -1
1919  133   -1
1928  164   -1
1967  143   -1
2014  134   -1
2028  168   -1
2047  31    -1
274   1080  -1
278   1074  -1
294   1066  -1
306   1057  -1
320   732   -1
322   736   -1
322   1074  -1
332   1057  -1
369   702   -1
381   681   -1
385   704   -1
390   710   -1
394   1014  -1
394   1024  -1
395   698   -1
412   14    -1
410   12    -1
418   669   -1
423   692   -1
423   676   -1
432   991   -1
454   654   -1
469   594   -1
469   649   -1
473   590   -1
474   643   -1
477   641   -1
474   670   -1
476   493   -1
485   489   -1
487   604   -1
487   653   -1
488   924   -1
489   494   -1
488   519   -1
488   968   -1
491   947   -1
493   543   -1
495   656   -1
497   948   -1
500   599   -1
499   584   -1
507   485   -1
510   639   -1
509   636   -1
513   418   -1
513   454   -1
515   472   -1
515   928   -1
516   946   -1
520   890   -1
527   625   -1
526   912   -1
529   623   -1
533   409   -1
542   879   -1
545   905   -1
556   642   -1
563   606   -1
566   616   -1
577   602   -1
576   625   -1
581   622   -1
585   602   -1
590   844   -1
600   486   -1
601   500   -1
603   854   -1
605   623   -1
605   597   -1
609   606   -1
615   617   -1
616   611   -1
620   495   -1
625   468   -1
627   597   -1
628   835   -1
629   822   -1
632   448   -1
635   806   -1
643   603   -1
644   466   -1
654   611   -1
655   459   -1
656   806   -1
658   618   -1
659   443   -1
660   800   -1
665   613   -1
665   442   -1
665   445   -1
669   614   -1
672   416   -1
673   612   -1
675   598   -1
677   632   -1
677   596   -1
677   624   -1
681   676   -1
681   656   -1
683   610   -1
683   652   -1
683   686   -1
688   626   -1
686   661   -1
689   660   -1
689   689   -1
690   664   -1
692   605   -1
692   585   -1
699   686   -1
692   690   -1
706   677   -1
696   415   -1
697   670   -1
697   627   -1
697   661   -1
699   663   -1
698   557   -1
699   651   -1
699   702   -1
699   607   -1
702   783   -1
702   430   -1
703   563   -1
702   620   -1
703   710   -1
706   419   -1
707   556   -1
706   599   -1
708   580   -1
709   586   -1
711   643   -1
712   640   -1
714   644   -1
713   694   -1
710   694   -1
709   564   -1
710   787   -1
710   534   -1
710   595   -1
713   544   -1
712   541   -1
713   733   -1
714   537   -1
716   777   -1
722   627   -1
718   631   -1
717   700   -1
718   729   -1
719   735   -1
719   603   -1
719   751   -1
719   1181  -1
724   505   -1
726   503   -1
721   506   -1
721   742   -1
722   778   -1
729   529   -1
729   536   -1
724   774   -1
726   497   -1
725   551   -1
725   791   -1
728   516   -1
731   421   -1
731   624   -1
731   705   -1
731   753   -1
734   437   -1
735   772   -1
736   698   -1
736   731   -1
740   501   -1
740   782   -1
741   487   -1
742   759   -1
743   752   -1
744   778   -1
744   149   -1
745   152   -1
745   415   -1
745   522   -1
749   738   -1
749   747   -1
747   504   -1
749   445   -1
748   451   -1
754   442   -1
751   580   -1
754   569   -1
755   566   -1
754   616   -1
755   759   -1
756   423   -1
757   463   -1
757   476   -1
756   492   -1
756   610   -1
756   1415  -1
757   1418  -1
759   472   -1
758   545   -1
758   559   -1
759   1400  -1
760   431   -1
760   570   -1
761   632   -1
761   722   -1
764   722   -1
762   502   -1
762   597   -1
762   1404  -1
763   472   -1
763   777   -1
764   489   -1
763   527   -1
765   579   -1
766   748   -1
768   580   -1
768   742   -1
767   1402  -1
769   460   -1
770   637   -1
771   773   -1
770   777   -1
773   735   -1
770   734   -1
770   1387  -1
770   1399  -1
771   757   -1
773   1389  -1
772   1433  -1
773   617   -1
773   1425  -1
774   336   -1
774   347   -1
775   366   -1
777   468   -1
774   663   -1
775   724   -1
774   754   -1
775   743   -1
776   1467  -1
777   541   -1
781   610   -1
778   630   -1
778   544   -1
779   578   -1
783   1363  -1
785   1375  -1
778   1374  -1
779   524   -1
780   559   -1
780   1325  -1
781   633   -1
782   528   -1
788   756   -1
783   1343  -1
784   1324  -1
787   1322  -1
785   1329  -1
784   1460  -1
784   1477  -1
784   1481  -1
786   499   -1
785   1447  -1
786   593   -1
787   526   -1
788   1402  -1
788   1480  -1
790   587   -1
791   660   -1
792   1321  -1
797   1326  -1
800   1334  -1
796   1322  -1
798   1329  -1
792   384   -1
798   608   -1
792   703   -1
793   511   -1
794   734   -1
796   1316  -1
794   1389  -1
794   1462  -1
796   741   -1
797   624   -1
796   1406  -1
796   1465  -1
798   727   -1
797   1400  -1
801   1395  -1
798   1396  -1
798   489   -1
799   1393  -1
799   1448  -1
799   1473  -1
800   569   -1
800   588   -1
800   740   -1
800   486   -1
801   601   -1
801   518   -1
801   593   -1
801   1490  -1
801   1493  -1
802   669   -1
806   520   -1
809   696   -1
807   698   -1
808   702   -1
808   1334  -1
806   1336  -1
808   366   -1
807   588   -1
808   753   -1
809   494   -1
808   1481  -1
810   382   -1
811   580   -1
815   1299  -1
811   523   -1
812   563   -1
814   565   -1
811   633   -1
811   1400  -1
814   384   -1
814   581   -1
813   610   -1
814   1400  -1
814   548   -1
815   737   -1
815   1471  -1
815   520   -1
817   518   -1
816   1356  -1
817   587   -1
816   1335  -1
818   1333  -1
821   1400  -1
817   1396  -1
817   598   -1
817   609   -1
820   1389  -1
820   608   -1
821   577   -1
820   613   -1
821   1329  -1
821   1475  -1
822   443   -1
825   661   -1
822   661   -1
824   481   -1
823   544   -1
824   564   -1
825   680   -1
824   1359  -1
826   1482  -1
824   1480  -1
826   550   -1
825   1448  -1
828   536   -1
828   539   -1
827   574   -1
829   723   -1
830   559   -1
830   652   -1
832   1361  -1
843   1388  -1
831   1483  -1
831   1381  -1
833   1458  -1
834   547   -1
834   804   -1
835   588   -1
834   1455  -1
836   520   -1
836   584   -1
837   697   -1
838   576   -1
838   1370  -1
838   714   -1
839   628   -1
840   728   -1
839   1379  -1
842   1366  -1
852   1369  -1
844   1364  -1
841   1461  -1
843   411   -1
843   614   -1
846   397   -1
846   466   -1
849   745   -1
847   565   -1
847   818   -1
848   394   -1
849   631   -1
851   416   -1
851   520   -1
851   505   -1
852   559   -1
853   678   -1
854   452   -1
853   790   -1
856   588   -1
855   643   -1
856   433   -1
858   567   -1
860   360   -1
861   412   -1
860   520   -1
862   794   -1
863   449   -1
863   623   -1
866   531   -1
868   576   -1
867   595   -1
868   389   -1
868   579   -1
869   645   -1
869   1453  -1
870   444   -1
872   527   -1
871   536   -1
872   558   -1
875   1420  -1
876   420   -1
876   824   -1
876   1415  -1
878   541   -1
878   665   -1
879   613   -1
878   1418  -1
879   560   -1
880   522   -1
880   1401  -1
882   811   -1
882   609   -1
883   624   -1
885   380   -1
885   520   -1
884   801   -1
886   552   -1
886   609   -1
889   513   -1
889   1409  -1
889   1420  -1
889   752   -1
889   810   -1
893   633   -1
893   834   -1
894   534   -1
895   606   -1
896   646   -1
896   654   -1
898   631   -1
897   1396  -1
899   512   -1
899   811   -1
899   1392  -1
903   522   -1
905   544   -1
906   541   -1
904   656   -1
905   830   -1
904   1395  -1
906   1405  -1
906   388   -1
907   584   -1
907   632   -1
907   391   -1
907   608   -1
908   812   -1
910   656   -1
911   804   -1
911   1374  -1
913   661   -1
918   399   -1
919   751   -1
920   492   -1
923   525   -1
924   667   -1
927   590   -1
929   518   -1
930   741   -1
930   799   -1
933   801   -1
934   813   -1
936   800   -1
938   468   -1
937   549   -1
941   577   -1
940   477   -1
939   652   -1
941   499   -1
941   599   -1
944   526   -1
943   501   -1
946   474   -1
946   584   -1
948   586   -1
947   642   -1
947   815   -1
947   471   -1
948   517   -1
954   561   -1
953   812   -1
954   661   -1
956   581   -1
956   651   -1
960   652   -1
956   826   -1
958   455   -1
957   660   -1
958   741   -1
959   662   -1
959   820   -1
960   499   -1
959   578   -1
960   510   -1
961   450   -1
963   452   -1
963   657   -1
962   802   -1
965   582   -1
967   659   -1
968   791   -1
967   406   -1
970   656   -1
969   543   -1
971   485   -1
971   493   -1
971   504   -1
973   556   -1
972   568   -1
974   571   -1
973   791   -1
974   591   -1
976   509   -1
975   515   -1
978   761   -1
980   529   -1
980   553   -1
984   560   -1
984   572   -1
983   753   -1
986   503   -1
986   432   -1
986   549   -1
989   656   -1
990   632   -1
989   818   -1
994   474   -1
995   650   -1
996   439   -1
999   571   -1
999   513   -1
1001  515   -1
999   773   -1
1000  813   -1
1000  421   -1
1002  560   -1
1001  650   -1
1002  788   -1
1002  557   -1
1006  439   -1
1006  805   -1
1008  771   -1
1010  614   -1
1011  412   -1
1012  804   -1
1014  551   -1
1015  809   -1
1018  496   -1
1020  769   -1
1022  544   -1
1025  799   -1
1027  507   -1
1028  615   -1
1026  613   -1
1031  497   -1
1033  794   -1
1037  594   -1
1036  792   -1
1039  513   -1
1038  546   -1
1041  583   -1
1042  545   -1
1043  764   -1
1044  752   -1
1044  767   -1
1045  607   -1
1046  589   -1
1052  576   -1
1052  784   -1
1053  497   -1
1056  504   -1
1059  761   -1
1063  782   -1
1065  736   -1
1067  548   -1
1068  599   -1
1068  738   -1
1071  781   -1
1079  504   -1
1077  501   -1
1074  531   -1
1074  757   -1
1079  510   -1
1084  721   -1
1084  510   -1
1089  520   -1
1089  758   -1
1092  551   -1
1095  746   -1
1095  756   -1
1100  514   -1
1102  728   -1
1104  558   -1
1107  547   -1
1107  720   -1
1108  508   -1
1111  713   -1
1113  743   -1
1119  669   -1
1114  518   -1
1117  546   -1
1117  694   -1
1121  711   -1
1122  682   -1
1124  701   -1
1129  537   -1
1129  558   -1
1140  686   -1
1138  542   -1
1137  559   -1
1137  692   -1
1139  666   -1
1140  407   -1
1141  496   -1
1142  669   -1
1143  707   -1
1145  698   -1
1147  410   -1
1148  539   -1
1150  564   -1
1153  566   -1
1153  633   -1
1152  559   -1
1153  390   -1
1155  552   -1
1158  578   -1
1160  410   -1
1160  498   -1
1161  405   -1
1164  393   -1
1164  631   -1
1166  573   -1
1166  663   -1
1167  655   -1
1174  554   -1
1175  372   -1
1176  376   -1
1176  653   -1
1177  517   -1
1179  379   -1
1178  580   -1
1180  647   -1
1184  380   -1
1184  636   -1
1186  634   -1
1185  501   -1
1186  566   -1
1188  586   -1
1188  393   -1
1188  632   -1
1191  380   -1
1191  394   -1
1196  367   -1
1197  563   -1
1198  585   -1
1202  369   -1
1205  570   -1
1210  358   -1
1207  384   -1
1213  358   -1
1214  579   -1
1214  604   -1
1222  581   -1
1224  583   -1
1222  841   -1
1225  601   -1
1229  370   -1
1229  355   -1
1230  363   -1
1232  377   -1
1232  380   -1
1235  598   -1
1236  591   -1
1240  778   -1
1244  543   -1
1245  378   -1
1248  364   -1
1250  376   -1
1253  364   -1
1254  368   -1
1259  358   -1
1262  387   -1
1274  372   -1
1274  382   -1
1278  394   -1
1285  660   -1
1286  396   -1
1288  391   -1
1292  755   -1
1298  410   -1
1298  1717  -1
1300  383   -1
1300  400   -1
1310  399   -1
1312  389   -1
1313  406   -1
1314  422   -1
1323  416   -1
1325  420   -1
1338  411   -1
1339  1721  -1
1341  440   -1
1341  444   -1
1348  420   -1
1351  453   -1
1361  432   -1
1357  428   -1
1352  449   -1
1357  436   -1
1364  463   -1
1366  460   -1
1367  468   -1
1369  1738  -1
1378  465   -1
1381  1412  -1
1385  1428  -1
1387  1477  -1
1391  491   -1
1393  472   -1
1403  1414  -1
1409  493   -1
1409  496   -1
1409  1706  -1
1415  1441  -1
1424  1428  -1
1418  1706  -1
1420  1511  -1
1422  511   -1
1422  1450  -1
1423  710   -1
1431  487   -1
1434  493   -1
1433  1536  -1
1434  1470  -1
1435  1456  -1
1439  1474  -1
1436  1474  -1
1439  1442  -1
1439  485   -1
1439  1450  -1
1441  495   -1
1441  508   -1
1442  1486  -1
1443  492   -1
1445  511   -1
1445  1371  -1
1453  1355  -1
1453  494   -1
1453  491   -1
1456  1355  -1
1456  1467  -1
1459  1327  -1
1459  512   -1
1463  511   -1
1460  1473  -1
1461  1358  -1
1463  1431  -1
1463  1519  -1
1465  519   -1
1471  494   -1
1470  516   -1
1470  1479  -1
1472  1446  -1
1473  1412  -1
1474  1399  -1
1476  1338  -1
1476  1555  -1
1477  1443  -1
1482  1535  -1
1482  507   -1
1484  1456  -1
1484  1378  -1
1486  1388  -1
1486  1363  -1
1486  1419  -1
1487  1552  -1
1488  1409  -1
1492  1403  -1
1494  1375  -1
1495  1392  -1
1494  1441  -1
1496  1378  -1
1496  1456  -1
1498  1714  -1
1500  1529  -1
1502  1497  -1
1503  1354  -1
1504  1485  -1
1506  1383  -1
1505  1586  -1
1507  1409  -1
1511  1473  -1
1515  509   -1
1513  507   -1
1517  1409  -1
1520  494   -1
1524  510   -1
1522  1396  -1
1526  1408  -1
1527  1365  -1
1528  1348  -1
1528  1601  -1
1529  1430  -1
1530  1486  -1
1532  1424  -1
1534  1323  -1
1535  511   -1
1536  1381  -1
1537  519   -1
1537  1570  -1
1538  1616  -1
1540  1645  -1
1543  508   -1
1544  1355  -1
1546  1381  -1
1545  1516  -1
1550  1365  -1
1550  1393  -1
1550  1402  -1
1552  1423  -1
1552  1645  -1
1555  1531  -1
1553  1533  -1
1555  1421  -1
1559  1362  -1
1559  1466  -1
1560  1518  -1
1562  1403  -1
1563  1496  -1
1563  1650  -1
1565  1499  -1
1567  1518  -1
1568  1651  -1
1569  1481  -1
1569  1434  -1
1569  1456  -1
1571  1454  -1
1571  1506  -1
1572  1633  -1
1573  1461  -1
1578  1489  -1
1578  1384  -1
1579  1423  -1
1582  1492  -1
1582  1507  -1
1581  1673  -1
1582  1440  -1
1584  496   -1
1588  1418  -1
1589  1598  -1
1593  1627  -1
1594  519   -1
1597  510   -1
1599  1597  -1
1604  504   -1
1605  1656  -1
1610  1512  -1
1609  1709  -1
1611  513   -1
1612  1617  -1
1614  1571  -1
1619  507   -1
1619  1604  -1
1622  1605  -1
1626  1582  -1
1626  494   -1
1629  507   -1
1627  510   -1
1632  1653  -1
1634  1476  -1
1634  1479  -1
1634  1484  -1
1644  1644  -1
1644  1623  -1
1645  494   -1
1652  496   -1
1654  493   -1
1653  1485  -1
1656  1609  -1
1659  1462  -1
1659  1609  -1
1660  510   -1
1662  1451  -1
1667  1618  -1
1667  1428  -1
1676  1449  -1
1679  1615  -1
1685  500   -1
1685  1400  -1
1687  1466  -1
1692  1416  -1
1697  1658  -1
1699  1443  -1
1702  1541  -1
1714  1414  -1
1718  1646  -1
1727  1666  -1
1735  1408  -1
1753  1654  -1
1755  1503  -1
254   789   0
254   790   0
505   652   1
504   652   1
572   634   2
567   635   2
568   633   2
570   633   2
677   430   3
676   429   3
783   1338  4
783   1339  4
789   633   5
789   635   5
792   1316  6
791   1317  6
793   1315  6
807   638   7
807   636   7
806   634   7
841   588   8
841   587   8
854   408   9
855   407   9
932   817   10
931   817   10
933   817   10
1371  446   11
1371  445   11
1458  1478  12
1459  1479  12
1484  1486  13
1484  1487  13
1522  1599  14
1523  1600  14
1552  1517  15
1554  1517  15
1555  1495  16
1556  1496  16
1615  1595  17
1615  1593  17
1675  1483  18
1674  1482  18
1681  275   19
1683  274   19
304   1089  20
305   1090  20
311   718   21
311   716   21
344   1054  22
345   1055  22
346   709   23
348   710   23
408   1018  24
406   1018  24
410   693   25
411   692   25
459   662   26
459   661   26
458   661   26
460   662   26
461   662   26
462   593   27
463   594   27
465   572   28
464   573   28
469   652   29
471   651   29
476   970   30
475   970   30
482   571   31
482   570   31
482   571   31
482   570   31
482   571   31
481   570   31
482   571   31
483   573   31
480   570   31
482   570   31
484   572   31
481   569   31
483   573   31
478   569   31
479   495   32
481   496   32
509   628   33
509   628   33
537   880   34
538   879   34
546   617   35
548   618   35
552   620   36
551   620   36
582   523   37
581   522   37
583   850   38
583   851   38
592   616   39
591   618   39
601   601   40
601   602   40
600   618   41
601   619   41
607   829   42
606   828   42
625   600   43
627   600   43
654   817   44
652   817   44
655   628   45
657   628   45
667   625   46
667   626   46
667   812   47
668   811   47
670   630   48
669   630   48
679   679   49
680   680   49
682   681   49
679   678   49
682   599   50
683   599   50
681   598   50
684   600   50
681   603   51
680   604   51
685   420   52
683   420   52
685   629   53
684   628   53
685   424   54
686   425   54
687   623   55
686   622   55
696   684   56
696   684   56
696   684   56
696   684   56
697   683   56
700   683   56
696   684   56
694   687   56
696   686   56
695   683   56
699   683   56
703   677   57
703   677   57
703   677   57
703   677   57
701   679   58
701   679   58
703   680   58
695   581   59
696   582   59
702   705   60
701   704   60
703   706   60
705   604   61
703   603   61
704   655   62
704   653   62
704   656   62
706   654   62
704   657   62
702   788   63
702   787   63
706   701   64
706   702   64
710   646   65
708   647   65
712   647   65
715   641   66
717   642   66
719   642   66
715   690   67
716   691   67
710   607   68
712   606   68
711   524   69
712   526   69
710   523   69
711   754   70
713   753   70
713   764   71
714   765   71
717   668   72
719   667   72
716   667   72
720   629   73
722   630   73
718   628   73
721   632   73
721   711   74
720   711   74
725   528   75
726   529   75
725   528   75
726   529   75
726   534   75
725   528   75
725   531   75
727   534   75
723   529   75
726   529   75
726   533   75
722   528   75
725   531   75
726   536   75
724   668   76
724   667   76
725   519   77
725   521   77
725   562   78
725   562   78
726   787   79
724   787   79
732   743   80
732   744   80
736   429   81
738   429   81
734   429   81
735   767   82
735   767   82
743   621   83
743   621   83
743   621   83
743   622   83
743   621   83
743   622   83
737   622   83
740   621   83
744   621   83
736   621   83
742   621   83
739   622   83
737   693   84
736   693   84
743   320   85
742   318   85
749   742   86
749   742   86
748   742   86
749   742   86
748   742   86
750   742   86
748   742   86
750   742   86
749   743   86
747   741   86
750   742   86
747   741   86
749   743   86
751   744   86
747   742   86
750   742   86
747   741   86
752   743   86
747   744   86
748   773   87
747   773   87
748   442   88
752   440   88
750   441   88
749   726   89
748   727   89
751   687   90
751   687   90
752   501   91
753   502   91
753   500   91
753   588   92
751   588   92
754   538   93
754   540   93
758   770   94
756   769   94
757   1434  95
758   1435  95
760   1437  96
761   1439  96
761   1442  97
760   1442  97
762   615   98
762   615   98
763   427   99
764   426   99
764   1398  100
762   1397  100
763   1426  101
763   1425  101
764   1451  102
765   1451  102
766   1453  102
768   1390  103
767   1390  103
766   1393  104
764   1393  104
767   490   105
769   491   105
766   659   106
766   658   106
767   764   107
767   763   107
771   1403  108
770   1403  108
770   592   109
769   592   109
771   591   109
770   770   110
770   769   110
772   770   110
771   1440  111
769   1441  111
772   1440  111
770   451   112
772   451   112
772   613   113
774   613   113
773   626   114
774   626   114
773   626   114
774   625   114
774   1397  115
774   1399  115
774   1448  116
773   1450  116
775   1448  116
776   471   117
775   472   117
776   327   118
776   327   118
779   612   119
777   612   119
779   511   120
779   513   120
779   509   120
779   733   121
778   733   121
784   1360  122
784   1359  122
780   1361  123
781   1360  123
779   1361  123
788   1362  124
788   1362  124
785   1372  125
785   1372  125
781   1373  126
781   1374  126
782   1350  127
780   1349  127
783   1348  127
779   1434  128
780   1435  128
782   1441  129
781   1442  129
782   1440  129
781   1447  130
782   1445  130
781   1449  130
782   758   131
782   758   131
782   1427  132
783   1427  132
783   1379  133
782   1377  133
785   755   134
785   755   134
784   754   134
789   1345  135
789   1343  135
789   1345  135
787   1340  136
786   1340  136
784   1397  137
784   1397  137
787   667   138
785   666   138
788   1448  139
789   1450  139
791   1451  139
786   640   140
788   638   140
787   638   140
788   1413  141
788   1413  141
789   1413  141
788   459   142
789   459   142
790   1349  143
790   1348  143
795   1332  144
795   1332  144
793   1332  144
796   1333  144
793   1331  144
795   1333  144
791   1330  144
794   1326  145
795   1329  145
794   1327  145
791   1458  146
791   1456  146
794   608   147
794   608   147
794   608   147
795   609   147
794   608   147
795   609   147
794   608   147
795   609   147
794   608   147
795   609   147
794   612   147
793   608   147
796   611   147
798   454   148
798   455   148
798   576   149
797   576   149
799   1297  150
798   1297  150
803   1294  151
801   1294  151
806   1295  152
806   1295  152
801   1400  153
801   1402  153
801   1400  153
802   1402  153
801   1398  153
800   556   154
799   555   154
802   372   155
802   372   155
801   611   156
803   610   156
801   1302  157
803   1302  157
801   1302  157
802   1378  158
802   1377  158
802   1439  159
804   1439  159
803   1479  160
802   1477  160
805   1313  161
805   1314  161
807   1314  161
805   1313  161
808   1314  161
807   376   162
806   375   162
806   511   163
807   510   163
808   1351  164
808   1352  164
809   1349  164
807   1353  164
807   1350  164
808   1354  164
810   1352  164
806   1351  164
809   1349  164
812   1350  165
813   1350  165
812   1356  166
810   1357  166
809   620   167
808   619   167
809   629   168
809   628   168
808   749   169
809   750   169
809   723   170
809   723   170
810   1307  171
809   1307  171
811   1321  172
811   1325  172
811   1321  172
810   1323  172
812   1296  173
812   1297  173
813   1296  173
812   1299  173
813   1301  173
810   1299  173
815   1303  174
815   1303  174
811   1444  175
814   1445  175
813   1445  175
814   1450  176
814   1451  176
814   1485  177
813   1486  177
815   450   178
816   449   178
817   1359  179
815   1359  179
817   445   180
818   446   180
821   1333  181
820   1335  181
819   1398  182
819   1398  182
818   1391  183
817   1390  183
820   1378  184
820   1378  184
821   618   185
821   620   185
820   1346  186
822   1347  186
821   525   187
821   525   187
823   553   188
823   551   188
824   1355  189
824   1354  189
825   582   190
827   582   190
827   1336  191
827   1336  191
827   1392  192
829   1393  192
829   1462  193
829   1462  193
830   1338  194
832   1335  194
831   1337  194
834   1357  195
835   1357  195
833   1356  195
835   1357  195
832   1358  195
835   1357  195
831   1355  195
833   1356  195
837   1392  196
838   1393  196
836   1391  196
838   1395  196
833   1400  197
835   1399  197
832   1401  197
841   1391  198
839   1390  198
834   1395  199
834   1393  199
832   1387  200
832   1387  200
841   741   201
840   742   201
840   656   202
841   657   202
842   1360  203
841   1362  203
847   1375  204
844   1369  204
846   1373  204
842   1372  204
847   1375  204
843   1370  204
846   1368  204
844   1372  204
849   1369  205
849   1369  205
845   1379  206
845   1380  206
846   747   207
846   746   207
846   603   208
847   604   208
847   704   209
849   704   209
849   379   210
849   380   210
850   382   210
849   379   210
850   1358  211
850   1359  211
851   1357  211
852   1355  211
850   1359  211
848   1362  212
848   1363  212
849   1386  213
848   1385  213
849   440   214
849   441   214
849   1352  215
850   1351  215
852   569   216
852   568   216
854   627   217
855   625   217
857   624   217
857   619   218
856   617   218
856   620   218
858   617   218
860   737   219
860   736   219
864   792   220
864   791   220
861   1431  221
862   1431  221
863   806   222
863   807   222
865   799   223
863   799   223
871   386   224
869   386   224
869   649   225
868   648   225
873   647   226
872   646   226
873   583   227
874   582   227
876   678   228
875   677   228
876   425   229
877   424   229
877   562   230
879   563   230
879   734   231
877   734   231
879   818   232
878   818   232
881   1409  233
882   1409  233
879   1410  233
884   618   234
884   617   234
886   836   235
886   837   235
887   371   236
888   373   236
892   511   237
891   511   237
892   512   237
891   511   237
892   514   237
893   510   237
889   612   238
890   612   238
892   388   239
894   387   239
895   551   240
895   553   240
895   549   240
896   577   241
897   576   241
897   736   242
898   737   242
906   490   243
907   492   243
907   758   244
907   758   244
912   605   245
912   605   245
912   529   246
912   531   246
916   591   247
916   592   247
920   609   248
920   610   248
920   1375  249
921   1373  249
923   592   250
923   594   250
926   405   251
927   406   251
926   575   252
926   577   252
929   387   253
928   387   253
932   599   254
931   598   254
933   669   255
932   668   255
937   753   256
937   753   256
937   753   256
937   753   256
939   754   256
935   752   256
939   546   257
940   544   257
938   545   257
938   576   258
938   576   258
943   585   259
941   584   259
945   530   260
945   529   260
945   530   260
945   529   260
945   530   260
945   490   261
943   490   261
948   801   262
948   802   262
948   824   263
948   823   263
950   485   264
950   486   264
950   494   265
949   494   265
952   429   266
952   431   266
952   464   267
952   462   267
962   407   268
962   405   268
963   519   269
964   517   269
966   576   270
966   575   270
968   581   271
969   580   271
968   581   271
969   653   272
969   653   272
968   654   272
972   816   273
973   817   273
972   818   273
979   653   274
980   654   274
980   780   275
979   779   275
979   784   276
979   784   276
987   757   277
986   755   277
992   621   278
993   622   278
990   620   278
993   438   279
993   438   279
992   441   280
993   441   280
994   635   281
992   636   281
999   525   282
998   524   282
1000  622   283
1001  623   283
1002  590   284
1002  592   284
1003  485   285
1003  485   285
1013  538   286
1014  537   286
1015  612   287
1015  612   287
1014  637   288
1015  636   288
1023  788   289
1022  789   289
1028  794   290
1028  793   290
1034  587   291
1034  589   291
1035  605   292
1035  607   292
1036  616   293
1037  614   293
1039  427   294
1038  426   294
1040  614   295
1040  614   295
1048  506   296
1049  505   296
1048  577   297
1047  576   297
1056  768   298
1057  768   298
1058  754   299
1057  753   299
1058  754   299
1061  758   300
1062  757   300
1065  594   301
1066  595   301
1075  505   302
1075  505   302
1074  504   302
1075  505   302
1075  778   303
1074  778   303
1085  762   304
1083  763   304
1087  753   305
1087  752   305
1087  563   306
1088  563   306
1089  514   307
1090  513   307
1096  725   308
1097  724   308
1110  707   309
1109  708   309
1110  706   309
1111  719   310
1111  719   310
1113  731   311
1112  731   311
1114  668   312
1114  668   312
1117  665   313
1117  667   313
1116  733   314
1117  733   314
1117  679   315
1117  679   315
1122  662   316
1124  661   316
1126  673   317
1128  673   317
1130  514   318
1129  516   318
1130  512   318
1138  553   319
1137  552   319
1137  686   320
1136  687   320
1142  673   321
1142  673   321
1147  701   322
1147  702   322
1149  646   323
1148  648   323
1150  501   324
1150  501   324
1153  578   325
1153  576   325
1154  574   325
1155  579   325
1153  687   326
1152  687   326
1158  626   327
1157  626   327
1162  669   328
1161  668   328
1162  669   328
1165  857   329
1166  858   329
1165  856   329
1168  565   330
1168  564   330
1168  565   330
1168  396   331
1170  396   331
1168  553   332
1169  553   332
1174  618   333
1173  618   333
1174  585   334
1176  586   334
1182  630   335
1181  630   335
1184  631   335
1181  498   336
1181  500   336
1183  656   337
1184  656   337
1192  595   338
1191  594   338
1208  360   339
1207  359   339
1209  572   340
1210  571   340
1215  591   341
1214  591   341
1219  606   342
1220  607   342
1228  386   343
1234  386   343
1230  386   343
1235  386   343
1232  386   343
1233  370   344
1233  372   344
1243  383   345
1241  382   345
1247  568   346
1247  567   346
1246  569   346
1268  360   347
1268  362   347
1268  364   347
1282  398   348
1284  398   348
1283  662   349
1282  661   349
1296  372   350
1298  373   350
1304  386   351
1304  386   351
1304  406   352
1305  405   352
1305  416   353
1303  417   353
1324  581   354
1324  581   354
1328  397   355
1327  395   355
1332  436   356
1332  435   356
1337  419   357
1337  420   357
1356  431   358
1358  432   358
1352  430   359
1353  431   359
1352  414   360
1354  417   360
1353  416   360
1353  420   361
1353  421   361
1353  618   362
1355  618   362
1358  459   363
1358  459   363
1359  502   364
1358  504   364
1371  431   365
1372  432   365
1376  476   366
1375  478   366
1376  476   366
1378  451   367
1377  451   367
1380  471   368
1380  473   368
1389  462   369
1387  462   369
1392  455   370
1392  457   370
1397  478   371
1396  476   371
1397  478   371
1396  475   371
1397  478   371
1395  476   371
1395  474   371
1397  478   371
1395  478   371
1395  474   371
1396  476   371
1396  479   371
1395  474   371
1395  476   371
1396  480   371
1397  478   371
1397  474   371
1393  476   371
1404  491   372
1403  489   372
1405  1422  373
1405  1422  373
1404  1420  373
1409  479   374
1407  482   374
1409  479   374
1408  481   374
1407  482   374
1409  479   374
1407  481   374
1409  479   374
1407  482   374
1409  479   374
1408  481   374
1407  482   374
1409  478   374
1407  481   374
1409  478   374
1407  482   374
1409  479   374
1406  483   374
1408  481   374
1409  478   374
1410  480   374
1406  481   374
1406  483   374
1410  476   374
1408  481   374
1407  485   374
1408  1472  375
1409  1471  375
1414  511   376
1416  511   376
1413  512   376
1417  510   376
1416  469   377
1418  470   377
1420  1426  378
1421  1427  378
1419  1427  378
1428  508   379
1430  506   379
1427  509   379
1427  511   379
1429  507   379
1443  1458  380
1443  1458  380
1441  1457  380
1447  509   381
1448  507   381
1452  512   382
1452  511   382
1453  514   382
1456  492   383
1456  492   383
1473  507   384
1474  506   384
1480  1497  385
1480  1496  385
1483  1524  386
1481  1523  386
1487  1357  387
1485  1357  387
1496  519   388
1498  518   388
1498  513   389
1499  511   389
1498  515   389
1512  1422  390
1513  1423  390
1523  514   391
1521  513   391
1527  1461  392
1527  1459  392
1530  497   393
1531  498   393
1538  1385  394
1538  1384  394
1540  1414  395
1542  1415  395
1538  1414  395
1550  1439  396
1548  1440  396
1558  1412  397
1557  1413  397
1562  498   398
1562  498   398
1562  499   398
1562  498   398
1561  500   398
1564  499   398
1562  498   398
1561  500   398
1564  499   398
1560  498   398
1564  497   398
1563  500   398
1562  502   398
1562  1362  399
1564  1361  399
1561  1571  400
1562  1570  400
1565  1601  401
1566  1601  401
1577  1493  402
1576  1491  402
1577  1614  403
1577  1614  403
1577  1395  404
1579  1396  404
1582  1511  405
1580  1511  405
1592  1595  406
1594  1595  406
1621  505   407
1623  505   407
1650  1680  408
1648  1679  408
1651  500   409
1653  499   409
1686  1564  410
1686  1562  410
1698  1421  411
1698  1421  411
1697  1420  411
1699  1420  411
1710  1559  412
1708  1558  412
1759  1550  413
1760  1551  413
2024  122   414
2026  122   414