# Filename: CLN3-561nm_416_bidi_013.tif
# Puncta radius (pixels): (1.3888888888888888, 1.3888888888888888)
# Puncta radius (nm): (150, 150)
# Cluster threshold (nm): 300
# Min puncta per cluster: 2
# Voxel size (nm): (108, 108)
Y     X     NUM_PUNCTA    CLUSTER_ID
219   924   4             0
241   822   2             1
297   956   2             2
309   1019  2             3
475   1201  2             4
505   1104  2             5
631   1174  2             6
653   1161  2             7
659   1046  2             8
685   988   2             9
744   1155  2             10
747   1004  3             11
757   1069  2             12
760   1127  2             13
763   1037  2             14
780   1138  2             15
786   1181  2             16
846   1166  2             17
852   1001  2             18
857   900   2             19
862   1025  2             20
890   1112  2             21
891   1140  2             22
893   1073  2             23
900   296   2             24
905   1163  2             25
914   1065  2             26
925   1012  2             27
925   876   2             28
958   1170  2             29
961   1151  2             30
965   887   2             31
968   990   3             32
1001  1023  2             33
1004  1029  2             34
1020  1027  3             35
1031  831   2             36
1032  940   2             37
1033  1059  2             38
1044  924   2             39
1044  1040  2             40
1079  806   2             41
1093  951   2             42
1093  924   2             43
1109  817   2             44
1115  932   2             45
1119  1110  2             46
1141  1132  2             47
1198  882   2             48
1213  1167  2             49
1213  1138  2             50
1231  1166  2             51
1412  1166  2             52
1421  1130  2             53
1425  1136  2             54
1438  1162  2             55
1439  1152  2             56
1440  1137  2             57
168   823   2             58
184   894   13            59
207   734   3             60
205   907   2             61
209   910   2             62
219   903   2             63
223   811   2             64
231   817   2             65
239   869   4             66
251   827   2             67
271   909   2             68
273   899   3             69
277   928   2             70
282   930   2             71
288   949   2             72
295   911   2             73
294   991   2             74
298   922   2             75
304   968   7             76
317   1021  18            77
312   951   2             78
326   981   2             79
331   1050  2             80
335   1033  6             81
467   1169  4             82
466   1152  2             83
472   1297  2             84
475   1299  2             85
472   1139  2             86
473   1263  2             87
476   1291  2             88
486   1152  2             89
488   1187  2             90
491   1208  41            91
486   1229  2             92
489   1083  2             93
491   1135  2             94
499   1231  3             95
498   1129  2             96
510   1107  9             97
511   1209  3             98
517   1206  2             99
524   1222  3             100
525   1055  2             101
527   1210  2             102
531   1206  2             103
533   1234  2             104
538   1237  3             105
539   1082  2             106
549   1213  3             107
553   1037  2             108
554   1070  2             109
557   1238  2             110
575   1229  3             111
579   1210  8             112
581   1194  5             113
583   1026  2             114
587   1229  2             115
605   1222  2             116
612   1184  3             117
615   1206  2             118
616   1221  2             119
617   1052  2             120
618   991   4             121
621   1213  2             122
626   1194  10            123
627   1184  7             124
628   1022  2             125
634   1211  2             126
634   994   2             127
636   1027  2             128
640   1167  2             129
648   985   2             130
647   1046  2             131
651   1197  5             132
654   1195  5             133
654   974   2             134
657   1162  2             135
660   1053  2             136
665   1161  3             137
663   989   2             138
668   974   6             139
671   969   2             140
666   971   2             141
670   1012  4             142
676   1193  4             143
673   1189  2             144
676   1166  2             145
678   1052  2             146
681   1017  3             147
682   1063  2             148
684   1174  3             149
686   1060  2             150
686   1195  2             151
690   1154  2             152
692   1049  2             153
693   1013  3             154
693   1161  2             155
697   1188  4             156
699   1025  2             157
709   972   16            158
707   975   2             159
706   996   2             160
706   1072  2             161
706   1077  2             162
708   1007  2             163
708   1195  3             164
709   1082  2             165
715   1160  2             166
715   1190  2             167
717   1021  3             168
721   1023  2             169
719   1185  2             170
721   1091  4             171
721   1169  2             172
722   1194  3             173
722   1229  2             174
722   1081  2             175
729   1009  2             176
724   1011  2             177
734   1006  2             178
727   1082  2             179
727   1158  2             180
728   1267  2             181
731   978   3             182
731   1228  2             183
736   1150  3             184
735   1179  2             185
738   1100  2             186
736   1112  2             187
738   1166  2             188
741   1200  2             189
743   1003  2             190
744   1160  2             191
745   1172  2             192
746   1057  2             193
747   1265  2             194
750   1239  2             195
751   1063  2             196
754   1066  2             197
756   1149  2             198
755   1164  2             199
757   1117  3             200
761   1027  2             201
762   1047  2             202
767   1064  5             203
768   1194  3             204
772   1197  3             205
766   1138  2             206
767   965   2             207
768   969   2             208
768   981   2             209
771   1012  3             210
774   989   2             211
774   924   2             212
775   959   2             213
776   948   2             214
778   1164  4             215
785   991   3             216
780   989   2             217
787   995   2             218
782   1003  6             219
781   1038  2             220
783   1050  2             221
785   1138  5             222
785   919   3             223
791   1010  3             224
787   1016  4             225
787   1089  4             226
786   1120  3             227
790   1191  2             228
792   1154  2             229
791   1185  2             230
794   924   2             231
794   1198  2             232
794   1138  2             233
796   1066  2             234
799   994   2             235
802   1197  3             236
801   915   2             237
805   909   2             238
803   1124  2             239
810   966   3             240
808   1197  2             241
810   946   2             242
813   1167  30            243
812   1202  3             244
816   922   2             245
816   1195  2             246
817   974   2             247
819   993   2             248
821   932   2             249
822   1035  3             250
828   968   42            251
827   1013  2             252
826   1163  2             253
828   1193  2             254
827   978   3             255
829   909   2             256
829   935   2             257
831   1203  2             258
833   913   4             259
833   946   2             260
834   957   2             261
834   993   2             262
844   900   2             263
842   904   3             264
847   908   2             265
838   937   4             266
838   950   4             267
840   912   2             268
841   1166  3             269
839   1193  2             270
848   1006  14            271
845   1001  2             272
842   1180  4             273
844   1030  2             274
845   1081  2             275
847   928   2             276
858   1194  2             277
851   1027  2             278
851   1044  2             279
852   1160  4             280
854   1038  2             281
858   926   3             282
861   919   3             283
862   718   2             284
861   915   2             285
866   1170  27            286
863   931   2             287
866   1033  2             288
870   928   2             289
872   926   2             290
873   1118  2             291
874   903   3             292
874   811   2             293
875   1136  3             294
875   1071  2             295
878   1197  4             296
881   1200  2             297
875   1198  2             298
877   734   2             299
879   916   2             300
876   915   2             301
878   822   2             302
879   1096  2             303
880   901   2             304
880   910   2             305
880   1161  2             306
881   1179  2             307
883   829   2             308
885   845   2             309
888   1136  2             310
886   1153  2             311
891   808   2             312
888   1092  2             313
892   1179  3             314
890   732   2             315
898   932   4             316
892   932   2             317
892   1107  2             318
892   1150  3             319
891   900   2             320
892   832   2             321
892   1100  2             322
893   1116  2             323
894   333   2             324
896   1125  2             325
899   859   2             326
897   822   2             327
897   888   2             328
899   1188  2             329
903   1069  4             330
903   1091  2             331
904   1147  3             332
909   880   6             333
905   928   3             334
905   938   2             335
904   1195  2             336
905   872   2             337
907   718   2             338
907   842   3             339
907   850   2             340
907   909   3             341
913   911   2             342
909   913   2             343
908   305   3             344
907   818   2             345
909   822   2             346
909   1070  2             347
913   990   2             348
917   992   3             349
914   998   4             350
915   1152  12            351
915   1145  3             352
918   1192  3             353
918   925   5             354
918   292   2             355
919   839   2             356
920   888   3             357
919   1140  2             358
922   859   2             359
924   1138  2             360
925   1172  19            361
924   941   2             362
924   983   2             363
926   1007  3             364
926   1119  2             365
927   720   2             366
927   1106  3             367
928   957   2             368
929   992   2             369
937   932   4             370
931   933   2             371
933   910   2             372
933   260   2             373
938   1146  3             374
937   965   3             375
938   980   2             376
939   1069  2             377
940   905   3             378
941   1083  2             379
940   1132  3             380
948   1165  3             381
941   1181  2             382
941   968   2             383
943   1162  2             384
945   726   2             385
944   1004  2             386
947   919   2             387
951   936   2             388
948   939   2             389
950   901   3             390
947   1144  2             391
950   963   4             392
950   741   2             393
953   1108  2             394
956   878   2             395
955   1132  2             396
957   741   2             397
957   904   3             398
957   992   2             399
958   1088  3             400
960   918   2             401
961   908   2             402
962   980   4             403
960   1017  2             404
960   1013  2             405
962   355   2             406
962   881   3             407
965   1125  19            408
964   1096  3             409
966   227   3             410
969   625   2             411
966   919   2             412
965   996   2             413
967   1108  4             414
972   1107  2             415
967   875   2             416
967   952   4             417
967   985   2             418
971   1154  7             419
969   1066  2             420
969   940   2             421
970   767   2             422
972   866   2             423
973   1116  2             424
974   1015  2             425
980   875   6             426
981   942   2             427
978   1003  2             428
978   1051  2             429
982   929   3             430
983   638   2             431
984   764   2             432
984   847   2             433
986   1054  7             434
985   747   2             435
986   862   2             436
987   1067  2             437
986   871   3             438
988   901   3             439
989   907   2             440
988   888   2             441
989   1078  2             442
991   859   2             443
994   833   2             444
995   865   2             445
997   926   21            446
996   1043  5             447
996   991   2             448
996   1163  2             449
997   340   3             450
997   858   2             451
1003  883   32            452
997   1012  2             453
998   753   2             454
999   1159  3             455
1001  915   2             456
1004  1150  2             457
1007  827   2             458
1007  776   2             459
1007  901   2             460
1008  849   2             461
1008  845   2             462
1009  1083  2             463
1007  1160  2             464
1010  814   3             465
1011  945   3             466
1010  941   2             467
1008  1035  2             468
1010  1053  2             469
1011  909   2             470
1013  1148  2             471
1016  995   2             472
1019  1134  3             473
1020  342   3             474
1024  944   2             475
1028  945   3             476
1021  941   2             477
1022  821   2             478
1027  818   7             479
1023  815   2             480
1023  917   2             481
1030  919   2             482
1022  1037  2             483
1024  844   2             484
1026  1142  3             485
1031  795   3             486
1036  920   2             487
1037  1143  7             488
1039  793   4             489
1036  1098  2             490
1039  801   2             491
1040  1018  2             492
1040  1046  3             493
1041  351   2             494
1041  822   2             495
1041  921   2             496
1046  920   2             497
1045  800   5             498
1044  1022  2             499
1047  1069  2             500
1047  794   2             501
1047  1086  3             502
1051  805   3             503
1048  1021  2             504
1048  815   2             505
1051  1072  4             506
1052  995   2             507
1057  1103  4             508
1058  916   2             509
1057  1076  2             510
1059  1044  2             511
1061  1084  5             512
1061  934   2             513
1064  938   3             514
1060  977   2             515
1063  924   2             516
1065  1099  3             517
1065  796   2             518
1069  928   2             519
1070  1065  3             520
1078  1079  57            521
1081  927   4             522
1081  1031  2             523
1083  1004  2             524
1084  1150  2             525
1088  925   3             526
1087  1034  2             527
1091  1096  2             528
1095  1032  3             529
1091  1112  2             530
1094  1007  2             531
1099  1122  3             532
1101  1028  2             533
1102  762   2             534
1103  920   3             535
1105  929   2             536
1105  1086  2             537
1106  1081  2             538
1120  876   6             539
1114  872   2             540
1111  953   2             541
1110  1048  2             542
1114  1127  2             543
1115  1041  2             544
1120  932   2             545
1120  960   3             546
1117  1020  2             547
1122  1091  2             548
1124  1120  3             549
1124  1131  3             550
1125  1116  2             551
1128  813   2             552
1127  1137  3             553
1129  1000  5             554
1129  1113  2             555
1131  993   3             556
1134  801   2             557
1136  1105  3             558
1136  961   3             559
1136  836   2             560
1136  1131  2             561
1141  959   3             562
1142  1096  3             563
1144  1107  2             564
1146  776   2             565
1145  1114  2             566
1148  1143  2             567
1149  956   2             568
1149  1010  2             569
1153  734   2             570
1152  804   2             571
1152  835   2             572
1154  725   5             573
1160  1114  2             574
1159  1111  2             575
1160  773   2             576
1160  811   2             577
1160  757   3             578
1162  1002  3             579
1168  1141  38            580
1165  1152  2             581
1168  1127  2             582
1173  935   2             583
1172  829   2             584
1173  1010  2             585
1179  941   2             586
1180  1116  2             587
1190  1122  2             588
1191  1130  2             589
1182  1126  2             590
1188  1130  4             591
1182  954   2             592
1185  1004  2             593
1186  912   2             594
1189  875   13            595
1189  902   2             596
1189  990   2             597
1194  1132  2             598
1194  1156  3             599
1194  940   3             600
1194  995   2             601
1195  891   2             602
1199  1121  3             603
1200  864   2             604
1203  1130  2             605
1204  878   3             606
1207  931   2             607
1206  934   2             608
1208  910   2             609
1206  981   2             610
1209  972   2             611
1216  1172  3             612
1216  887   2             613
1219  983   3             614
1220  971   2             615
1225  974   2             616
1224  983   2             617
1225  1146  2             618
1229  1142  2             619
1228  1171  2             620
1237  1161  2             621
1242  1157  2             622
1245  1155  2             623
1253  1177  34            624
1252  1142  2             625
1262  1154  2             626
1279  1182  2             627
1280  1186  2             628
1284  1165  2             629
1294  1180  2             630
1305  1182  4             631
1315  1146  3             632
1316  1159  2             633
1322  1183  2             634
1329  1177  2             635
1334  1180  2             636
1349  1153  2             637
1349  1184  2             638
1352  1157  2             639
1356  1181  2             640
1352  1180  2             641
1359  1164  2             642
1370  1170  2             643
1384  1174  9             644
1387  1170  2             645
1391  1147  2             646
1399  1148  2             647
1400  1157  4             648
1402  1139  2             649
1403  1176  3             650
1416  1129  4             651
1420  1160  4             652
1420  1166  2             653
1434  1139  11            654
1433  1153  2             655
1440  1170  2             656
1449  1157  2             657
1466  1134  2             658
1471  1152  4             659
1469  1155  2             660
1470  1160  2             661
1486  1118  3             662
1492  1137  18            663
1496  1109  2             664
1500  1117  2             665
1526  1108  3             666
1553  1128  2             667
1566  1121  2             668
1593  1062  2             669
1657  1091  8             670