# Filename: CLN3-561nm_416_bidi_008.tif
# Puncta radius (pixels): (1.3888888888888888, 1.3888888888888888)
# Puncta radius (nm): (150, 150)
# Cluster threshold (nm): 300
# Min puncta per cluster: 2
# Voxel size (nm): (108, 108, 200)
Y     X     CLUSTER_ID
0     1721  -1
2     1856  -1
5     1748  -1
6     1721  -1
12    1731  -1
15    1754  -1
16    1744  -1
21    1855  -1
22    1752  -1
25    1733  -1
27    1713  -1
27    1721  -1
29    1749  -1
30    1718  -1
33    1745  -1
36    1721  -1
36    1733  -1
37    1726  -1
39    1707  -1
44    1734  -1
44    1739  -1
46    1706  -1
46    1718  -1
47    1721  -1
48    1730  -1
49    1701  -1
53    1705  -1
53    1721  -1
55    1718  -1
59    1723  -1
228   1537  -1
229   1551  -1
231   1466  -1
233   1471  -1
237   1526  -1
238   1515  -1
239   1478  -1
239   1549  -1
239   1554  -1
240   1495  -1
242   1541  -1
246   1480  -1
246   1541  -1
247   1501  -1
251   1479  -1
252   1505  -1
252   1528  -1
254   1488  -1
256   1492  -1
261   1472  -1
262   1487  -1
262   1518  -1
264   1285  -1
265   1475  -1
265   1493  -1
266   1489  -1
267   1281  -1
268   1292  -1
272   1496  -1
273   1290  -1
273   1474  -1
277   1273  -1
279   1285  -1
279   1349  -1
279   1452  -1
280   1489  -1
282   1253  -1
282   1384  -1
283   1264  -1
284   1284  -1
284   1295  -1
286   1302  -1
287   1235  -1
287   1457  -1
288   1322  -1
289   1227  -1
291   1484  -1
292   1105  -1
292   1208  -1
292   1240  -1
292   1356  -1
293   1302  -1
295   1232  -1
296   1442  -1
297   1340  -1
299   1459  -1
301   1101  -1
301   1219  -1
301   1269  -1
302   1388  -1
303   1262  -1
304   1378  -1
305   1245  -1
305   1448  -1
307   1085  -1
310   1206  -1
310   1221  -1
311   1018  -1
311   1083  -1
311   1092  -1
312   1189  -1
312   1239  -1
314   1184  -1
314   1288  -1
315   1423  -1
317   1167  -1
317   1428  -1
318   1188  -1
321   1415  -1
323   1292  -1
325   1185  -1
326   1072  -1
326   1293  -1
327   1309  -1
327   1411  -1
332   1418  -1
333   1423  -1
334   1212  -1
334   1406  -1
335   998   -1
335   1233  -1
335   1453  -1
336   1003  -1
337   1253  -1
337   1460  -1
338   1315  -1
339   1223  -1
340   1424  -1
340   1455  -1
342   1399  -1
343   1442  -1
344   981   -1
344   1184  -1
345   1435  -1
346   953   -1
346   1194  -1
347   1446  -1
348   1233  -1
348   1246  -1
348   1386  -1
350   1292  -1
350   1471  -1
351   1465  -1
352   1230  -1
352   1307  -1
354   1147  -1
355   1315  -1
355   1405  -1
356   1387  -1
356   1394  -1
357   1403  -1
358   1301  -1
359   1453  -1
363   1182  -1
363   1380  -1
364   600   -1
364   1371  -1
365   1169  -1
365   1474  -1
367   1299  -1
367   1356  -1
367   1490  -1
368   1375  -1
370   1361  -1
371   1382  -1
372   1355  -1
374   1303  -1
375   1299  -1
376   1315  -1
378   1338  -1
378   1366  -1
379   1468  -1
380   1303  -1
380   1361  -1
381   1346  -1
382   1120  -1
382   1477  -1
382   1483  -1
383   1318  -1
383   1353  -1
384   1325  -1
386   1162  -1
386   1338  -1
387   1099  -1
387   1465  -1
389   1310  -1
389   1323  -1
390   1335  -1
392   1304  -1
392   1325  -1
393   1332  -1
393   1344  -1
393   1467  -1
394   1322  -1
394   1473  -1
395   1077  -1
395   1478  -1
396   1097  -1
396   1314  -1
396   1352  -1
398   1157  -1
399   1091  -1
401   1462  -1
401   1479  -1
402   1076  -1
402   1099  -1
402   1143  -1
402   1470  -1
407   1315  -1
407   1492  -1
408   1116  -1
409   1071  -1
411   1306  -1
411   1334  -1
411   1495  -1
412   1064  -1
414   1291  -1
414   1319  -1
415   1312  -1
416   1482  -1
418   1102  -1
418   1137  -1
420   1492  -1
421   1459  -1
421   1474  -1
422   1488  -1
423   1087  -1
424   1080  -1
425   1474  -1
425   1480  -1
429   1278  -1
433   1072  -1
434   1448  -1
435   1292  -1
436   1473  -1
437   1046  -1
437   1077  -1
437   1279  -1
437   1442  -1
441   1119  -1
441   1449  -1
443   1074  -1
444   1458  -1
445   1042  -1
445   1465  -1
447   1446  -1
448   1436  -1
449   1441  -1
452   1459  -1
454   1441  -1
454   1467  -1
456   1428  -1
461   960   -1
461   1434  -1
465   1424  -1
466   1044  -1
467   1432  -1
469   1453  -1
470   1417  -1
470   1437  -1
471   1073  -1
475   1035  -1
476   500   -1
477   1414  -1
478   1438  -1
479   480   -1
481   487   -1
482   498   -1
482   1429  -1
482   1437  -1
483   1419  -1
483   1424  -1
484   1029  -1
485   978   -1
488   529   -1
490   971   -1
492   510   -1
493   525   -1
493   956   -1
493   1428  -1
494   1412  -1
500   968   -1
500   1414  -1
501   1410  -1
502   486   -1
506   513   -1
506   943   -1
506   1422  -1
509   934   -1
511   496   -1
515   524   -1
515   919   -1
517   527   -1
520   498   -1
521   502   -1
523   525   -1
525   935   -1
530   948   -1
537   976   -1
538   947   -1
543   920   -1
556   969   -1
558   982   -1
561   972   -1
562   963   -1
564   995   -1
565   969   -1
565   989   -1
569   986   -1
570   910   -1
572   901   -1
576   915   -1
581   972   -1
586   890   -1
605   905   -1
636   952   -1
637   890   -1
642   872   -1
643   922   -1
646   937   -1
653   911   -1
659   935   -1
670   879   -1
687   444   -1
690   856   -1
691   862   -1
693   900   -1
694   714   -1
697   711   -1
699   856   -1
704   699   -1
708   913   -1
710   656   -1
712   707   -1
713   858   -1
715   654   -1
715   769   -1
715   886   -1
716   685   -1
717   664   -1
717   676   -1
718   835   -1
719   902   -1
720   680   -1
722   664   -1
722   690   -1
722   857   -1
728   747   -1
731   830   -1
733   711   -1
735   706   -1
737   606   -1
738   691   -1
740   634   -1
741   691   -1
743   704   -1
747   675   -1
748   817   -1
754   682   -1
756   580   -1
756   735   -1
760   709   -1
760   783   -1
761   731   -1
763   706   -1
763   770   -1
767   866   -1
768   886   -1
769   792   -1
769   842   -1
776   771   -1
777   723   -1
779   763   -1
780   700   -1
780   740   -1
780   861   -1
781   703   -1
782   730   -1
784   874   -1
785   722   -1
786   710   -1
788   705   -1
789   712   -1
789   797   -1
789   807   -1
791   718   -1
792   782   -1
792   823   -1
792   875   -1
793   738   -1
794   791   -1
794   847   -1
795   742   -1
795   747   -1
795   777   -1
796   732   -1
796   799   -1
797   795   -1
798   722   -1
800   905   -1
801   712   -1
801   731   -1
801   877   -1
802   717   -1
803   707   -1
803   924   -1
803   937   -1
804   728   -1
806   714   -1
806   779   -1
808   710   -1
810   716   -1
810   723   -1
811   848   -1
812   869   -1
813   773   -1
813   876   -1
815   734   -1
816   723   -1
816   767   -1
818   772   -1
818   885   -1
818   892   -1
819   742   -1
819   876   -1
819   915   -1
820   738   -1
820   855   -1
821   753   -1
821   889   -1
822   748   -1
822   881   -1
823   825   -1
824   892   -1
825   728   -1
827   719   -1
827   724   -1
827   741   -1
827   883   -1
828   687   -1
828   857   -1
829   824   -1
830   739   -1
830   766   -1
833   667   -1
833   796   -1
833   840   -1
835   765   -1
836   693   -1
836   855   -1
836   887   -1
839   698   -1
841   656   -1
842   663   -1
842   735   -1
842   835   -1
843   848   -1
843   869   -1
845   644   -1
845   652   -1
846   719   -1
846   833   -1
848   705   -1
848   887   -1
851   683   -1
851   779   -1
855   671   -1
855   694   -1
855   878   -1
856   679   -1
856   829   -1
857   729   -1
857   947   -1
859   692   -1
859   805   -1
859   810   -1
860   622   -1
860   669   -1
860   992   -1
861   642   -1
861   720   -1
861   731   -1
861   798   -1
861   979   -1
862   657   -1
862   687   -1
863   665   -1
864   670   -1
864   825   -1
864   840   -1
865   570   -1
865   696   -1
866   846   -1
866   959   -1
867   558   -1
868   554   -1
868   761   -1
868   866   -1
869   644   -1
869   814   -1
870   655   -1
870   660   -1
870   766   -1
872   548   -1
872   613   -1
872   971   -1
873   844   -1
874   681   -1
874   719   -1
875   609   -1
875   832   -1
876   1003  -1
877   816   -1
877   820   -1
878   713   -1
879   641   -1
879   667   -1
879   825   -1
879   990   -1
879   994   -1
880   845   -1
881   582   -1
881   1018  -1
882   635   -1
882   706   -1
882   792   -1
883   631   -1
884   974   -1
885   818   -1
885   858   -1
886   840   -1
887   578   -1
887   753   -1
888   971   -1
889   599   -1
889   636   -1
889   651   -1
890   507   -1
890   782   -1
891   536   -1
892   645   -1
892   697   -1
893   588   -1
893   619   -1
893   730   -1
894   710   -1
895   649   -1
896   534   -1
896   674   -1
896   724   -1
897   619   -1
897   679   -1
897   802   -1
898   599   -1
898   764   -1
899   497   -1
899   517   -1
899   690   -1
899   714   -1
899   998   -1
900   590   -1
900   753   -1
901   663   -1
901   744   -1
902   687   -1
902   707   -1
902   795   -1
902   967   -1
903   556   -1
903   560   -1
903   573   -1
903   617   -1
903   737   -1
904   510   -1
904   716   -1
905   613   -1
905   752   -1
905   856   -1
906   647   -1
906   652   -1
907   656   -1
907   707   -1
907   1008  -1
908   686   -1
909   516   -1
909   589   -1
909   614   -1
909   679   -1
909   700   -1
909   739   -1
909   886   -1
910   695   -1
910   802   -1
910   949   -1
911   675   -1
912   601   -1
912   609   -1
912   709   -1
913   618   -1
914   511   -1
914   613   -1
914   622   -1
914   995   -1
915   374   -1
915   627   -1
915   658   -1
915   785   -1
915   1020  -1
917   516   -1
917   860   -1
918   708   -1
918   737   -1
918   807   -1
919   671   -1
919   700   -1
919   766   -1
919   842   -1
920   848   -1
921   548   -1
921   626   -1
921   888   -1
922   657   -1
922   678   -1
922   771   -1
923   569   -1
923   636   -1
924   589   -1
924   596   -1
924   756   -1
924   793   -1
925   850   -1
926   568   -1
926   615   -1
926   733   -1
927   688   -1
927   697   -1
927   758   -1
927   1038  -1
928   647   -1
929   607   -1
929   738   -1
929   779   -1
930   854   -1
931   638   -1
931   713   -1
932   672   -1
932   930   -1
933   663   -1
934   683   -1
934   772   -1
935   707   -1
935   764   -1
935   843   -1
936   714   -1
937   642   -1
937   741   -1
937   859   -1
938   538   -1
938   666   -1
938   675   -1
938   681   -1
938   696   -1
938   704   -1
938   929   -1
939   737   -1
939   882   -1
939   921   -1
940   768   -1
940   1020  -1
942   663   -1
944   722   -1
944   855   -1
944   1026  -1
945   666   -1
945   757   -1
945   765   -1
945   1011  -1
946   606   -1
946   683   -1
946   690   -1
946   890   -1
947   567   -1
947   733   -1
948   876   -1
949   715   -1
949   724   -1
950   648   -1
950   668   -1
950   741   -1
950   932   -1
951   591   -1
951   809   -1
952   605   -1
952   707   -1
952   748   -1
952   791   -1
953   528   -1
953   583   -1
953   926   -1
954   644   -1
954   679   -1
954   686   -1
955   657   -1
956   601   -1
956   715   -1
956   831   -1
957   686   -1
957   698   -1
957   772   -1
957   1032  -1
958   561   -1
958   692   -1
959   734   -1
959   805   -1
960   638   -1
960   703   -1
960   757   -1
960   828   -1
961   520   -1
961   644   -1
962   650   -1
962   661   -1
962   742   -1
962   886   -1
962   923   -1
964   538   -1
964   613   -1
964   684   -1
964   781   -1
964   960   -1
965   605   -1
965   622   -1
965   789   -1
965   1033  -1
967   608   -1
967   802   -1
968   644   -1
968   767   -1
969   521   -1
969   640   -1
969   775   -1
970   616   -1
970   792   -1
972   814   -1
972   881   -1
972   1051  -1
973   625   -1
973   677   -1
973   694   -1
973   800   -1
974   621   -1
974   689   -1
975   608   -1
975   784   -1
975   849   -1
975   1041  -1
976   505   -1
976   640   -1
977   605   -1
977   884   -1
978   665   -1
979   626   -1
979   713   -1
980   604   -1
980   889   -1
981   613   -1
981   683   -1
981   832   -1
982   568   -1
982   592   -1
982   651   -1
982   1038  -1
984   609   -1
984   717   -1
984   895   -1
984   916   -1
985   558   -1
985   575   -1
985   598   -1
985   626   -1
985   675   -1
987   968   -1
988   579   -1
988   805   -1
988   944   -1
989   646   -1
989   938   -1
990   609   -1
990   792   -1
991   590   -1
991   1033  -1
992   593   -1
992   638   -1
992   657   -1
992   662   -1
992   759   -1
993   576   -1
993   633   -1
993   730   -1
994   673   -1
994   746   -1
994   751   -1
994   789   -1
995   769   -1
995   811   -1
995   895   -1
995   907   -1
995   937   -1
995   944   -1
996   656   -1
996   688   -1
996   1003  -1
997   626   -1
997   854   -1
998   580   -1
998   591   -1
998   792   -1
998   796   -1
999   643   -1
999   769   -1
999   912   -1
1000  584   -1
1000  697   -1
1001  633   -1
1001  719   -1
1001  765   -1
1002  734   -1
1002  818   -1
1003  554   -1
1003  655   -1
1003  740   -1
1003  748   -1
1003  810   -1
1003  867   -1
1003  934   -1
1003  1010  -1
1004  500   -1
1004  510   -1
1004  662   -1
1004  783   -1
1004  940   -1
1005  575   -1
1005  712   -1
1005  844   -1
1006  731   -1
1006  764   -1
1006  776   -1
1006  1045  -1
1007  698   -1
1007  771   -1
1007  961   -1
1008  595   -1
1008  724   -1
1008  748   -1
1008  811   -1
1009  516   -1
1009  694   -1
1009  756   -1
1010  780   -1
1010  889   -1
1011  611   -1
1011  845   -1
1012  739   -1
1012  745   -1
1012  838   -1
1013  561   -1
1013  751   -1
1013  870   -1
1014  583   -1
1014  600   -1
1014  709   -1
1014  716   -1
1014  771   -1
1014  862   -1
1015  578   -1
1015  762   -1
1016  589   -1
1016  629   -1
1017  703   -1
1017  739   -1
1017  968   -1
1018  708   -1
1018  904   -1
1019  538   -1
1019  674   -1
1019  950   -1
1020  579   -1
1020  654   -1
1020  752   -1
1020  758   -1
1020  783   -1
1020  807   -1
1021  524   -1
1021  626   -1
1021  735   -1
1021  742   -1
1021  762   -1
1021  864   -1
1022  729   -1
1023  724   -1
1023  800   -1
1023  904   -1
1024  555   -1
1024  563   -1
1024  608   -1
1024  924   -1
1025  694   -1
1025  749   -1
1026  568   -1
1026  715   -1
1026  871   -1
1027  860   -1
1029  775   -1
1029  901   -1
1030  770   -1
1031  874   -1
1032  552   -1
1032  896   -1
1034  523   -1
1034  616   -1
1034  706   -1
1034  781   -1
1034  991   -1
1035  573   -1
1035  720   -1
1036  569   -1
1037  697   -1
1037  812   -1
1038  731   -1
1038  957   -1
1039  705   -1
1039  750   -1
1039  765   -1
1039  845   -1
1040  555   -1
1040  566   -1
1040  954   -1
1041  550   -1
1042  696   -1
1042  791   -1
1043  611   -1
1043  756   -1
1043  908   -1
1044  558   -1
1044  601   -1
1044  669   -1
1044  857   -1
1045  846   -1
1046  642   -1
1046  779   -1
1046  946   -1
1047  886   -1
1050  757   -1
1050  793   -1
1050  830   -1
1050  963   -1
1051  357   -1
1051  556   -1
1051  993   -1
1052  966   -1
1053  537   -1
1053  784   -1
1053  895   -1
1054  701   -1
1054  738   -1
1054  797   -1
1055  358   -1
1055  522   -1
1055  774   -1
1056  348   -1
1056  951   -1
1056  992   -1
1057  354   -1
1058  372   -1
1058  781   -1
1058  790   -1
1059  698   -1
1060  542   -1
1060  775   -1
1060  794   -1
1061  719   -1
1061  787   -1
1061  844   -1
1061  857   -1
1062  354   -1
1062  397   -1
1062  703   -1
1062  1015  -1
1063  382   -1
1064  712   -1
1064  766   -1
1066  834   -1
1067  557   -1
1067  784   -1
1067  916   -1
1068  402   -1
1068  533   -1
1068  562   -1
1068  837   -1
1068  1030  -1
1069  528   -1
1069  553   -1
1069  911   -1
1070  341   -1
1070  409   -1
1070  716   -1
1071  507   -1
1071  594   -1
1071  609   -1
1072  315   -1
1072  366   -1
1072  561   -1
1073  390   -1
1073  777   -1
1073  784   -1
1074  325   -1
1074  713   -1
1074  750   -1
1074  788   -1
1074  974   -1
1075  385   -1
1075  407   -1
1075  414   -1
1075  577   -1
1075  733   -1
1076  513   -1
1077  780   -1
1079  327   -1
1079  769   -1
1079  1023  -1
1080  733   -1
1080  742   -1
1082  365   -1
1082  583   -1
1082  980   -1
1084  828   -1
1084  1015  -1
1085  326   -1
1085  350   -1
1085  393   -1
1085  547   -1
1085  722   -1
1087  509   -1
1087  519   -1
1089  718   -1
1089  742   -1
1089  883   -1
1090  726   -1
1090  862   -1
1092  328   -1
1092  797   -1
1092  893   -1
1093  315   -1
1093  340   -1
1093  398   -1
1093  705   -1
1093  989   -1
1093  999   -1
1094  801   -1
1094  808   -1
1094  886   -1
1095  736   -1
1095  1008  -1
1096  724   -1
1096  1004  -1
1097  753   -1
1097  779   -1
1098  410   -1
1099  807   -1
1099  995   -1
1100  327   -1
1100  1007  -1
1101  322   -1
1101  728   -1
1101  735   -1
1102  293   -1
1102  1011  -1
1103  813   -1
1104  751   -1
1105  562   -1
1105  738   -1
1105  808   -1
1106  719   -1
1107  602   -1
1110  514   -1
1112  680   -1
1112  893   -1
1113  566   -1
1113  598   -1
1113  695   -1
1114  413   -1
1114  734   -1
1114  813   -1
1114  983   -1
1114  1015  -1
1115  672   -1
1116  555   -1
1116  725   -1
1117  421   -1
1117  590   -1
1117  692   -1
1117  782   -1
1118  550   -1
1118  1663  -1
1121  533   -1
1121  699   -1
1121  722   -1
1123  661   -1
1123  702   -1
1123  707   -1
1124  524   -1
1124  728   -1
1126  669   -1
1126  782   -1
1126  979   -1
1128  271   -1
1129  286   -1
1129  680   -1
1131  548   -1
1131  688   -1
1135  447   -1
1135  496   -1
1136  625   -1
1136  921   -1
1136  1004  -1
1137  520   -1
1138  510   -1
1140  1018  -1
1141  275   -1
1141  491   -1
1143  767   -1
1145  255   -1
1145  288   -1
1146  537   -1
1146  998   -1
1147  499   -1
1149  267   -1
1149  858   -1
1149  877   -1
1150  468   -1
1151  450   -1
1151  507   -1
1152  141   -1
1152  528   -1
1153  240   -1
1154  686   -1
1154  999   -1
1155  252   -1
1155  1016  -1
1156  464   -1
1156  497   -1
1157  285   -1
1159  145   -1
1159  609   -1
1161  459   -1
1161  690   -1
1163  168   -1
1163  254   -1
1163  507   -1
1164  470   -1
1166  157   -1
1167  270   -1
1167  858   -1
1168  212   -1
1168  276   -1
1168  897   -1
1169  266   -1
1169  494   -1
1170  199   -1
1170  227   -1
1170  241   -1
1170  482   -1
1171  173   -1
1171  454   -1
1171  460   -1
1171  892   -1
1172  178   -1
1172  957   -1
1172  972   -1
1173  467   -1
1174  256   -1
1174  863   -1
1175  229   -1
1175  455   -1
1176  180   -1
1176  906   -1
1177  611   -1
1177  842   -1
1178  214   -1
1178  468   -1
1178  865   -1
1179  932   -1
1179  1645  -1
1180  666   -1
1180  889   -1
1181  852   -1
1182  485   -1
1182  608   -1
1183  614   -1
1185  446   -1
1189  600   -1
1192  735   -1
1193  844   -1
1195  854   -1
1197  596   -1
1198  1070  -1
1199  908   -1
1202  1662  -1
1206  898   -1
1207  844   -1
1209  881   -1
1215  747   -1
1215  840   -1
1216  855   -1
1219  756   -1
1221  1079  -1
1222  597   -1
1228  1648  -1
1232  759   -1
1234  1082  -1
1237  1070  -1
1238  748   -1
1246  1072  -1
1247  701   -1
1248  627   -1
1249  1085  -1
1249  1100  -1
1251  746   -1
1252  1079  -1
1252  1097  -1
1254  699   -1
1257  851   -1
1260  1085  -1
1261  741   -1
1262  1108  -1
1264  1102  -1
1268  1099  -1
1270  759   -1
1270  1106  -1
1275  562   -1
1275  823   -1
1281  774   -1
1281  817   -1
1287  581   -1
1294  803   -1
1299  743   -1
1302  580   -1
1304  757   -1
1308  753   -1
1366  483   -1
1414  1074  -1
1421  1088  -1
1422  1079  -1
1435  1080  -1
1440  1074  -1
1453  1073  -1
1456  1067  -1
1459  1081  -1
1462  1057  -1
1468  1075  -1
1475  1077  -1
1475  1084  -1
1484  1089  -1
1489  1139  -1
1492  1082  -1
1496  1073  -1
1502  1059  -1
1504  1086  -1
1507  1090  -1
1510  1061  -1
1513  1073  -1
1536  1080  -1
1541  1143  -1
1545  1157  -1
1548  1084  -1
1554  1084  -1
1554  1162  -1
1561  1168  -1
1564  1164  -1
1567  1071  -1
1569  1159  -1
1582  1075  -1
1583  1144  -1
1584  1085  -1
1588  1062  -1
1595  1064  -1
1596  1071  -1
1596  1079  -1
1598  1094  -1
1600  1060  -1
1600  1068  -1
1604  1036  -1
1605  1156  -1
1606  1071  -1
1607  1163  -1
1609  1150  -1
1610  1158  -1
1611  1098  -1
1612  1071  -1
1612  1076  -1
1612  1172  -1
1613  1122  -1
1615  1089  -1
1616  1065  -1
1616  1130  -1
1622  1160  -1
1623  1066  -1
1623  1126  -1
1624  1097  -1
1624  1107  -1
1624  1170  -1
1629  1039  -1
1629  1058  -1
1629  1161  -1
1630  1130  -1
1632  1090  -1
1635  1055  -1
1635  1174  -1
1636  1069  -1
1636  1075  -1
1637  1165  -1
1641  1051  -1
1641  1149  -1
1643  1164  -1
1646  1054  -1
1649  1170  -1
1651  1065  -1
1656  1056  -1
1661  1164  -1
1662  511   -1
1662  1187  -1
1664  499   -1
1665  447   -1
1665  1146  -1
1667  542   -1
1669  459   -1
1669  484   -1
1671  487   -1
1671  1169  -1
1672  511   -1
1672  539   -1
1672  555   -1
1672  1061  -1
1673  406   -1
1673  502   -1
1674  491   -1
1675  476   -1
1677  464   -1
1677  1165  -1
1678  417   -1
1678  507   -1
1678  1140  -1
1679  451   -1
1680  429   -1
1681  418   -1
1681  468   -1
1681  541   -1
1681  1184  -1
1681  1193  -1
1682  1061  -1
1684  406   -1
1686  458   -1
1686  540   -1
1686  588   -1
1686  1271  -1
1687  438   -1
1687  1151  -1
1688  404   -1
1688  1192  -1
1689  505   -1
1690  461   -1
1690  479   -1
1690  515   -1
1690  534   -1
1691  1052  -1
1692  502   -1
1693  361   -1
1694  220   -1
1695  421   -1
1695  494   -1
1696  386   -1
1696  538   -1
1696  553   -1
1697  211   -1
1697  1176  -1
1698  507   -1
1698  574   -1
1699  359   -1
1699  1207  -1
1700  438   -1
1701  408   -1
1702  562   -1
1702  1181  -1
1702  1253  -1
1703  1256  -1
1705  392   -1
1705  395   -1
1706  432   -1
1707  443   -1
1710  202   -1
1710  1219  -1
1712  355   -1
1712  1280  -1
1713  1062  -1
1713  1090  -1
1714  348   -1
1714  1222  -1
1714  1239  -1
1716  372   -1
1716  414   -1
1717  394   -1
1718  358   -1
1718  1062  -1
1718  1067  -1
1718  1236  -1
1718  1272  -1
1721  360   -1
1721  1190  -1
1722  353   -1
1722  1069  -1
1723  1235  -1
1726  1086  -1
1727  1224  -1
1728  313   -1
1728  365   -1
1728  1104  -1
1728  1193  -1
1728  1233  -1
1729  211   -1
1730  1248  -1
1730  1260  -1
1731  304   -1
1731  334   -1
1731  360   -1
1733  206   -1
1733  346   -1
1734  1103  -1
1735  1246  -1
1735  1255  -1
1736  1081  -1
1737  316   -1
1737  322   -1
1739  333   -1
1739  1133  -1
1740  1109  -1
1741  1102  -1
1742  303   -1
1742  1250  -1
1743  200   -1
1745  1118  -1
1746  1132  -1
1747  295   -1
1747  1124  -1
1748  325   -1
1752  1130  -1
1752  1286  -1
1753  293   -1
1754  1137  -1
1754  1243  -1
1755  1231  -1
1756  1111  -1
1756  1226  -1
1757  282   -1
1759  300   -1
1759  310   -1
1759  1149  -1
1760  1280  -1
1761  294   -1
1761  1118  -1
1762  1235  -1
1763  311   -1
1765  1283  -1
1767  1240  -1
1768  287   -1
1768  1244  -1
1769  1293  -1
1770  1253  -1
1771  1148  -1
1773  1374  -1
1773  1407  -1
1774  261   -1
1775  1138  -1
1775  1334  -1
1776  229   -1
1776  1272  -1
1777  1383  -1
1778  1151  -1
1778  1444  -1
1779  1247  -1
1779  1331  -1
1779  1405  -1
1780  1344  -1
1781  1282  -1
1781  1414  -1
1782  233   -1
1783  1383  -1
1784  1326  -1
1785  1342  -1
1785  1426  -1
1786  1265  -1
1787  1336  -1
1787  1436  -1
1789  1255  -1
1789  1289  -1
1790  245   -1
1791  1421  -1
1793  1305  -1
1793  1318  -1
1793  1333  -1
1794  1404  -1
1796  223   -1
1798  1272  -1
1798  1301  -1
1798  1372  -1
1798  1380  -1
1799  1281  -1
1799  1342  -1
1802  251   -1
1803  258   -1
1803  1319  -1
1806  226   -1
1807  1372  -1
1809  235   -1
1809  246   -1
1810  1338  -1
1812  209   -1
1817  233   -1
1818  1334  -1
1847  227   -1
1866  1990  -1
1867  1964  -1
1872  1965  -1
1875  1932  -1
1875  2035  -1
1876  1967  -1
1877  1917  -1
1880  199   -1
1882  211   -1
1882  1896  -1
1882  1947  -1
1885  1982  -1
1889  188   -1
1889  1943  -1
1892  1889  -1
1898  1868  -1
1898  1937  -1
1900  1874  -1
1901  216   -1
1902  1917  -1
1904  204   -1
1906  1934  -1
1908  1879  -1
1911  1924  -1
1912  1901  -1
1913  680   -1
1913  1883  -1
1914  1896  -1
1917  1780  -1
1919  689   -1
1920  682   -1
1920  1794  -1
1922  215   -1
1923  1844  -1
1924  690   -1
1925  680   -1
1925  1772  -1
1928  696   -1
1929  1797  -1
1929  1837  -1
1930  1730  -1
1931  682   -1
1932  189   -1
1932  698   -1
1932  1721  -1
1932  1778  -1
1932  1844  -1
1933  689   -1
1934  702   -1
1933  1770  -1
1934  682   -1
1934  1726  -1
1934  1824  -1
1935  693   -1
1935  709   -1
1938  1767  -1
1938  1777  -1
1939  1716  -1
1939  1788  -1
1939  1828  -1
1940  1746  -1
1940  1753  -1
1941  1855  -1
1942  1676  -1
1943  1820  -1
1944  710   -1
1945  1649  -1
1945  1682  -1
1945  1791  -1
1946  697   -1
1946  706   -1
1946  715   -1
1946  1668  -1
1946  1693  -1
1947  1858  -1
1949  1772  -1
1951  693   -1
1951  1687  -1
1951  1831  -1
1953  1641  -1
1953  1676  -1
1954  1721  -1
1954  1734  -1
1955  705   -1
1956  709   -1
1956  715   -1
1956  1727  -1
1957  183   -1
1957  1657  -1
1957  1744  -1
1958  690   -1
1960  699   -1
1964  706   -1
1965  694   -1
1967  1644  -1
1968  720   -1
1968  1687  -1
1970  698   -1
1970  1684  -1
1971  1697  -1
1972  1623  -1
1973  712   -1
1974  1635  -1
1979  201   -1
1980  1640  -1
1982  1645  -1
1986  702   -1
1987  302   -1
1988  718   -1
1989  1637  -1
1991  724   -1
1994  717   -1
2000  1635  -1
2008  712   -1
2010  722   -1
2011  732   -1
2010  1614  -1
2016  305   -1
2016  721   -1
2018  727   -1
2020  1620  -1
2021  1645  -1
2023  725   -1
2025  747   -1
2026  1657  -1
2027  733   -1
2030  743   -1
2031  843   -1
2032  1645  -1
2033  725   -1
2033  811   -1
2033  1634  -1
2034  737   -1
2035  821   -1
2040  828   -1
2041  733   -1
2041  788   -1
2043  741   -1
2044  226   -1
2044  840   -1
2047  752   -1
2047  761   -1
2047  795   -1
2047  1642  -1
250   1546  -1
290   1390  -1
294   1291  -1
296   1419  -1
298   1210  -1
303   1273  -1
307   1185  -1
308   1189  -1
311   1307  -1
314   1106  -1
316   1036  -1
321   1212  -1
328   1264  -1
337   949   -1
337   1164  -1
340   1235  -1
350   1440  -1
352   1410  -1
357   1204  -1
364   1385  -1
366   1164  -1
390   1119  -1
398   1109  -1
407   1340  -1
410   1084  -1
412   1470  -1
415   1306  -1
429   1120  -1
430   1050  -1
430   1475  -1
435   1106  -1
448   970   -1
448   978   -1
451   1046  -1
452   1072  -1
466   1034  -1
469   968   -1
471   1077  -1
476   1062  -1
483   941   -1
483   1052  -1
484   1433  -1
486   1024  -1
490   1059  -1
496   959   -1
503   1044  -1
506   975   -1
515   977   -1
519   1023  -1
538   941   -1
539   1001  -1
543   909   -1
551   924   -1
555   928   -1
555   962   -1
556   949   -1
558   944   -1
562   901   -1
574   907   -1
576   933   -1
577   988   -1
579   894   -1
579   897   -1
613   907   -1
616   941   -1
617   946   -1
618   886   -1
630   949   -1
634   886   -1
636   935   -1
645   918   -1
652   888   -1
650   890   -1
651   931   -1
675   931   -1
680   905   -1
684   865   -1
685   876   -1
689   703   -1
688   902   -1
697   688   -1
698   696   -1
701   673   -1
699   740   -1
701   704   -1
706   843   -1
710   693   -1
711   696   -1
711   699   -1
712   713   -1
714   755   -1
716   855   -1
719   717   -1
720   765   -1
720   864   -1
724   882   -1
724   670   -1
726   828   -1
729   688   -1
729   763   -1
730   679   -1
734   860   -1
734   765   -1
736   843   -1
741   718   -1
743   667   -1
747   834   -1
749   599   -1
749   628   -1
749   830   -1
750   853   -1
753   856   -1
759   807   -1
762   831   -1
765   820   -1
763   818   -1
766   870   -1
768   589   -1
767   787   -1
771   693   -1
776   768   -1
775   845   -1
777   780   -1
778   857   -1
778   727   -1
779   692   -1
780   709   -1
780   751   -1
782   805   -1
782   817   -1
783   796   -1
784   858   -1
787   762   -1
789   830   -1
793   861   -1
793   795   -1
795   759   -1
795   921   -1
797   714   -1
796   864   -1
799   692   -1
800   780   -1
802   755   -1
805   895   -1
806   748   -1
806   847   -1
806   858   -1
808   759   -1
808   734   -1
809   853   -1
810   797   -1
812   837   -1
811   859   -1
813   700   -1
814   898   -1
814   916   -1
817   865   -1
819   701   -1
820   708   -1
823   810   -1
824   758   -1
826   923   -1
826   767   -1
826   861   -1
828   660   -1
828   808   -1
829   960   -1
832   891   -1
834   744   -1
839   823   -1
833   969   -1
837   864   -1
839   670   -1
840   817   -1
840   557   -1
844   697   -1
843   826   -1
843   878   -1
846   673   -1
846   961   -1
848   560   -1
849   632   -1
848   729   -1
848   751   -1
849   818   -1
848   840   -1
848   858   -1
849   893   -1
851   643   -1
849   646   -1
850   599   -1
851   833   -1
851   737   -1
855   704   -1
856   1003  -1
857   647   -1
857   718   -1
858   855   -1
859   819   -1
861   749   -1
863   615   -1
864   890   -1
864   699   -1
865   714   -1
865   766   -1
865   772   -1
867   634   -1
871   599   -1
867   877   -1
869   837   -1
870   572   -1
871   699   -1
873   565   -1
873   590   -1
873   740   -1
873   813   -1
873   885   -1
872   966   -1
873   580   -1
873   797   -1
874   603   -1
876   685   -1
877   849   -1
877   877   -1
878   556   -1
878   840   -1
880   687   -1
880   787   -1
882   745   -1
883   599   -1
889   714   -1
884   829   -1
885   880   -1
886   692   -1
886   609   -1
887   562   -1
887   680   -1
887   882   -1
888   662   -1
888   733   -1
889   815   -1
889   819   -1
889   707   -1
891   474   -1
890   807   -1
891   499   -1
891   836   -1
892   512   -1
892   793   -1
893   963   -1
894   476   -1
895   520   -1
896   703   -1
895   960   -1
895   1017  -1
896   740   -1
896   770   -1
897   824   -1
896   851   -1
898   655   -1
898   468   -1
898   509   -1
899   551   -1
898   730   -1
900   455   -1
900   756   -1
901   947   -1
902   891   -1
904   603   -1
902   601   -1
903   625   -1
903   641   -1
906   758   -1
903   808   -1
905   698   -1
905   462   -1
905   550   -1
906   659   -1
906   767   -1
908   502   -1
908   574   -1
908   790   -1
907   880   -1
907   1030  -1
909   849   -1
910   478   -1
910   624   -1
911   726   -1
911   910   -1
911   776   -1
914   778   -1
912   462   -1
912   541   -1
913   538   -1
912   550   -1
913   697   -1
912   796   -1
913   810   -1
913   487   -1
914   753   -1
913   800   -1
914   903   -1
915   716   -1
915   1001  -1
917   472   -1
917   916   -1
920   914   -1
918   646   -1
919   685   -1
919   690   -1
918   693   -1
919   631   -1
919   930   -1
921   478   -1
923   640   -1
922   790   -1
923   670   -1
924   927   -1
926   547   -1
926   855   -1
925   869   -1
927   833   -1
927   921   -1
927   660   -1
929   391   -1
929   768   -1
930   857   -1
930   912   -1
930   1035  -1
932   631   -1
932   730   -1
935   729   -1
931   750   -1
931   847   -1
931   867   -1
932   861   -1
933   736   -1
935   549   -1
934   868   -1
934   923   -1
937   800   -1
938   803   -1
937   903   -1
937   907   -1
939   608   -1
938   756   -1
938   894   -1
942   382   -1
942   708   -1
943   712   -1
943   823   -1
942   888   -1
942   899   -1
944   612   -1
944   718   -1
943   873   -1
944   907   -1
945   729   -1
946   822   -1
946   773   -1
946   830   -1
948   657   -1
948   814   -1
948   922   -1
947   1030  -1
948   783   -1
948   802   -1
949   869   -1
949   642   -1
951   753   -1
949   769   -1
950   497   -1
950   727   -1
952   510   -1
952   575   -1
951   784   -1
951   898   -1
952   765   -1
952   1022  -1
953   815   -1
955   628   -1
954   653   -1
955   742   -1
956   501   -1
957   585   -1
957   532   -1
958   950   -1
958   1010  -1
959   630   -1
959   673   -1
960   769   -1
960   786   -1
960   848   -1
962   915   -1
962   936   -1
963   505   -1
963   691   -1
965   488   -1
964   842   -1
966   715   -1
966   734   -1
966   859   -1
966   1026  -1
967   702   -1
967   751   -1
967   784   -1
968   833   -1
967   1017  -1
968   1020  -1
969   580   -1
969   849   -1
970   690   -1
972   485   -1
971   596   -1
971   784   -1
972   860   -1
973   736   -1
972   817   -1
974   927   -1
975   708   -1
975   946   -1
976   580   -1
978   780   -1
979   700   -1
979   752   -1
978   803   -1
978   1021  -1
978   1029  -1
979   816   -1
979   856   -1
981   955   -1
982   905   -1
982   803   -1
984   799   -1
983   807   -1
983   929   -1
985   648   -1
984   658   -1
985   1034  -1
986   686   -1
986   712   -1
988   632   -1
987   721   -1
988   729   -1
990   718   -1
990   935   -1
990   1018  -1
990   1038  -1
991   966   -1
991   617   -1
992   628   -1
992   677   -1
993   867   -1
992   930   -1
992   1056  -1
993   601   -1
994   726   -1
994   605   -1
994   778   -1
995   1030  -1
997   711   -1
997   959   -1
996   964   -1
998   739   -1
998   760   -1
999   567   -1
999   894   -1
1000  600   -1
1000  702   -1
1000  706   -1
1000  905   -1
1000  921   -1
1000  964   -1
1003  673   -1
1004  528   -1
1003  872   -1
1004  879   -1
1003  1049  -1
1005  917   -1
1005  589   -1
1008  590   -1
1005  834   -1
1008  807   -1
1009  668   -1
1009  709   -1
1009  766   -1
1011  568   -1
1011  592   -1
1013  728   -1
1013  946   -1
1014  523   -1
1015  611   -1
1016  1047  -1
1017  864   -1
1021  976   -1
1019  550   -1
1019  698   -1
1019  832   -1
1020  981   -1
1021  766   -1
1021  778   -1
1022  679   -1
1022  964   -1
1023  811   -1
1025  757   -1
1024  984   -1
1027  621   -1
1026  779   -1
1026  782   -1
1027  991   -1
1028  997   -1
1029  722   -1
1030  607   -1
1030  732   -1
1029  815   -1
1030  650   -1
1030  978   -1
1032  538   -1
1031  696   -1
1031  863   -1
1032  511   -1
1033  609   -1
1033  639   -1
1034  700   -1
1035  966   -1
1036  549   -1
1035  757   -1
1036  510   -1
1037  727   -1
1037  822   -1
1036  830   -1
1037  691   -1
1037  924   -1
1038  586   -1
1041  562   -1
1040  746   -1
1040  897   -1
1042  646   -1
1041  812   -1
1041  869   -1
1043  567   -1
1044  562   -1
1047  850   -1
1049  639   -1
1049  718   -1
1051  746   -1
1049  744   -1
1049  774   -1
1050  880   -1
1050  740   -1
1053  568   -1
1054  877   -1
1054  1044  -1
1057  833   -1
1059  739   -1
1061  707   -1
1060  723   -1
1060  756   -1
1062  563   -1
1061  988   -1
1063  327   -1
1063  760   -1
1063  1009  -1
1064  345   -1
1065  752   -1
1065  853   -1
1068  705   -1
1069  1039  -1
1069  1024  -1
1070  842   -1
1071  903   -1
1071  950   -1
1072  1042  -1
1074  553   -1
1072  556   -1
1072  803   -1
1072  877   -1
1073  912   -1
1073  519   -1
1073  757   -1
1074  982   -1
1075  807   -1
1074  837   -1
1075  568   -1
1077  986   -1
1079  984   -1
1079  792   -1
1079  567   -1
1079  720   -1
1080  856   -1
1081  748   -1
1083  791   -1
1082  853   -1
1083  900   -1
1084  731   -1
1083  971   -1
1084  520   -1
1085  796   -1
1085  524   -1
1086  578   -1
1088  304   -1
1088  773   -1
1091  540   -1
1091  515   -1
1093  1040  -1
1094  833   -1
1096  592   -1
1094  594   -1
1095  711   -1
1097  767   -1
1097  556   -1
1097  641   -1
1098  783   -1
1101  534   -1
1101  987   -1
1102  309   -1
1103  570   -1
1102  663   -1
1105  782   -1
1105  977   -1
1106  414   -1
1106  757   -1
1107  790   -1
1108  869   -1
1110  422   -1
1110  740   -1
1111  773   -1
1114  773   -1
1110  796   -1
1112  290   -1
1111  988   -1
1114  551   -1
1115  305   -1
1114  547   -1
1115  903   -1
1116  801   -1
1118  681   -1
1119  656   -1
1118  736   -1
1119  792   -1
1121  974   -1
1122  668   -1
1122  777   -1
1122  889   -1
1122  1656  -1
1124  716   -1
1125  697   -1
1128  851   -1
1131  610   -1
1130  629   -1
1133  633   -1
1132  966   -1
1134  518   -1
1136  644   -1
1135  774   -1
1137  842   -1
1138  534   -1
1137  635   -1
1139  618   -1
1140  869   -1
1139  892   -1
1145  432   -1
1144  913   -1
1151  443   -1
1151  992   -1
1151  478   -1
1153  901   -1
1153  433   -1
1154  485   -1
1154  634   -1
1158  994   -1
1158  505   -1
1159  207   -1
1160  617   -1
1161  919   -1
1160  1662  -1
1161  419   -1
1163  604   -1
1164  543   -1
1163  611   -1
1168  601   -1
1168  971   -1
1174  623   -1
1176  500   -1
1176  874   -1
1177  474   -1
1177  902   -1
1182  864   -1
1183  855   -1
1185  930   -1
1187  916   -1
1188  466   -1
1193  887   -1
1200  918   -1
1201  615   -1
1201  1052  -1
1203  858   -1
1206  836   -1
1206  1040  -1
1210  735   -1
1215  578   -1
1214  596   -1
1215  830   -1
1219  1072  -1
1220  845   -1
1224  831   -1
1226  1642  -1
1228  862   -1
1229  897   -1
1232  1062  -1
1232  827   -1
1233  1074  -1
1236  842   -1
1239  1052  -1
1242  847   -1
1243  861   -1
1243  1075  -1
1249  1092  -1
1249  1653  -1
1253  837   -1
1255  815   -1
1264  758   -1
1267  732   -1
1273  812   -1
1274  833   -1
1275  1092  -1
1276  814   -1
1283  744   -1
1285  740   -1
1285  846   -1
1294  800   -1
1297  738   -1
1298  785   -1
1306  807   -1
1309  824   -1
1319  777   -1
1324  698   -1
1408  1081  -1
1415  1087  -1
1427  1081  -1
1431  1068  -1
1435  1067  -1
1439  1061  -1
1438  1069  -1
1445  1081  -1
1446  1077  -1
1450  1085  -1
1466  1070  -1
1467  1067  -1
1469  1148  -1
1472  1145  -1
1476  1170  -1
1487  1072  -1
1503  1080  -1
1515  1067  -1
1516  1070  -1
1522  1059  -1
1521  1085  -1
1527  1081  -1
1527  1064  -1
1544  1150  -1
1556  1070  -1
1560  1069  -1
1560  1142  -1
1568  1078  -1
1569  1090  -1
1592  1052  -1
1595  1031  -1
1604  1065  -1
1614  1041  -1
1617  1119  -1
1622  1082  -1
1625  1088  -1
1630  1120  -1
1677  1196  -1
1684  1073  -1
1690  1073  -1
1699  394   -1
1709  1067  -1
1712  1206  -1
1723  1112  -1
1732  1091  -1
1741  1116  -1
1750  1253  -1
1763  1145  -1
1768  1158  -1
1784  1401  -1
1894  1922  -1
21    1748  0
23    1747  0
304   1191  1
305   1190  1
736   677   2
735   677   2
737   676   2
751   702   3
751   703   3
856   802   4
856   803   4
899   812   5
901   811   5
915   1032  6
915   1034  6
949   749   7
949   751   7
951   833   8
951   832   8
974   600   9
973   601   9
976   936   10
977   935   10
976   937   10
1008  740   11
1007  741   11
1129  917   12
1129  916   12
1998  723   13
2000  722   13
5     1737  14
3     1738  14
5     1739  14
6     1736  14
2     1738  14
8     1737  14
2     1740  14
247   1546  15
247   1548  15
320   1092  16
318   1092  16
344   1170  17
343   1171  17
357   1192  18
357   1190  18
405   1329  19
404   1328  19
405   1329  19
406   1328  19
404   1329  19
420   1073  20
421   1073  20
425   1110  21
423   1111  21
465   1057  22
465   1057  22
471   1442  23
472   1444  23
472   971   24
471   970   24
508   1416  25
507   1415  25
508   1416  25
518   1026  26
517   1026  26
521   920   27
523   919   27
545   980   28
545   980   28
578   926   29
580   925   29
587   971   30
586   969   30
588   972   30
630   873   31
634   874   31
632   874   31
637   924   32
635   924   32
652   921   33
653   920   33
662   929   34
663   931   34
662   929   34
668   909   35
667   910   35
693   705   36
693   705   36
694   842   37
695   842   37
695   921   38
696   921   38
707   754   39
706   754   39
707   666   40
708   665   40
721   740   41
721   738   41
736   646   42
736   647   42
737   879   43
736   878   43
738   586   44
737   587   44
740   701   45
739   700   45
743   838   46
742   837   46
747   715   47
747   715   47
748   715   47
746   715   47
748   683   48
746   683   48
752   630   49
751   630   49
752   767   50
751   768   50
754   705   51
755   705   51
757   687   52
756   686   52
763   850   53
765   849   53
769   701   54
769   701   54
772   783   55
770   782   55
774   708   56
774   708   56
774   708   56
774   707   56
776   708   56
774   708   56
776   706   56
775   826   57
775   825   57
784   760   58
784   760   58
788   729   59
788   730   59
789   895   60
788   894   60
801   881   61
799   881   61
801   759   62
801   759   62
803   745   63
802   744   63
803   686   64
804   685   64
804   904   65
805   905   65
814   749   66
813   750   66
815   747   66
814   696   67
814   695   67
815   695   67
816   925   68
817   923   68
819   778   69
819   778   69
820   786   70
820   787   70
825   793   71
824   792   71
829   915   72
830   916   72
832   728   73
832   728   73
833   656   74
834   656   74
836   827   75
836   827   75
836   826   75
836   827   75
836   826   75
835   827   75
837   827   75
834   827   75
835   829   75
836   826   75
839   827   75
833   826   75
833   848   76
833   847   76
835   685   77
834   684   77
836   710   78
834   710   78
837   710   78
837   942   79
837   941   79
843   789   80
845   789   80
847   789   80
848   791   80
844   669   81
844   669   81
848   677   82
848   676   82
847   677   82
850   811   83
849   812   83
850   769   84
850   769   84
850   976   85
851   974   85
853   691   86
853   689   86
854   807   87
854   809   87
855   884   88
855   885   88
856   723   89
856   723   89
855   723   89
857   650   90
858   650   90
860   890   91
860   890   91
866   820   92
866   821   92
866   631   93
867   630   93
866   994   94
867   993   94
868   597   95
868   598   95
870   980   96
870   980   96
877   744   97
878   742   97
877   741   97
876   744   97
877   804   98
877   804   98
882   864   99
882   866   99
885   712   100
888   711   100
885   712   100
886   710   100
886   960   101
884   960   101
888   960   101
890   959   101
888   585   102
889   586   102
891   817   103
891   817   103
891   817   103
891   574   104
891   574   104
891   574   104
892   575   104
891   574   104
892   575   104
892   629   105
892   629   105
894   758   106
895   757   106
893   758   106
895   689   107
895   689   107
896   947   108
895   949   108
896   657   109
896   657   109
899   612   110
897   613   110
898   522   111
898   523   111
903   631   112
903   631   112
904   633   112
901   631   112
906   629   113
906   630   113
903   956   114
903   956   114
905   536   115
903   536   115
904   703   116
903   703   116
904   760   117
903   758   117
906   810   118
906   809   118
907   832   119
907   832   119
917   571   120
918   571   120
917   571   120
918   572   120
917   571   120
918   572   120
917   571   120
918   572   120
910   571   121
910   571   121
909   570   121
911   570   121
912   571   121
908   569   121
910   571   121
907   602   122
908   601   122
909   619   123
908   621   123
911   729   124
910   731   124
913   634   125
912   634   125
913   596   126
915   596   126
912   597   126
918   597   127
919   598   127
914   527   128
915   526   128
915   678   129
917   679   129
919   680   129
915   832   130
916   834   130
918   871   131
917   870   131
922   693   132
921   692   132
923   693   132
924   746   133
924   747   133
925   611   134
925   609   134
927   725   135
929   725   135
929   837   136
928   837   136
931   580   137
932   582   137
935   758   138
933   758   138
936   530   139
936   531   139
934   529   139
937   630   140
935   631   140
936   505   141
936   503   141
937   690   142
937   689   142
938   690   142
939   798   143
939   798   143
939   935   144
939   936   144
941   535   145
942   536   145
942   557   146
942   556   146
947   675   147
948   674   147
948   695   148
948   697   148
948   695   148
948   698   148
947   695   148
948   699   148
950   695   148
948   697   148
951   699   149
951   698   149
951   699   149
949   585   150
948   585   150
952   768   151
952   768   151
951   682   152
951   684   152
954   804   153
955   804   153
956   763   154
956   763   154
955   765   154
955   812   155
956   811   155
959   797   156
959   797   156
962   928   157
962   928   157
961   928   157
962   928   157
961   928   157
962   928   157
961   928   157
964   928   157
962   720   158
963   720   158
961   811   159
963   810   159
966   974   160
965   974   160
967   633   161
967   633   161
970   1016  162
969   1015  162
968   672   163
970   671   163
969   867   164
968   867   164
973   894   165
971   894   165
972   698   166
973   698   166
974   573   167
974   574   167
976   768   168
974   769   168
974   956   169
976   955   169
978   956   169
978   957   169
977   650   170
978   651   170
979   588   171
978   590   171
983   746   172
980   744   172
985   745   172
981   746   172
978   743   172
979   793   173
979   792   173
980   920   174
981   919   174
982   776   175
981   777   175
983   785   176
982   784   176
987   734   177
988   732   177
989   886   178
991   886   178
991   556   179
993   556   179
990   556   179
993   864   180
994   863   180
995   821   181
993   820   181
998   780   182
997   779   182
999   780   182
998   715   183
996   715   183
999   1050  184
1000  1049  184
1000  829   185
1000  830   185
1002  564   186
1003  562   186
1008  603   187
1008  603   187
1008  971   188
1007  971   188
1012  794   189
1013  792   189
1010  795   189
1011  655   190
1012  656   190
1011  818   191
1013  818   191
1012  976   192
1012  976   192
1014  977   192
1015  720   193
1017  719   193
1016  800   194
1016  800   194
1014  800   194
1015  801   194
1015  841   195
1016  841   195
1017  515   196
1019  515   196
1019  973   197
1019  973   197
1019  972   197
1020  892   198
1022  892   198
1024  659   199
1024  659   199
1034  799   200
1035  798   200
1034  799   200
1032  801   201
1030  801   201
1033  802   201
1028  800   201
1027  801   201
1030  706   202
1029  707   202
1029  728   203
1028  729   203
1034  602   204
1033  602   204
1034  602   204
1033  603   204
1033  629   205
1033  629   205
1036  659   206
1036  658   206
1040  800   207
1041  801   207
1039  801   207
1042  800   207
1040  714   208
1041  713   208
1042  982   209
1041  981   209
1046  1007  210
1046  1006  210
1048  721   211
1052  723   211
1050  722   211
1048  940   212
1048  939   212
1051  846   213
1050  846   213
1053  707   214
1054  708   214
1053  921   215
1052  921   215
1053  996   216
1056  996   216
1054  997   216
1054  694   217
1055  692   217
1054  694   217
1064  734   218
1061  737   218
1063  736   218
1063  573   219
1063  574   219
1064  573   219
1063  574   219
1063  573   219
1065  573   219
1066  729   220
1066  731   220
1067  816   221
1066  815   221
1067  815   221
1068  386   222
1069  385   222
1068  386   222
1068  384   222
1066  385   222
1068  351   223
1067  350   223
1069  731   224
1070  730   224
1073  584   225
1073  583   225
1076  875   226
1075  876   226
1078  535   227
1078  537   227
1080  392   228
1079  391   228
1086  984   229
1086  984   229
1087  984   229
1089  734   230
1091  733   230
1092  621   231
1091  622   231
1091  1015  232
1092  1016  232
1098  629   233
1096  628   233
1099  878   234
1099  880   234
1108  975   235
1109  976   235
1117  526   236
1116  524   236
1116  975   237
1117  976   237
1117  511   238
1119  511   238
1120  771   239
1119  773   239
1118  772   239
1123  882   240
1125  881   240
1125  841   241
1126  841   241
1132  889   242
1133  888   242
1133  915   243
1134  914   243
1136  858   244
1134  859   244
1138  789   245
1139  785   245
1139  787   245
1139  993   246
1138  994   246
1144  626   247
1145  627   247
1144  487   248
1144  488   248
1146  866   249
1148  866   249
1158  483   250
1159  483   250
1158  483   250
1159  483   250
1158  484   250
1159  485   250
1159  483   250
1158  486   250
1160  638   251
1162  637   251
1165  480   252
1164  481   252
1175  606   253
1175  604   253
1176  608   253
1178  970   254
1175  969   254
1177  969   254
1184  1018  255
1183  1019  255
1188  617   256
1192  619   256
1190  618   256
1190  957   257
1189  958   257
1191  1041  258
1191  1041  258
1204  871   259
1204  871   259
1206  1054  260
1206  1055  260
1206  1054  260
1206  1045  261
1205  1045  261
1211  585   262
1213  585   262
1223  899   263
1224  900   263
1258  1077  264
1259  1076  264
1263  1095  265
1262  1095  265
1263  1095  265
1262  1095  265
1263  1095  265
1262  1095  265
1261  1094  265
1263  1095  265
1261  1093  265
1260  1096  265
1263  1079  266
1261  1080  266
1286  782   267
1284  781   267
1291  783   268
1292  781   268
1303  781   269
1303  779   269
1420  1064  270
1422  1063  270
1438  1064  271
1436  1063  271
1448  1062  272
1448  1061  272
1539  1088  273
1539  1089  273
1541  1088  273
1600  1167  274
1599  1166  274
1624  1060  275
1622  1059  275
1625  1081  276
1626  1082  276
1729  1091  277
1729  1092  277
1727  1092  277
1729  1091  277
1727  1092  277
1749  1102  278
1749  1102  278
1750  1101  278
1772  1397  279
1770  1396  279
1943  688   280
1945  688   280