# Filename: CLN3-561nm_416_bidi_021.tif
# Puncta radius (pixels): (1.3888888888888888, 1.3888888888888888)
# Puncta radius (nm): (150, 150)
# Cluster threshold (nm): 300
# Min puncta per cluster: 2
# Voxel size (nm): (108, 108, 200)
Y     X     CLUSTER_ID
269   1499  -1
276   1497  -1
277   1510  -1
285   1511  -1
287   1495  -1
288   1514  -1
290   1488  -1
296   1494  -1
307   1505  -1
325   1451  -1
327   1480  -1
329   1488  -1
330   1460  -1
333   1489  -1
355   1433  -1
355   1462  -1
368   1465  -1
376   1444  -1
377   1411  -1
390   1443  -1
397   490   -1
397   1438  -1
411   1382  -1
412   1413  -1
418   1421  -1
418   1428  -1
420   1388  -1
427   1415  -1
432   1396  -1
458   1376  -1
466   1410  -1
480   1514  -1
481   1502  -1
486   545   -1
486   1514  -1
492   1380  -1
492   1500  -1
495   1401  -1
497   563   -1
504   1504  -1
505   558   -1
506   1395  -1
507   569   -1
509   1387  -1
515   553   -1
519   1390  -1
520   1512  -1
527   584   -1
529   1522  -1
535   1536  -1
537   1532  -1
538   1409  -1
539   1507  -1
541   1501  -1
541   1532  -1
541   1556  -1
543   1468  -1
543   1509  -1
543   1978  -1
547   1526  -1
547   1552  -1
548   1547  -1
548   1593  -1
549   1584  -1
550   1618  -1
551   1430  -1
553   1509  -1
554   588   -1
554   1541  -1
555   1478  -1
555   1564  -1
555   1592  -1
555   1612  -1
557   1402  -1
557   1586  -1
558   1567  -1
558   1622  -1
559   1458  -1
559   1473  -1
559   1507  -1
559   1641  -1
559   1962  -1
560   1989  -1
561   1497  -1
562   1502  -1
562   1605  -1
562   1661  -1
562   1965  -1
563   1394  -1
563   1612  -1
563   1642  -1
563   1675  -1
563   1979  -1
565   1442  -1
565   1655  -1
566   1485  -1
566   1514  -1
566   1540  -1
566   1558  -1
566   1587  -1
567   1532  -1
567   1562  -1
567   1568  -1
567   1668  -1
568   1426  -1
568   1475  -1
568   1981  -1
569   1676  -1
570   1610  -1
571   1518  -1
571   1956  -1
572   1568  -1
572   1667  -1
573   1503  -1
573   1618  -1
573   1974  -1
574   1578  -1
575   1537  -1
575   1588  -1
575   1672  -1
576   1436  -1
576   1648  -1
576   1984  -1
577   1452  -1
577   1622  -1
578   1520  -1
578   1597  -1
578   1674  -1
579   1485  -1
580   1585  -1
581   1501  -1
581   1516  -1
581   1632  -1
581   1636  -1
581   1651  -1
581   1969  -1
582   641   -1
582   1438  -1
582   1558  -1
582   1562  -1
582   1588  -1
583   1627  -1
585   1508  -1
585   1618  -1
585   1960  -1
586   1467  -1
586   1557  -1
587   1659  -1
588   1614  -1
588   1623  -1
589   1541  -1
591   1499  -1
591   1959  -1
592   1408  -1
594   1964  -1
595   1397  -1
595   1491  -1
595   1509  -1
597   1504  -1
597   1941  -1
597   1954  -1
598   1445  -1
598   1451  -1
598   1478  -1
599   1971  -1
601   1506  -1
602   1435  -1
602   1533  -1
603   1389  -1
603   1472  -1
604   746   -1
604   1518  -1
604   1959  -1
606   1477  -1
606   1952  -1
607   1494  -1
608   1506  -1
610   654   -1
611   1470  -1
612   1431  -1
614   1560  -1
614   1960  -1
616   1471  -1
616   1484  -1
616   1506  -1
617   1950  -1
618   1552  -1
619   1494  -1
619   1936  -1
619   1942  -1
620   1488  -1
620   1523  -1
620   1858  -1
622   1827  -1
623   395   -1
623   1377  -1
623   1932  -1
624   710   -1
625   649   -1
625   1362  -1
625   1485  -1
626   1522  -1
627   1459  -1
627   1947  -1
629   1375  -1
629   1396  -1
629   1823  -1
630   1367  -1
630   1415  -1
630   1468  -1
631   1447  -1
632   1812  -1
633   1441  -1
634   1381  -1
634   1518  -1
634   1580  -1
634   1829  -1
634   1958  -1
635   1930  -1
636   645   -1
637   714   -1
637   1408  -1
639   641   -1
639   1382  -1
639   1532  -1
639   1537  -1
640   1946  -1
641   1492  -1
642   1426  -1
642   1610  -1
643   1445  -1
643   1548  -1
644   1417  -1
644   1483  -1
645   1435  -1
645   1831  -1
645   1948  -1
646   1382  -1
646   1405  -1
646   1625  -1
647   1428  -1
647   1463  -1
647   1527  -1
647   1532  -1
649   1571  -1
649   1581  -1
649   1942  -1
650   1355  -1
650   1557  -1
652   1535  -1
653   1523  -1
654   1404  -1
655   651   -1
655   1527  -1
656   1801  -1
657   1376  -1
657   1396  -1
657   1835  -1
658   783   -1
658   1363  -1
659   1524  -1
659   1576  -1
659   1939  -1
660   1532  -1
662   1358  -1
662   1789  -1
663   725   -1
663   1782  -1
664   1547  -1
665   1538  -1
665   1794  -1
666   1907  -1
666   1917  -1
666   1940  -1
667   711   -1
667   1382  -1
667   1825  -1
669   1518  -1
669   1534  -1
669   1539  -1
671   1389  -1
671   1592  -1
672   1398  -1
672   1562  -1
672   1769  -1
672   1799  -1
673   732   -1
673   1535  -1
675   1397  -1
675   1527  -1
675   1781  -1
676   1497  -1
676   1571  -1
677   1533  -1
677   1595  -1
680   1398  -1
681   1915  -1
682   1583  -1
684   1454  -1
684   1617  -1
684   1931  -1
685   721   -1
686   1384  -1
686   1732  -1
687   1507  -1
687   1600  -1
687   1752  -1
687   1911  -1
688   1365  -1
688   1529  -1
688   1744  -1
689   1447  -1
690   788   -1
690   1399  -1
690   1423  -1
690   1738  -1
690   1894  -1
691   1535  -1
691   1890  -1
692   657   -1
692   1580  -1
692   1728  -1
692   1922  -1
694   1486  -1
695   1508  -1
695   1670  -1
695   1753  -1
695   1911  -1
696   1403  -1
696   1893  -1
697   1392  -1
698   1524  -1
698   1725  -1
699   1530  -1
699   1538  -1
699   1735  -1
701   1516  -1
701   1687  -1
701   1763  -1
703   800   -1
703   1716  -1
704   1530  -1
704   1892  -1
705   1525  -1
705   1591  -1
706   1719  -1
706   1732  -1
708   1389  -1
708   1540  -1
708   1885  -1
708   1915  -1
709   1713  -1
709   1878  -1
710   1496  -1
710   1560  -1
710   1657  -1
710   1678  -1
710   1747  -1
711   1530  -1
711   1566  -1
712   1513  -1
712   1548  -1
712   1577  -1
713   678   -1
713   1572  -1
713   1596  -1
713   1691  -1
713   1741  -1
714   1588  -1
714   1877  -1
715   1561  -1
716   1553  -1
716   1576  -1
716   1882  -1
717   1595  -1
718   1393  -1
718   1549  -1
718   1908  -1
719   1376  -1
719   1608  -1
720   1513  -1
721   806   -1
721   1404  -1
721   1521  -1
721   1574  -1
721   1697  -1
722   1494  -1
722   1527  -1
723   1579  -1
724   1874  -1
725   376   -1
726   1503  -1
726   1677  -1
727   1596  -1
728   1891  -1
729   743   -1
729   1500  -1
729   1550  -1
729   1625  -1
729   1684  -1
730   730   -1
730   1700  -1
730   1911  -1
731   1381  -1
732   385   -1
732   813   -1
732   1633  -1
732   1659  -1
732   1898  -1
732   1906  -1
733   1411  -1
733   1472  -1
733   1540  -1
733   1854  -1
734   739   -1
734   1690  -1
735   1511  -1
735   1556  -1
735   1570  -1
736   1666  -1
737   1719  -1
737   1832  -1
737   1856  -1
737   1883  -1
738   1646  -1
738   1697  -1
739   1557  -1
739   1687  -1
739   1876  -1
740   1701  -1
740   1838  -1
741   742   -1
741   1513  -1
742   1407  -1
743   687   -1
743   1854  -1
743   1900  -1
744   1623  -1
744   1700  -1
745   1582  -1
745   1876  -1
746   1490  -1
746   1517  -1
747   1605  -1
747   1832  -1
747   1866  -1
748   749   -1
748   1538  -1
748   1700  -1
749   706   -1
749   814   -1
749   1411  -1
749   1467  -1
749   1874  -1
750   1423  -1
750   1689  -1
751   689   -1
751   1556  -1
751   1886  -1
752   405   -1
752   849   -1
752   1580  -1
753   1400  -1
753   1634  -1
753   1718  -1
753   1803  -1
753   1876  -1
753   1889  -1
754   1822  -1
754   1853  -1
755   833   -1
755   1704  -1
756   1475  -1
756   1713  -1
757   689   -1
757   921   -1
757   1552  -1
758   912   -1
758   1506  -1
759   811   -1
759   1535  -1
760   1695  -1
760   1727  -1
762   753   -1
762   1566  -1
762   1572  -1
762   1676  -1
762   1763  -1
763   940   -1
764   1537  -1
764   1724  -1
764   1852  -1
765   785   -1
765   1583  -1
765   1847  -1
765   1856  -1
766   819   -1
767   1759  -1
767   1815  -1
768   1501  -1
768   1568  -1
768   1727  -1
768   1800  -1
770   903   -1
770   1474  -1
770   1701  -1
771   865   -1
771   1691  -1
771   1720  -1
771   1807  -1
772   1416  -1
773   796   -1
773   1733  -1
774   1724  -1
775   1572  -1
776   1450  -1
776   1546  -1
776   1738  -1
777   724   -1
777   826   -1
778   800   -1
778   1732  -1
779   763   -1
779   1418  -1
779   1636  -1
779   1765  -1
779   1780  -1
779   1793  -1
780   1411  -1
780   1548  -1
780   1715  -1
780   1833  -1
781   789   -1
781   954   -1
781   1806  -1
782   1396  -1
783   374   -1
783   1705  -1
784   1540  -1
785   1399  -1
785   1516  -1
786   1411  -1
787   378   -1
787   1521  -1
787   1706  -1
787   1747  -1
787   1761  -1
787   1782  -1
787   1821  -1
788   783   -1
789   1764  -1
789   1817  -1
790   735   -1
790   815   -1
790   1496  -1
790   1722  -1
791   1482  -1
791   1552  -1
795   1796  -1
796   1771  -1
797   1747  -1
799   952   -1
800   774   -1
800   800   -1
800   1481  -1
800   1512  -1
802   847   -1
802   1539  -1
804   1384  -1
806   1708  -1
810   1625  -1
812   1486  -1
819   1490  -1
819   1597  -1
820   377   -1
821   1474  -1
821   1689  -1
823   1683  -1
824   867   -1
824   1481  -1
826   877   -1
826   950   -1
829   829   -1
830   389   -1
830   807   -1
830   811   -1
832   375   -1
833   1339  -1
833   1354  -1
833   1484  -1
834   894   -1
834   1480  -1
835   813   -1
835   1691  -1
836   929   -1
836   948   -1
836   1671  -1
837   885   -1
837   1678  -1
839   816   -1
839   901   -1
839   1667  -1
841   827   -1
842   957   -1
842   1489  -1
843   820   -1
844   379   -1
844   1460  -1
845   1472  -1
847   370   -1
847   827   -1
847   933   -1
847   1679  -1
849   842   -1
850   917   -1
850   1634  -1
851   742   -1
851   753   -1
851   928   -1
853   827   -1
853   1479  -1
855   382   -1
857   847   -1
857   872   -1
858   366   -1
859   900   -1
862   518   -1
862   982   -1
863   354   -1
863   1481  -1
865   923   -1
865   1691  -1
866   995   -1
867   752   -1
867   1465  -1
868   870   -1
869   514   -1
869   860   -1
870   796   -1
871   782   -1
871   866   -1
871   1461  -1
873   756   -1
873   883   -1
875   801   -1
876   926   -1
877   777   -1
877   906   -1
878   512   -1
879   844   -1
880   908   -1
881   865   -1
882   554   -1
882   1011  -1
883   545   -1
883   879   -1
884   699   -1
886   811   -1
887   518   -1
888   1732  -1
889   825   -1
889   849   -1
889   1700  -1
890   925   -1
892   942   -1
893   914   -1
893   1466  -1
894   880   -1
894   1005  -1
894   1716  -1
897   853   -1
898   565   -1
898   881   -1
899   898   -1
900   362   -1
901   802   -1
901   936   -1
902   358   -1
902   771   -1
902   996   -1
903   837   -1
904   822   -1
905   1016  -1
906   956   -1
907   552   -1
910   780   -1
912   813   -1
914   1473  -1
915   387   -1
915   912   -1
915   1093  -1
916   1450  -1
917   829   -1
918   621   -1
919   1473  -1
920   367   -1
920   846   -1
921   968   -1
922   836   -1
922   892   -1
924   355   -1
925   818   -1
926   384   -1
926   831   -1
927   843   -1
927   1015  -1
928   711   -1
928   876   -1
929   883   -1
931   850   -1
931   889   -1
932   1086  -1
932   1452  -1
933   477   -1
935   778   -1
936   929   -1
936   989   -1
940   974   -1
941   364   -1
943   380   -1
944   465   -1
944   792   -1
944   987   -1
945   954   -1
946   850   -1
946   898   -1
946   925   -1
947   910   -1
948   752   -1
949   730   -1
949   919   -1
949   997   -1
949   1076  -1
950   830   -1
950   960   -1
951   934   -1
951   1449  -1
951   1796  -1
952   981   -1
953   985   -1
954   889   -1
955   721   -1
956   791   -1
956   1780  -1
956   1803  -1
957   749   -1
958   743   -1
959   447   -1
959   698   -1
960   1800  -1
961   668   -1
961   914   -1
961   1054  -1
961   1788  -1
961   1805  -1
963   777   -1
963   1794  -1
965   866   -1
964   972   -1
965   372   -1
966   931   -1
966   1802  -1
967   660   -1
967   1090  -1
967   1782  -1
968   735   -1
968   881   -1
968   1788  -1
968   1793  -1
969   897   -1
970   834   -1
971   871   -1
972   453   -1
972   981   -1
972   1007  -1
972   1781  -1
973   1445  -1
974   853   -1
974   1787  -1
975   474   -1
975   872   -1
976   933   -1
976   1011  -1
976   1759  -1
977   846   -1
977   929   -1
978   703   -1
978   741   -1
978   958   -1
978   983   -1
978   1792  -1
979   1787  -1
980   457   -1
980   482   -1
980   563   -1
980   853   -1
980   1064  -1
981   1770  -1
982   708   -1
982   929   -1
982   1776  -1
983   783   -1
983   918   -1
983   1060  -1
983   1795  -1
984   1057  -1
985   371   -1
985   859   -1
985   974   -1
985   980   -1
985   1117  -1
986   572   -1
987   459   -1
987   1790  -1
988   385   -1
989   736   -1
989   1007  -1
989   1027  -1
989   1786  -1
990   483   -1
990   819   -1
990   863   -1
991   1066  -1
992   798   -1
993   459   -1
993   930   -1
994   1774  -1
995   920   -1
997   481   -1
998   759   -1
998   846   -1
998   1750  -1
998   1756  -1
999   973   -1
999   1226  -1
1000  461   -1
1000  870   -1
1000  1173  -1
1000  1765  -1
1001  1074  -1
1001  1439  -1
1001  1750  -1
1003  778   -1
1003  1088  -1
1004  501   -1
1004  742   -1
1004  1766  -1
1004  1784  -1
1005  1446  -1
1006  452   -1
1007  1049  -1
1007  1779  -1
1008  869   -1
1008  1741  -1
1009  887   -1
1010  781   -1
1010  995   -1
1010  1072  -1
1010  1752  -1
1010  1775  -1
1011  307   -1
1011  914   -1
1011  933   -1
1012  464   -1
1013  495   -1
1013  1021  -1
1013  1762  -1
1014  989   -1
1014  1005  -1
1014  1044  -1
1015  806   -1
1015  942   -1
1016  851   -1
1016  1169  -1
1017  613   -1
1017  1746  -1
1018  880   -1
1018  981   -1
1018  1061  -1
1019  649   -1
1019  893   -1
1019  1771  -1
1019  1782  -1
1019  1803  -1
1020  520   -1
1020  814   -1
1020  855   -1
1020  944   -1
1020  1722  -1
1021  859   -1
1021  1737  -1
1022  482   -1
1022  506   -1
1022  998   -1
1023  950   -1
1023  1146  -1
1024  895   -1
1024  1751  -1
1024  1767  -1
1025  1773  -1
1026  385   -1
1026  466   -1
1026  476   -1
1026  780   -1
1026  1161  -1
1026  1741  -1
1026  1745  -1
1027  1778  -1
1027  1794  -1
1028  407   -1
1028  819   -1
1028  853   -1
1028  945   -1
1028  1073  -1
1028  1753  -1
1030  829   -1
1030  917   -1
1030  1023  -1
1030  1044  -1
1030  1176  -1
1030  1717  -1
1030  1774  -1
1031  495   -1
1032  426   -1
1032  1725  -1
1032  1733  -1
1032  1786  -1
1033  1737  -1
1034  469   -1
1034  612   -1
1034  687   -1
1034  945   -1
1034  1761  -1
1035  902   -1
1035  1163  -1
1036  717   -1
1036  1808  -1
1037  550   -1
1037  565   -1
1037  711   -1
1037  1757  -1
1038  419   -1
1038  498   -1
1038  635   -1
1038  676   -1
1038  897   -1
1038  1072  -1
1038  1711  -1
1039  729   -1
1039  859   -1
1039  967   -1
1039  1765  -1
1040  359   -1
1040  458   -1
1040  946   -1
1040  1774  -1
1041  490   -1
1041  629   -1
1041  888   -1
1041  1722  -1
1042  1709  -1
1042  1733  -1
1042  1747  -1
1043  863   -1
1043  985   -1
1043  1715  -1
1044  440   -1
1044  580   -1
1044  980   -1
1044  1761  -1
1045  344   -1
1045  592   -1
1045  1755  -1
1046  310   -1
1046  860   -1
1047  352   -1
1047  789   -1
1047  895   -1
1047  909   -1
1047  1709  -1
1047  1716  -1
1047  1802  -1
1048  867   -1
1049  327   -1
1049  555   -1
1049  1753  -1
1050  455   -1
1050  1156  -1
1050  1765  -1
1051  547   -1
1051  568   -1
1051  847   -1
1051  909   -1
1051  1795  -1
1052  441   -1
1052  644   -1
1052  819   -1
1052  829   -1
1053  308   -1
1053  554   -1
1053  783   -1
1053  930   -1
1053  991   -1
1053  1761  -1
1053  1771  -1
1053  1814  -1
1054  1147  -1
1054  1703  -1
1055  537   -1
1055  674   -1
1055  956   -1
1055  1774  -1
1055  1793  -1
1056  396   -1
1056  1161  -1
1056  1745  -1
1057  1174  -1
1057  1731  -1
1057  1779  -1
1057  1805  -1
1058  833   -1
1058  933   -1
1058  1062  -1
1059  897   -1
1059  1702  -1
1059  1713  -1
1060  1727  -1
1061  666   -1
1061  674   -1
1061  1022  -1
1061  1027  -1
1061  1777  -1
1062  947   -1
1062  1771  -1
1063  392   -1
1063  548   -1
1063  1147  -1
1063  1697  -1
1063  1704  -1
1063  1710  -1
1063  1809  -1
1064  1801  -1
1065  765   -1
1065  989   -1
1065  1062  -1
1065  1183  -1
1065  1723  -1
1065  1736  -1
1066  914   -1
1066  1767  -1
1066  1795  -1
1066  1823  -1
1066  1831  -1
1067  570   -1
1067  1152  -1
1067  1654  -1
1068  952   -1
1068  1017  -1
1069  993   -1
1069  1006  -1
1069  1659  -1
1069  1714  -1
1069  1745  -1
1070  597   -1
1070  777   -1
1070  1072  -1
1070  1177  -1
1071  357   -1
1071  456   -1
1071  1770  -1
1071  1774  -1
1071  1828  -1
1072  568   -1
1072  955   -1
1072  1025  -1
1072  1048  -1
1072  1128  -1
1072  1835  -1
1073  939   -1
1073  1062  -1
1073  1170  -1
1073  1821  -1
1073  1843  -1
1074  1727  -1
1074  1794  -1
1075  564   -1
1075  579   -1
1075  1805  -1
1076  920   -1
1076  1164  -1
1076  1670  -1
1076  1761  -1
1077  353   -1
1077  797   -1
1077  1002  -1
1078  371   -1
1079  1139  -1
1079  1717  -1
1079  1767  -1
1079  1823  -1
1080  573   -1
1080  1788  -1
1080  1795  -1
1080  1838  -1
1081  998   -1
1082  347   -1
1082  450   -1
1082  1782  -1
1082  1811  -1
1083  387   -1
1083  474   -1
1083  960   -1
1083  1031  -1
1083  1693  -1
1083  1725  -1
1083  1824  -1
1083  1832  -1
1084  372   -1
1084  924   -1
1084  1764  -1
1084  1775  -1
1085  1245  -1
1085  1675  -1
1085  1806  -1
1085  1811  -1
1086  495   -1
1086  570   -1
1086  1135  -1
1086  1662  -1
1086  1751  -1
1087  360   -1
1087  1780  -1
1087  1796  -1
1088  400   -1
1088  1651  -1
1088  1713  -1
1088  1737  -1
1089  456   -1
1089  574   -1
1089  591   -1
1089  834   -1
1089  979   -1
1089  1792  -1
1089  1825  -1
1090  991   -1
1090  1804  -1
1090  1820  -1
1090  1829  -1
1091  481   -1
1091  563   -1
1091  967   -1
1091  1129  -1
1092  1838  -1
1093  344   -1
1093  1063  -1
1093  1689  -1
1093  1700  -1
1093  1766  -1
1094  1236  -1
1094  1713  -1
1094  1746  -1
1094  1843  -1
1095  1763  -1
1096  339   -1
1096  1008  -1
1096  1640  -1
1096  1665  -1
1096  1812  -1
1097  588   -1
1097  1092  -1
1097  1650  -1
1097  1739  -1
1097  1824  -1
1097  1837  -1
1098  384   -1
1098  987   -1
1098  1674  -1
1098  1698  -1
1098  1759  -1
1099  216   -1
1099  236   -1
1099  409   -1
1099  420   -1
1099  1691  -1
1099  1796  -1
1100  353   -1
1100  546   -1
1100  1010  -1
1100  1243  -1
1100  1639  -1
1100  1822  -1
1100  1826  -1
1101  558   -1
1101  960   -1
1101  1027  -1
1101  1723  -1
1101  1812  -1
1101  1834  -1
1101  1860  -1
1102  371   -1
1102  509   -1
1102  521   -1
1102  930   -1
1102  1700  -1
1102  1792  -1
1102  1819  -1
1102  1843  -1
1103  382   -1
1103  1072  -1
1103  1117  -1
1103  1631  -1
1104  537   -1
1104  565   -1
1104  955   -1
1104  1054  -1
1104  1646  -1
1104  1654  -1
1104  1691  -1
1104  1784  -1
1105  446   -1
1105  1665  -1
1105  1837  -1
1106  396   -1
1106  1009  -1
1106  1145  -1
1106  1750  -1
1106  1759  -1
1107  253   -1
1107  935   -1
1107  1017  -1
1107  1100  -1
1108  517   -1
1108  531   -1
1108  550   -1
1108  1640  -1
1108  1695  -1
1109  540   -1
1109  1058  -1
1109  1069  -1
1109  1096  -1
1109  1635  -1
1109  1648  -1
1109  1654  -1
1109  1664  -1
1109  1677  -1
1109  1784  -1
1109  1849  -1
1110  245   -1
1110  508   -1
1110  1106  -1
1111  230   -1
1111  237   -1
1111  274   -1
1111  1609  -1
1112  301   -1
1112  938   -1
1112  1060  -1
1112  1624  -1
1112  1828  -1
1113  1776  -1
1113  1834  -1
1113  1853  -1
1114  297   -1
1114  309   -1
1114  428   -1
1114  512   -1
1114  541   -1
1114  555   -1
1114  1738  -1
1114  1770  -1
1114  1862  -1
1115  494   -1
1115  1023  -1
1115  1668  -1
1115  1848  -1
1116  345   -1
1116  355   -1
1116  481   -1
1116  519   -1
1116  558   -1
1116  574   -1
1116  980   -1
1116  1033  -1
1116  1632  -1
1116  1717  -1
1116  1814  -1
1117  441   -1
1117  566   -1
1117  1604  -1
1117  1822  -1
1117  1830  -1
1117  1853  -1
1118  158   -1
1118  360   -1
1118  377   -1
1118  599   -1
1118  1659  -1
1118  1673  -1
1118  1769  -1
1118  1866  -1
1119  302   -1
1119  1639  -1
1119  1806  -1
1120  524   -1
1120  973   -1
1120  1730  -1
1120  1751  -1
1121  892   -1
1121  1042  -1
1121  1062  -1
1121  1748  -1
1121  1846  -1
1121  1852  -1
1122  1142  -1
1122  1653  -1
1122  1859  -1
1122  1868  -1
1123  227   -1
1123  250   -1
1123  880   -1
1123  1806  -1
1124  1125  -1
1124  1608  -1
1124  1832  -1
1125  246   -1
1125  346   -1
1125  355   -1
1125  580   -1
1125  987   -1
1125  1658  -1
1125  1791  -1
1126  231   -1
1126  935   -1
1126  1066  -1
1126  1639  -1
1126  1809  -1
1126  1825  -1
1127  215   -1
1127  566   -1
1127  863   -1
1127  1716  -1
1127  1756  -1
1127  1819  -1
1127  1848  -1
1128  182   -1
1128  549   -1
1128  1070  -1
1128  1627  -1
1128  1792  -1
1129  294   -1
1129  304   -1
1129  348   -1
1129  970   -1
1129  1735  -1
1130  884   -1
1130  1595  -1
1130  1618  -1
1130  1834  -1
1131  269   -1
1131  272   -1
1131  334   -1
1131  547   -1
1131  1050  -1
1131  1134  -1
1131  1816  -1
1131  1872  -1
1132  283   -1
1132  559   -1
1132  1810  -1
1133  383   -1
1133  1074  -1
1133  1564  -1
1133  1830  -1
1134  241   -1
1134  1716  -1
1134  1838  -1
1135  569   -1
1135  884   -1
1135  1016  -1
1135  1038  -1
1135  1574  -1
1135  1813  -1
1135  1823  -1
1136  174   -1
1136  389   -1
1136  534   -1
1136  988   -1
1136  1856  -1
1137  241   -1
1137  323   -1
1137  1080  -1
1137  1609  -1
1137  1726  -1
1138  217   -1
1138  257   -1
1138  279   -1
1138  586   -1
1138  1596  -1
1138  1721  -1
1138  1834  -1
1138  1853  -1
1138  1864  -1
1139  233   -1
1139  272   -1
1139  370   -1
1139  1807  -1
1139  1846  -1
1140  196   -1
1140  347   -1
1140  564   -1
1140  961   -1
1140  1552  -1
1140  1743  -1
1141  209   -1
1141  399   -1
1141  1043  -1
1141  1842  -1
1142  181   -1
1142  250   -1
1142  294   -1
1142  1153  -1
1142  1605  -1
1142  1633  -1
1142  1664  -1
1142  1874  -1
1143  1541  -1
1143  1739  -1
1143  1836  -1
1143  1849  -1
1144  276   -1
1144  504   -1
1144  1087  -1
1144  1701  -1
1144  1768  -1
1144  1809  -1
1144  1863  -1
1145  206   -1
1145  365   -1
1145  1642  -1
1145  1687  -1
1145  1693  -1
1145  1731  -1
1145  1774  -1
1145  1857  -1
1146  200   -1
1146  1074  -1
1146  1524  -1
1146  1779  -1
1146  1789  -1
1146  1806  -1
1147  811   -1
1147  1677  -1
1147  1801  -1
1148  211   -1
1148  509   -1
1149  774   -1
1149  1002  -1
1149  1727  -1
1149  1854  -1
1150  1661  -1
1150  1716  -1
1150  1723  -1
1151  162   -1
1151  170   -1
1151  209   -1
1151  1033  -1
1151  1620  -1
1151  1868  -1
1152  1060  -1
1152  1560  -1
1152  1634  -1
1152  1779  -1
1152  1805  -1
1152  1811  -1
1153  1841  -1
1153  1846  -1
1153  1863  -1
1154  1607  -1
1154  1674  -1
1154  1701  -1
1154  1748  -1
1154  1872  -1
1155  375   -1
1155  415   -1
1155  1039  -1
1155  1050  -1
1155  1157  -1
1155  1580  -1
1155  1711  -1
1155  1740  -1
1156  216   -1
1156  1600  -1
1156  1618  -1
1156  1626  -1
1156  1802  -1
1157  241   -1
1157  272   -1
1157  1751  -1
1157  1835  -1
1158  1770  -1
1159  356   -1
1159  1101  -1
1159  1116  -1
1159  1657  -1
1159  1775  -1
1159  1852  -1
1159  1871  -1
1160  1668  -1
1160  1704  -1
1160  1797  -1
1161  426   -1
1161  1693  -1
1161  1763  -1
1162  232   -1
1162  241   -1
1162  1678  -1
1162  1696  -1
1163  1104  -1
1163  1832  -1
1164  1034  -1
1164  1702  -1
1164  1747  -1
1164  1825  -1
1165  374   -1
1165  953   -1
1165  1058  -1
1165  1714  -1
1165  1755  -1
1166  979   -1
1166  1598  -1
1166  1638  -1
1166  1865  -1
1166  1948  -1
1167  1722  -1
1167  1782  -1
1167  1956  -1
1168  1952  -1
1169  1022  -1
1169  1162  -1
1169  1674  -1
1169  1860  -1
1170  1655  -1
1170  1765  -1
1170  1773  -1
1170  1836  -1
1170  1854  -1
1171  1748  -1
1172  1722  -1
1172  1865  -1
1172  1933  -1
1173  425   -1
1173  1165  -1
1173  1842  -1
1174  1033  -1
1174  1827  -1
1175  491   -1
1175  1678  -1
1175  1711  -1
1175  1803  -1
1176  1004  -1
1177  1593  -1
1177  1928  -1
1177  1936  -1
1178  370   -1
1178  1118  -1
1178  1665  -1
1178  1823  -1
1178  1835  -1
1178  1858  -1
1179  1751  -1
1179  1921  -1
1179  1958  -1
1180  1044  -1
1180  1689  -1
1180  1721  -1
1180  1769  -1
1180  1801  -1
1180  1942  -1
1180  1946  -1
1181  1051  -1
1181  1063  -1
1181  1129  -1
1181  1709  -1
1181  1850  -1
1182  985   -1
1182  1680  -1
1182  1762  -1
1182  1806  -1
1182  1820  -1
1182  1843  -1
1183  1780  -1
1183  1827  -1
1183  1938  -1
1184  852   -1
1184  1606  -1
1184  1748  -1
1184  1767  -1
1184  1931  -1
1185  1643  -1
1185  1685  -1
1185  1852  -1
1186  1079  -1
1186  1340  -1
1186  1630  -1
1186  1680  -1
1186  1739  -1
1186  1798  -1
1186  1838  -1
1186  1949  -1
1187  1802  -1
1187  1816  -1
1188  1595  -1
1188  1601  -1
1188  1778  -1
1188  1783  -1
1188  1822  -1
1188  1844  -1
1188  1937  -1
1189  990   -1
1189  1752  -1
1189  1768  -1
1189  1922  -1
1190  1021  -1
1190  1195  -1
1190  1813  -1
1190  1927  -1
1190  1946  -1
1191  1334  -1
1191  1610  -1
1192  1667  -1
1192  1821  -1
1193  1129  -1
1193  1756  -1
1193  1760  -1
1193  1794  -1
1194  1052  -1
1194  1653  -1
1194  1679  -1
1195  539   -1
1195  817   -1
1195  1700  -1
1195  1766  -1
1195  1811  -1
1196  442   -1
1196  1006  -1
1196  1173  -1
1196  1786  -1
1196  1911  -1
1197  1779  -1
1197  1842  -1
1198  494   -1
1198  1771  -1
1199  359   -1
1199  989   -1
1199  1004  -1
1199  1071  -1
1199  1628  -1
1199  1921  -1
1199  1928  -1
1200  1175  -1
1200  1632  -1
1200  1784  -1
1201  1136  -1
1201  1639  -1
1202  1670  -1
1202  1692  -1
1202  1747  -1
1202  1752  -1
1202  1772  -1
1202  1777  -1
1202  1826  -1
1202  1836  -1
1202  1910  -1
1203  761   -1
1203  1329  -1
1203  1655  -1
1203  1816  -1
1203  1890  -1
1203  1906  -1
1204  538   -1
1204  1764  -1
1205  419   -1
1205  1592  -1
1205  1603  -1
1206  981   -1
1206  1162  -1
1206  1784  -1
1206  1825  -1
1206  1932  -1
1207  1636  -1
1207  1688  -1
1207  1693  -1
1207  1771  -1
1208  462   -1
1208  1184  -1
1209  1370  -1
1209  1624  -1
1209  1881  -1
1210  1061  -1
1210  1904  -1
1211  431   -1
1211  1598  -1
1211  1612  -1
1211  1741  -1
1211  1793  -1
1211  1888  -1
1211  1912  -1
1211  1920  -1
1212  1014  -1
1212  1142  -1
1212  1365  -1
1213  1784  -1
1214  1132  -1
1214  1766  -1
1215  425   -1
1215  594   -1
1215  946   -1
1215  1816  -1
1215  1899  -1
1216  1035  -1
1216  1796  -1
1217  1241  -1
1217  1810  -1
1217  1873  -1
1218  1114  -1
1218  1216  -1
1218  1733  -1
1219  1052  -1
1219  1174  -1
1219  1609  -1
1219  1626  -1
1219  1754  -1
1219  1760  -1
1219  1804  -1
1219  1885  -1
1220  1389  -1
1220  1744  -1
1221  1234  -1
1221  1772  -1
1221  1873  -1
1221  1889  -1
1221  1898  -1
1221  1910  -1
1222  1591  -1
1222  1615  -1
1222  1750  -1
1222  1765  -1
1223  555   -1
1223  1029  -1
1223  1133  -1
1223  1648  -1
1223  1653  -1
1223  1727  -1
1224  1206  -1
1224  1738  -1
1224  1884  -1
1225  999   -1
1225  1359  -1
1225  1778  -1
1226  1620  -1
1226  1765  -1
1226  1873  -1
1226  1898  -1
1227  1014  -1
1227  1143  -1
1227  1730  -1
1228  1056  -1
1228  1232  -1
1228  1602  -1
1228  1758  -1
1228  1770  -1
1229  1861  -1
1229  1877  -1
1230  1356  -1
1230  1896  -1
1231  982   -1
1232  1870  -1
1232  1874  -1
1233  1604  -1
1233  1722  -1
1233  1862  -1
1234  1754  -1
1235  1200  -1
1235  1221  -1
1235  1600  -1
1235  1727  -1
1235  1743  -1
1235  1749  -1
1236  1761  -1
1237  1236  -1
1237  1264  -1
1237  1716  -1
1238  1765  -1
1239  716   -1
1239  1607  -1
1239  1733  -1
1240  1436  -1
1240  1755  -1
1241  1721  -1
1241  1856  -1
1242  1088  -1
1242  1745  -1
1243  758   -1
1243  1447  -1
1244  1201  -1
1244  1756  -1
1246  1147  -1
1246  1726  -1
1246  1733  -1
1247  1376  -1
1247  1742  -1
1248  1736  -1
1249  772   -1
1249  1725  -1
1249  1852  -1
1251  1709  -1
1251  1732  -1
1252  1194  -1
1253  1310  -1
1254  1190  -1
1254  1317  -1
1255  1732  -1
1255  1744  -1
1255  1750  -1
1256  993   -1
1256  1105  -1
1256  1271  -1
1256  1380  -1
1257  1075  -1
1257  1326  -1
1257  1726  -1
1259  1854  -1
1260  1859  -1
1261  1712  -1
1262  1002  -1
1263  1320  -1
1263  1736  -1
1264  1434  -1
1265  1017  -1
1265  1085  -1
1265  1706  -1
1267  1002  -1
1266  1011  -1
1266  1148  -1
1267  1283  -1
1268  1296  -1
1268  1332  -1
1269  999   -1
1269  1710  -1
1270  1152  -1
1270  1700  -1
1271  1402  -1
1271  1730  -1
1271  1739  -1
1272  1137  -1
1272  1232  -1
1272  1317  -1
1272  1694  -1
1272  1709  -1
1273  1165  -1
1273  1321  -1
1274  1723  -1
1275  1717  -1
1276  1024  -1
1276  1352  -1
1276  1693  -1
1277  999   -1
1278  1093  -1
1278  1179  -1
1278  1371  -1
1278  1377  -1
1279  1019  -1
1279  1432  -1
1279  1685  -1
1281  1696  -1
1282  1182  -1
1282  1239  -1
1282  1326  -1
1282  1700  -1
1282  1720  -1
1283  1375  -1
1284  1383  -1
1284  1684  -1
1284  1726  -1
1285  1013  -1
1286  1033  -1
1286  1152  -1
1286  1698  -1
1286  1713  -1
1287  1405  -1
1287  1691  -1
1287  1707  -1
1288  1045  -1
1288  1145  -1
1288  1341  -1
1288  1397  -1
1289  1333  -1
1290  1328  -1
1290  1722  -1
1292  1019  -1
1292  1688  -1
1292  1700  -1
1292  1707  -1
1293  1040  -1
1294  1195  -1
1294  1413  -1
1296  1303  -1
1297  1026  -1
1298  1227  -1
1299  1036  -1
1299  1114  -1
1300  1219  -1
1300  1673  -1
1303  1432  -1
1303  1458  -1
1304  1051  -1
1304  1063  -1
1304  1151  -1
1304  1369  -1
1304  1440  -1
1304  1685  -1
1305  1676  -1
1305  1703  -1
1307  1667  -1
1308  1375  -1
1308  1426  -1
1308  1462  -1
1309  1683  -1
1311  1691  -1
1312  1394  -1
1312  1462  -1
1312  1472  -1
1312  1687  -1
1313  1355  -1
1314  1449  -1
1314  1480  -1
1315  1673  -1
1316  1043  -1
1316  1053  -1
1316  1197  -1
1316  1688  -1
1316  1694  -1
1317  1381  -1
1317  1703  -1
1319  1260  -1
1320  1150  -1
1320  1688  -1
1321  1219  -1
1321  1700  -1
1322  1364  -1
1322  1682  -1
1323  1399  -1
1323  1664  -1
1324  1048  -1
1324  1154  -1
1326  1392  -1
1326  1677  -1
1327  1400  -1
1327  1659  -1
1328  1046  -1
1329  1189  -1
1329  1198  -1
1330  1428  -1
1330  1687  -1
1331  1396  -1
1332  1203  -1
1332  1388  -1
1332  1676  -1
1333  1664  -1
1335  1048  -1
1335  1071  -1
1335  1415  -1
1335  1463  -1
1336  1441  -1
1337  1407  -1
1339  1255  -1
1339  1063  -1
1340  1663  -1
1341  1649  -1
1342  1336  -1
1343  1420  -1
1343  1473  -1
1345  1055  -1
1345  1407  -1
1346  1049  -1
1346  1651  -1
1348  1443  -1
1353  1067  -1
1353  1244  -1
1353  1258  -1
1354  1071  -1
1355  1063  -1
1357  1057  -1
1357  1466  -1
1358  1436  -1
1358  1458  -1
1361  1432  -1
1362  980   -1
1364  1457  -1
1365  1468  -1
1366  1229  -1
1367  984   -1
1367  1077  -1
1367  1338  -1
1372  1165  -1
1372  1176  -1
1373  988   -1
1373  1232  -1
1373  1438  -1
1374  1373  -1
1374  1409  -1
1375  1456  -1
1376  1387  -1
1376  1392  -1
1376  1452  -1
1377  1436  -1
1378  1417  -1
1379  974   -1
1379  1266  -1
1383  1358  -1
1387  1373  -1
1387  1453  -1
1390  1269  -1
1390  1458  -1
1391  1333  -1
1393  1299  -1
1395  1421  -1
1396  988   -1
1396  991   -1
1396  1287  -1
1396  1459  -1
1398  1312  -1
1403  1426  -1
1404  1009  -1
1407  995   -1
1409  1000  -1
1409  1390  -1
1409  1403  -1
1410  1305  -1
1414  1303  -1
1414  1393  -1
1415  1244  -1
1415  1410  -1
1416  1390  -1
1421  982   -1
1421  1012  -1
1421  1405  -1
1425  1044  -1
1425  1289  -1
1430  1044  -1
1432  997   -1
1432  1051  -1
1433  1007  -1
1434  1368  -1
1436  1245  -1
1437  1005  -1
1438  1042  -1
1438  1348  -1
1439  1052  -1
1440  1033  -1
1440  1038  -1
1442  1042  -1
1445  1231  -1
1446  1021  -1
1447  1257  -1
1447  1279  -1
1447  1397  -1
1448  1027  -1
1448  1353  -1
1451  1038  -1
1452  1018  -1
1452  1066  -1
1454  1153  -1
1454  1314  -1
1454  1326  -1
1455  1042  -1
1456  1201  -1
1458  1033  -1
1460  1093  -1
1460  1291  -1
1460  1345  -1
1460  1357  -1
1464  1135  -1
1464  1322  -1
1466  1224  -1
1466  1252  -1
1466  1304  -1
1467  1246  -1
1468  1117  -1
1468  1211  -1
1468  1272  -1
1470  1067  -1
1471  1298  -1
1474  1065  -1
1474  1100  -1
1475  1259  -1
1475  1346  -1
1476  1158  -1
1479  1149  -1
1480  1240  -1
1482  1173  -1
1485  468   -1
1486  453   -1
1488  1196  -1
1490  1241  -1
1491  1234  -1
1492  466   -1
1492  1253  -1
1493  1249  -1
1494  1139  -1
1494  1191  -1
1494  1336  -1
1496  454   -1
1497  1250  -1
1499  478   -1
1502  475   -1
1505  468   -1
1507  1325  -1
1510  463   -1
1511  369   -1
1514  475   -1
1515  318   -1
1516  380   -1
1521  323   -1
1523  1358  -1
1524  1344  -1
1525  476   -1
1525  1328  -1
1525  1353  -1
1529  477   -1
1530  400   -1
1530  442   -1
1530  449   -1
1530  468   -1
1531  1344  -1
1532  414   -1
1532  430   -1
1533  370   -1
1534  1350  -1
1535  341   -1
1536  411   -1
1537  1283  -1
1538  427   -1
1538  1346  -1
1539  422   -1
1539  434   -1
1540  389   -1
1542  471   -1
1542  1281  -1
1543  432   -1
1544  329   -1
1544  445   -1
1545  387   -1
1546  408   -1
1547  1340  -1
1548  342   -1
1548  423   -1
1548  455   -1
1549  326   -1
1549  414   -1
1550  443   -1
1550  470   -1
1552  379   -1
1554  406   -1
1554  454   -1
1555  419   -1
1555  466   -1
1556  358   -1
1557  1272  -1
1558  411   -1
1559  427   -1
1559  1321  -1
1560  459   -1
1561  468   -1
1562  350   -1
1563  362   -1
1564  421   -1
1564  1279  -1
1565  468   -1
1565  482   -1
1567  344   -1
1567  391   -1
1567  528   -1
1570  1315  -1
1572  424   -1
1572  443   -1
1572  464   -1
1572  494   -1
1574  367   -1
1574  513   -1
1574  1278  -1
1575  486   -1
1575  496   -1
1576  1327  -1
1578  480   -1
1579  509   -1
1580  448   -1
1582  491   -1
1582  1338  -1
1584  502   -1
1584  511   -1
1585  420   -1
1585  477   -1
1586  457   -1
1586  485   -1
1589  364   -1
1589  426   -1
1591  500   -1
1593  386   -1
1594  520   -1
1597  347   -1
1597  1350  -1
1597  1376  -1
1598  394   -1
1598  469   -1
1600  452   -1
1600  1351  -1
1603  382   -1
1603  468   -1
1604  489   -1
1605  350   -1
1606  532   -1
1608  481   -1
1609  510   -1
1610  442   -1
1610  490   -1
1611  505   -1
1613  459   -1
1613  527   -1
1615  482   -1
1615  1359  -1
1619  457   -1
1620  554   -1
1621  576   -1
1625  549   -1
1628  541   -1
1630  511   -1
1633  495   -1
1639  503   -1
1640  519   -1
1641  1363  -1
1649  1343  -1
1656  555   -1
1656  561   -1
1659  1350  -1
1662  1362  -1
1670  575   -1
1674  549   -1
1677  574   -1
1681  548   -1
1683  532   -1
1689  565   -1
1700  376   -1
1703  337   -1
1708  337   -1
1709  405   -1
1712  520   -1
1713  357   -1
1715  324   -1
1719  364   -1
1719  528   -1
1721  465   -1
1722  298   -1
1725  338   -1
1725  504   -1
1726  292   -1
1726  485   -1
1728  390   -1
1728  508   -1
1731  414   -1
1731  460   -1
1732  479   -1
1734  434   -1
312   1459  -1
351   1467  -1
394   1425  -1
395   1408  -1
419   1405  -1
459   1395  -1
465   1496  -1
473   1502  -1
480   1402  -1
491   554   -1
493   556   -1
502   1384  -1
505   1372  -1
506   1537  -1
508   560   -1
508   563   -1
512   1397  -1
523   1505  -1
525   1376  -1
538   1474  -1
546   1596  -1
554   405   -1
552   403   -1
552   1385  -1
554   1444  -1
554   1501  -1
556   1467  -1
559   1667  -1
564   1471  -1
566   1468  -1
565   1651  -1
567   1399  -1
568   1603  -1
569   1663  -1
571   1470  -1
571   1583  -1
577   1470  -1
576   1964  -1
581   1408  -1
578   1632  -1
584   1607  -1
583   1661  -1
585   1462  -1
585   1599  -1
586   1397  -1
596   1539  -1
604   1367  -1
607   1488  -1
608   1515  -1
613   1388  -1
619   1379  -1
620   1458  -1
620   1366  -1
620   1469  -1
623   1540  -1
623   1577  -1
628   1527  -1
630   1387  -1
631   1504  -1
631   1551  -1
633   1362  -1
632   1511  -1
633   1420  -1
634   1503  -1
635   400   -1
636   1479  -1
638   1433  -1
637   1474  -1
639   1445  -1
643   1371  -1
642   1513  -1
644   1577  -1
647   1440  -1
647   1521  -1
646   1802  -1
648   1492  -1
649   1362  -1
654   1416  -1
654   1472  -1
656   1569  -1
659   1415  -1
660   1407  -1
664   1569  -1
665   1503  -1
665   1366  -1
670   1373  -1
674   1401  -1
674   1558  -1
677   1520  -1
678   1452  -1
681   640   -1
681   1402  -1
681   1512  -1
682   1597  -1
681   1797  -1
684   1401  -1
687   1373  -1
691   1377  -1
696   401   -1
696   1377  -1
696   1688  -1
697   1413  -1
699   1675  -1
701   946   -1
703   804   -1
703   1541  -1
704   1390  -1
709   379   -1
711   963   -1
708   961   -1
710   1488  -1
711   1402  -1
713   1367  -1
714   1480  -1
713   1520  -1
714   1461  -1
716   1532  -1
717   1618  -1
721   1381  -1
722   1867  -1
725   1393  -1
731   676   -1
727   811   -1
727   1489  -1
729   1588  -1
731   1555  -1
730   1691  -1
732   1390  -1
733   1456  -1
734   1498  -1
735   1501  -1
737   1616  -1
744   1637  -1
743   385   -1
744   1432  -1
743   1483  -1
746   1404  -1
747   1401  -1
748   1622  -1
748   896   -1
748   1416  -1
748   1800  -1
750   947   -1
750   1659  -1
750   1571  -1
752   1434  -1
753   1595  -1
754   1747  -1
757   1744  -1
758   1765  -1
758   1557  -1
760   1395  -1
764   934   -1
761   934   -1
762   1423  -1
761   1769  -1
763   884   -1
764   389   -1
764   904   -1
764   1452  -1
764   1768  -1
767   929   -1
767   1632  -1
769   404   -1
769   814   -1
772   1706  -1
772   392   -1
773   1394  -1
773   1551  -1
776   1579  -1
776   1387  -1
777   1539  -1
777   1402  -1
778   780   -1
779   1578  -1
779   1476  -1
784   1486  -1
781   1486  -1
781   1391  -1
782   1406  -1
784   914   -1
785   1386  -1
784   1548  -1
786   841   -1
786   367   -1
786   1556  -1
788   859   -1
787   1392  -1
789   1741  -1
792   1726  -1
792   848   -1
793   1811  -1
794   386   -1
794   960   -1
794   1757  -1
793   1787  -1
795   1766  -1
796   1539  -1
796   1754  -1
797   1493  -1
798   855   -1
799   864   -1
799   943   -1
800   873   -1
800   1488  -1
801   877   -1
801   1773  -1
804   377   -1
803   967   -1
804   924   -1
807   926   -1
809   950   -1
808   1390  -1
811   1686  -1
812   868   -1
817   357   -1
818   877   -1
820   894   -1
822   1386  -1
822   1591  -1
823   360   -1
825   1353  -1
826   807   -1
826   1485  -1
827   1660  -1
829   962   -1
829   1378  -1
828   1462  -1
830   1470  -1
830   1543  -1
829   1699  -1
831   351   -1
831   888   -1
838   938   -1
834   1645  -1
836   986   -1
837   383   -1
840   1472  -1
841   934   -1
842   990   -1
842   903   -1
843   1694  -1
844   1475  -1
845   389   -1
845   909   -1
848   975   -1
850   947   -1
851   1487  -1
851   1668  -1
852   1674  -1
854   1004  -1
857   887   -1
856   979   -1
856   1485  -1
858   1011  -1
858   359   -1
859   994   -1
858   1475  -1
862   1630  -1
866   1655  -1
869   372   -1
868   932   -1
870   1479  -1
871   369   -1
875   1659  -1
875   1008  -1
877   921   -1
877   707   -1
877   762   -1
877   856   -1
877   1479  -1
879   505   -1
879   521   -1
881   934   -1
884   537   -1
887   539   -1
884   1454  -1
885   1482  -1
888   1446  -1
889   350   -1
890   868   -1
892   659   -1
893   563   -1
896   899   -1
898   620   -1
897   864   -1
899   630   -1
902   641   -1
898   673   -1
900   1469  -1
901   350   -1
904   1445  -1
904   385   -1
904   1080  -1
906   808   -1
906   861   -1
907   813   -1
909   1472  -1
909   375   -1
909   792   -1
909   1459  -1
910   685   -1
911   699   -1
911   836   -1
913   1007  -1
913   882   -1
915   363   -1
916   714   -1
917   864   -1
916   1087  -1
916   1442  -1
918   836   -1
920   1017  -1
921   1452  -1
923   1001  -1
923   710   -1
926   482   -1
925   864   -1
926   811   -1
933   670   -1
934   649   -1
934   694   -1
939   881   -1
939   369   -1
942   912   -1
944   368   -1
945   471   -1
945   978   -1
947   717   -1
947   1435  -1
947   862   -1
949   982   -1
949   693   -1
948   787   -1
950   385   -1
951   903   -1
953   901   -1
952   898   -1
956   899   -1
950   900   -1
951   954   -1
951   1120  -1
953   476   -1
952   777   -1
953   467   -1
958   966   -1
956   964   -1
960   969   -1
953   963   -1
955   1467  -1
955   460   -1
955   456   -1
956   1004  -1
956   377   -1
958   912   -1
958   1795  -1
958   894   -1
958   889   -1
958   1442  -1
960   394   -1
960   752   -1
961   899   -1
960   1118  -1
961   1433  -1
961   726   -1
961   955   -1
962   684   -1
964   1463  -1
967   1461  -1
965   795   -1
966   1081  -1
967   487   -1
969   867   -1
970   1111  -1
971   888   -1
972   694   -1
974   914   -1
975   1122  -1
975   1798  -1
975   446   -1
977   444   -1
975   467   -1
976   668   -1
976   688   -1
977   787   -1
977   894   -1
978   1086  -1
981   374   -1
980   580   -1
982   907   -1
982   1155  -1
982   379   -1
983   476   -1
985   1151  -1
986   439   -1
986   631   -1
987   1175  -1
988   468   -1
988   916   -1
990   1165  -1
989   1450  -1
990   378   -1
992   813   -1
992   493   -1
993   1122  -1
994   766   -1
994   1014  -1
996   444   -1
995   476   -1
995   808   -1
996   467   -1
997   1022  -1
997   1040  -1
998   611   -1
998   1178  -1
998   447   -1
1000  680   -1
999   717   -1
1000  384   -1
1000  686   -1
1000  1742  -1
1001  609   -1
1004  484   -1
1004  575   -1
1005  380   -1
1006  1438  -1
1007  1188  -1
1011  1188  -1
1012  583   -1
1011  1037  -1
1013  504   -1
1013  353   -1
1013  387   -1
1014  957   -1
1014  872   -1
1016  874   -1
1015  1771  -1
1016  501   -1
1016  1732  -1
1016  800   -1
1017  683   -1
1019  565   -1
1021  523   -1
1023  1080  -1
1024  1212  -1
1026  1727  -1
1028  590   -1
1027  678   -1
1029  578   -1
1029  685   -1
1029  574   -1
1030  627   -1
1029  643   -1
1034  850   -1
1034  846   -1
1030  1195  -1
1030  1728  -1
1031  523   -1
1030  836   -1
1031  1157  -1
1033  281   -1
1033  639   -1
1033  704   -1
1033  783   -1
1033  932   -1
1036  996   -1
1038  326   -1
1037  619   -1
1037  853   -1
1037  1084  -1
1038  1730  -1
1039  592   -1
1039  609   -1
1040  789   -1
1040  448   -1
1040  1163  -1
1041  564   -1
1043  788   -1
1042  1751  -1
1043  452   -1
1043  682   -1
1043  857   -1
1047  492   -1
1047  1023  -1
1047  294   -1
1048  596   -1
1047  691   -1
1048  801   -1
1047  1026  -1
1047  1818  -1
1050  1734  -1
1051  607   -1
1051  1167  -1
1052  1189  -1
1052  856   -1
1053  1140  -1
1058  1716  -1
1054  618   -1
1054  648   -1
1054  836   -1
1055  486   -1
1054  853   -1
1057  856   -1
1056  705   -1
1056  1125  -1
1057  557   -1
1057  607   -1
1057  619   -1
1058  980   -1
1058  546   -1
1058  596   -1
1059  478   -1
1067  559   -1
1063  554   -1
1061  1137  -1
1061  1689  -1
1061  606   -1
1063  1119  -1
1064  591   -1
1065  738   -1
1066  596   -1
1070  757   -1
1067  604   -1
1068  877   -1
1075  1148  -1
1072  1149  -1
1076  1143  -1
1080  1151  -1
1067  1149  -1
1083  1145  -1
1069  1147  -1
1067  1687  -1
1069  652   -1
1069  1739  -1
1069  1816  -1
1070  665   -1
1071  386   -1
1072  880   -1
1073  389   -1
1074  771   -1
1075  597   -1
1074  1812  -1
1075  437   -1
1076  766   -1
1077  773   -1
1080  538   -1
1078  1069  -1
1079  365   -1
1079  1073  -1
1080  481   -1
1081  1042  -1
1083  366   -1
1084  533   -1
1083  596   -1
1084  1221  -1
1085  333   -1
1084  1054  -1
1084  1194  -1
1085  602   -1
1086  1680  -1
1088  1742  -1
1088  555   -1
1088  1856  -1
1089  860   -1
1091  1206  -1
1092  1720  -1
1093  1219  -1
1092  1650  -1
1092  1659  -1
1093  1858  -1
1093  490   -1
1093  1693  -1
1093  1783  -1
1095  1137  -1
1096  1816  -1
1097  311   -1
1096  530   -1
1097  562   -1
1097  1222  -1
1099  577   -1
1100  256   -1
1101  1217  -1
1101  1704  -1
1102  455   -1
1103  363   -1
1103  595   -1
1106  766   -1
1106  1728  -1
1107  560   -1
1107  584   -1
1108  1776  -1
1109  502   -1
1108  569   -1
1109  963   -1
1109  1857  -1
1110  252   -1
1110  427   -1
1111  573   -1
1112  360   -1
1111  550   -1
1111  585   -1
1112  884   -1
1113  379   -1
1112  566   -1
1112  1661  -1
1112  1762  -1
1116  545   -1
1116  550   -1
1114  319   -1
1114  350   -1
1114  1121  -1
1116  1615  -1
1116  1099  -1
1116  1751  -1
1117  509   -1
1118  1758  -1
1118  247   -1
1119  537   -1
1120  911   -1
1120  484   -1
1121  1816  -1
1123  434   -1
1124  819   -1
1124  1740  -1
1123  1743  -1
1124  323   -1
1124  591   -1
1126  1047  -1
1126  1623  -1
1127  530   -1
1127  1725  -1
1128  1804  -1
1128  167   -1
1128  415   -1
1128  555   -1
1130  922   -1
1130  374   -1
1131  1610  -1
1130  1706  -1
1131  1741  -1
1133  1743  -1
1132  1788  -1
1133  890   -1
1135  1786  -1
1134  1782  -1
1132  1785  -1
1133  1857  -1
1133  307   -1
1133  918   -1
1134  1556  -1
1135  333   -1
1135  573   -1
1135  1636  -1
1135  1736  -1
1136  418   -1
1136  894   -1
1137  546   -1
1138  844   -1
1138  910   -1
1138  919   -1
1138  809   -1
1139  1774  -1
1140  875   -1
1139  886   -1
1140  285   -1
1141  310   -1
1140  356   -1
1141  509   -1
1142  575   -1
1141  1611  -1
1140  1614  -1
1141  553   -1
1141  582   -1
1141  1815  -1
1142  1819  -1
1144  1623  -1
1144  1795  -1
1146  1798  -1
1144  360   -1
1145  1047  -1
1144  1814  -1
1146  1563  -1
1146  414   -1
1146  1595  -1
1146  1606  -1
1147  316   -1
1147  898   -1
1148  308   -1
1150  1094  -1
1148  1092  -1
1149  271   -1
1150  794   -1
1149  1572  -1
1149  1685  -1
1152  248   -1
1151  868   -1
1152  1598  -1
1153  1533  -1
1154  795   -1
1154  1015  -1
1154  1766  -1
1156  1631  -1
1155  1762  -1
1156  247   -1
1157  445   -1
1157  1570  -1
1159  868   -1
1159  1864  -1
1164  1741  -1
1161  1742  -1
1160  1756  -1
1161  1654  -1
1163  1614  -1
1165  1571  -1
1166  870   -1
1166  1548  -1
1167  1759  -1
1167  1764  -1
1177  1756  -1
1172  1942  -1
1174  382   -1
1174  1672  -1
1174  1851  -1
1176  1845  -1
1178  1829  -1
1180  341   -1
1181  867   -1
1181  336   -1
1184  805   -1
1184  1355  -1
1185  1346  -1
1185  1652  -1
1188  1652  -1
1185  1790  -1
1187  1809  -1
1189  769   -1
1190  1682  -1
1191  1048  -1
1198  1835  -1
1193  356   -1
1192  1645  -1
1195  456   -1
1195  1360  -1
1194  1642  -1
1196  500   -1
1196  796   -1
1196  1356  -1
1198  430   -1
1198  510   -1
1198  528   -1
1202  1124  -1
1200  1126  -1
1202  1128  -1
1205  1129  -1
1200  426   -1
1201  1381  -1
1202  1611  -1
1205  1796  -1
1204  1357  -1
1203  1683  -1
1204  568   -1
1206  1382  -1
1213  1756  -1
1207  444   -1
1208  544   -1
1209  417   -1
1211  1778  -1
1211  1603  -1
1212  458   -1
1213  1001  -1
1212  1799  -1
1213  1891  -1
1216  1588  -1
1217  428   -1
1218  436   -1
1219  1357  -1
1218  1880  -1
1220  1602  -1
1221  1789  -1
1224  788   -1
1228  1636  -1
1228  1739  -1
1228  1748  -1
1229  1064  -1
1229  1376  -1
1230  581   -1
1230  1736  -1
1232  564   -1
1237  1420  -1
1234  1421  -1
1235  1425  -1
1234  1613  -1
1235  1621  -1
1237  1352  -1
1238  767   -1
1239  1760  -1
1243  1870  -1
1241  1872  -1
1243  1715  -1
1250  1336  -1
1251  1715  -1
1256  1716  -1
1258  1028  -1
1264  1300  -1
1262  1701  -1
1263  1033  -1
1267  1695  -1
1267  1387  -1
1269  1353  -1
1271  1369  -1
1271  1408  -1
1275  1389  -1
1276  1726  -1
1277  1719  -1
1279  1731  -1
1279  1129  -1
1281  1365  -1
1281  1380  -1
1282  1442  -1
1286  1368  -1
1290  1685  -1
1289  1448  -1
1291  1446  -1
1293  1352  -1
1294  1370  -1
1296  1449  -1
1295  1681  -1
1296  1388  -1
1297  1407  -1
1303  1694  -1
1305  1449  -1
1305  1712  -1
1306  1396  -1
1307  1060  -1
1310  1387  -1
1313  1407  -1
1314  1170  -1
1315  1699  -1
1319  1389  -1
1322  1388  -1
1318  1436  -1
1319  1482  -1
1322  1457  -1
1324  1476  -1
1323  1692  -1
1324  1042  -1
1326  1446  -1
1328  1696  -1
1330  1383  -1
1330  1679  -1
1332  1438  -1
1334  1401  -1
1336  1479  -1
1338  1653  -1
1342  1671  -1
1350  969   -1
1351  1429  -1
1357  1414  -1
1357  1449  -1
1360  1418  -1
1363  997   -1
1368  967   -1
1371  998   -1
1373  1004  -1
1376  1446  -1
1388  1405  -1
1393  978   -1
1397  1009  -1
1397  1002  -1
1398  1455  -1
1405  1016  -1
1407  991   -1
1409  1422  -1
1413  1415  -1
1415  1012  -1
1417  1018  -1
1418  1428  -1
1423  1025  -1
1424  1416  -1
1428  1000  -1
1428  1003  -1
1431  1034  -1
1430  1031  -1
1433  1016  -1
1434  1353  -1
1440  1058  -1
1437  1312  -1
1438  1367  -1
1441  1023  -1
1442  1321  -1
1443  1383  -1
1446  1139  -1
1447  1008  -1
1451  1072  -1
1451  1290  -1
1451  1137  -1
1453  1030  -1
1454  1093  -1
1454  1025  -1
1457  1151  -1
1457  1382  -1
1458  1073  -1
1459  1229  -1
1459  1321  -1
1461  1104  -1
1464  1105  -1
1460  1191  -1
1462  1146  -1
1462  1164  -1
1461  1285  -1
1463  1228  -1
1465  1118  -1
1464  1187  -1
1465  1232  -1
1466  1177  -1
1467  1255  -1
1468  1340  -1
1469  1044  -1
1471  1290  -1
1472  1049  -1
1474  1136  -1
1475  1321  -1
1478  1188  -1
1478  1232  -1
1479  1121  -1
1479  1074  -1
1479  1084  -1
1480  1230  -1
1482  1190  -1
1483  1100  -1
1483  1111  -1
1488  1230  -1
1488  1255  -1
1494  1342  -1
1495  462   -1
1497  464   -1
1495  1331  -1
1497  1133  -1
1497  1224  -1
1498  1232  -1
1499  1206  -1
1501  1220  -1
1502  1214  -1
1505  289   -1
1510  450   -1
1510  453   -1
1511  457   -1
1511  1216  -1
1517  1246  -1
1520  1237  -1
1522  1249  -1
1523  1323  -1
1527  411   -1
1527  1279  -1
1529  1322  -1
1534  333   -1
1535  1243  -1
1536  403   -1
1539  1259  -1
1542  1335  -1
1545  1252  -1
1547  1254  -1
1548  446   -1
1548  1284  -1
1549  1275  -1
1549  1261  -1
1550  1293  -1
1554  1279  -1
1556  428   -1
1561  1307  -1
1565  1322  -1
1571  487   -1
1574  1308  -1
1574  1297  -1
1590  1299  -1
1590  1296  -1
1610  559   -1
1617  1371  -1
1619  511   -1
1630  549   -1
1633  566   -1
1642  562   -1
1670  563   -1
541   1538  0
540   1537  0
558   1575  1
558   1574  1
585   1638  2
586   1637  2
726   668   3
727   670   3
772   1578  4
774   1577  4
884   839   5
884   841   5
939   867   6
939   869   6
956   382   7
953   379   7
953   380   7
955   381   7
1041  1120  8
1040  1119  8
1046  289   9
1047  289   9
1071  589   10
1075  587   10
1073  588   10
1089  1146  11
1087  1146  11
1094  1705  12
1095  1704  12
1129  1721  13
1130  1722  13
1133  1627  14
1132  1626  14
1134  1628  14
1228  1891  15
1227  1891  15
1261  1215  16
1260  1215  16
1262  1696  17
1264  1697  17
1330  1058  18
1331  1056  18
1457  1106  19
1458  1106  19
1602  475   20
1602  474   20
346   1482  21
345   1481  21
464   1510  22
465   1508  22
481   1371  23
479   1372  23
506   1384  24
506   1382  24
505   1386  24
506   1520  25
506   1521  25
513   568   26
513   566   26
535   1402  27
533   1403  27
547   1578  28
548   1578  28
548   1580  28
551   1472  29
551   1471  29
554   401   30
554   399   30
556   1553  31
557   1553  31
555   1554  31
558   1552  31
557   1555  31
554   1552  31
554   1554  31
556   1551  31
556   1419  32
555   1417  32
557   1419  32
556   1491  33
557   1491  33
556   1492  33
557   1491  33
556   1492  33
559   1491  33
555   1492  33
555   1572  34
555   1572  34
566   1970  35
565   1969  35
565   1971  35
567   1968  35
571   1661  36
571   1661  36
572   1662  36
578   1409  37
577   1411  37
590   1487  38
590   1484  38
591   1486  38
588   1486  38
588   1484  38
597   399   39
598   399   39
596   398   39
599   401   39
598   397   39
600   1371  40
602   1372  40
604   1460  41
605   1459  41
616   1387  42
616   1387  42
618   1445  43
620   1444  43
617   1445  43
626   1433  44
625   1434  44
631   1406  45
632   1407  45
631   1407  45
630   1489  46
630   1490  46
632   1489  46
640   1391  47
640   1391  47
640   1391  47
640   1391  47
640   1391  47
640   1391  47
640   1391  47
640   1391  47
640   1391  47
641   1390  47
641   1392  47
641   1390  47
641   1392  47
640   1391  47
642   1393  47
641   1390  47
643   1391  47
638   1392  47
642   1393  47
640   1391  47
640   1394  47
639   1512  48
640   1511  48
638   1512  48
642   1356  49
641   1357  49
643   1360  50
643   1361  50
645   1514  51
645   1514  51
647   1515  51
645   1515  51
648   1514  51
647   1539  52
643   1541  52
645   1540  52
646   1475  53
645   1475  53
646   1376  54
646   1375  54
648   1926  55
647   1925  55
647   1927  55
649   1924  55
650   1421  56
648   1422  56
652   1493  57
652   1494  57
665   1513  58
666   1514  58
671   1543  59
672   1543  59
682   1539  60
681   1539  60
686   1579  61
685   1580  61
691   1518  62
691   1518  62
690   1518  62
691   1518  62
690   1518  62
689   1519  62
692   1517  62
691   1519  62
694   1519  62
689   1519  62
693   1517  62
691   1521  62
689   1517  62
694   1519  62
688   1520  62
690   1572  63
691   1572  63
692   1572  63
690   1572  63
692   1722  64
692   1722  64
692   1722  64
690   1722  64
697   1440  65
696   1440  65
698   1543  66
698   1544  66
702   1377  67
703   1375  67
704   1374  67
710   1383  68
710   1383  68
712   1526  69
712   1524  69
710   1524  69
712   1636  70
712   1635  70
717   663   71
716   665   71
715   1538  72
717   1537  72
717   388   73
716   389   73
718   967   74
718   967   74
719   1564  75
719   1564  75
721   387   76
721   388   76
722   1389  77
723   1388  77
723   933   78
723   933   78
723   1650  79
722   1648  79
725   945   80
725   945   80
726   1385  81
726   1384  81
725   1385  81
725   1462  82
726   1462  82
728   936   83
728   936   83
729   936   83
727   1863  84
726   1864  84
730   672   85
729   674   85
727   673   85
734   675   86
733   673   86
734   677   86
733   671   86
729   1399  87
731   1401  87
729   1400  87
731   953   88
732   953   88
733   1396  89
732   1397  89
737   1387  90
737   1387  90
738   896   91
740   896   91
738   895   91
741   897   91
738   938   92
739   939   92
738   955   93
738   954   93
742   1418  94
740   1418  94
741   1400  95
742   1401  95
742   1634  96
743   1633  96
743   1534  97
742   1532  97
745   1691  98
745   1691  98
747   1586  99
746   1586  99
749   903   100
748   903   100
750   379   101
752   378   101
755   1437  102
757   1436  102
754   1796  103
756   1797  103
755   936   104
756   935   104
759   904   105
759   904   105
760   905   105
759   904   105
761   903   105
758   1676  106
758   1676  106
759   1442  107
759   1442  107
761   1427  108
761   1427  108
765   1460  109
764   1460  109
766   1411  110
765   1411  110
766   1493  111
766   1493  111
769   1462  112
768   1462  112
769   696   113
770   697   113
770   1779  114
770   1779  114
773   1440  115
773   1440  115
775   922   116
774   921   116
777   1427  117
775   1426  117
776   1647  118
776   1648  118
777   392   119
778   393   119
778   1384  120
778   1384  120
780   1424  121
781   1424  121
779   1482  122
779   1482  122
780   1746  123
780   1746  123
781   1745  123
781   1449  124
781   1449  124
783   1442  125
783   1443  125
784   1767  126
783   1768  126
787   362   127
787   362   127
794   918   128
795   920   128
795   920   128
795   926   129
796   926   129
796   862   130
797   862   130
803   1398  131
803   1400  131
804   873   132
805   873   132
804   956   133
806   956   133
806   391   134
805   393   134
807   788   135
808   790   135
808   1396  136
808   1396  136
810   1500  137
809   1499  137
811   1527  138
813   1528  138
813   720   139
814   719   139
815   964   140
814   963   140
817   1383  141
817   1383  141
818   1384  141
821   368   142
821   367   142
835   936   143
834   937   143
836   936   143
832   938   143
831   1550  144
832   1549  144
833   1346  145
832   1346  145
833   1460  146
833   1460  146
835   953   147
835   952   147
838   984   148
838   984   148
840   1340  149
839   1339  149
841   1340  149
840   964   150
841   965   150
842   368   151
842   366   151
842   951   152
842   951   152
849   966   153
848   963   153
849   965   153
850   937   154
852   936   154
853   947   155
853   946   155
857   1468  156
856   1470  156
858   880   157
857   881   157
861   370   158
863   370   158
861   369   158
863   929   159
862   930   159
863   919   160
864   919   160
864   942   161
864   942   161
865   1007  162
865   1007  162
868   890   163
867   889   163
872   683   164
873   684   164
873   894   165
873   896   165
874   998   166
874   998   166
882   507   167
882   508   167
884   657   168
885   659   168
885   1458  169
887   1458  169
887   380   170
888   381   170
890   1460  171
891   1461  171
897   1012  172
897   1012  172
899   641   173
898   640   173
899   1004  174
900   1004  174
904   1096  175
903   1096  175
906   685   176
906   685   176
908   616   177
908   616   177
911   803   178
911   803   178
914   378   179
913   378   179
916   990   180
917   991   180
916   994   181
916   995   181
919   387   182
920   386   182
920   1458  183
920   1458  183
921   663   184
921   664   184
925   659   185
925   659   185
927   462   186
926   464   186
927   461   186
927   907   187
928   908   187
932   1462  188
931   1462  188
933   1463  188
931   766   189
931   767   189
933   884   190
933   885   190
935   908   191
937   907   191
933   908   191
935   376   192
936   377   192
934   460   193
934   462   193
935   998   194
936   998   194
934   1002  195
934   1001  195
936   888   196
936   888   196
937   467   197
936   465   197
940   776   198
940   775   198
941   693   199
942   693   199
943   872   200
942   872   200
944   740   201
944   742   201
946   740   201
945   481   202
945   480   202
948   689   203
948   688   203
948   1007  204
947   1008  204
949   763   205
949   763   205
957   903   206
955   904   206
953   1083  207
954   1083  207
952   1082  207
954   375   208
953   375   208
954   708   209
954   708   209
954   752   210
953   752   210
956   691   211
955   691   211
956   485   212
956   487   212
957   672   213
957   672   213
957   760   214
956   761   214
956   1433  215
957   1433  215
962   888   216
962   890   216
960   892   217
961   894   217
964   1142  218
964   1142  218
967   474   219
966   474   219
967   743   220
966   744   220
966   763   221
966   764   221
968   1126  222
968   1126  222
968   977   223
969   975   223
970   389   224
970   388   224
970   793   225
971   793   225
973   1141  226
973   1143  226
974   1141  226
975   363   227
975   363   227
976   1771  228
977   1772  228
976   714   229
977   712   229
977   395   230
978   395   230
978   683   231
978   685   231
978   681   231
979   1089  232
979   1089  232
981   637   233
981   637   233
982   702   234
982   703   234
982   866   235
982   867   235
983   867   235
983   1439  236
983   1439  236
984   1781  237
984   1782  237
984   688   238
985   689   238
986   722   239
986   722   239
986   722   239
985   722   239
986   723   239
984   722   239
986   922   240
988   922   240
986   949   241
987   950   241
987   1106  242
987   1107  242
990   1106  243
990   1106  243
988   1766  244
988   1766  244
988   1766  244
988   1766  244
988   1766  244
988   745   245
988   746   245
989   782   246
989   782   246
991   781   246
990   474   247
990   475   247
991   749   248
991   748   248
994   753   249
994   752   249
993   1019  250
995   1018  250
994   1032  251
994   1033  251
995   1035  251
995   487   252
994   488   252
995   1231  253
996   1230  253
995   1169  254
995   1168  254
998   1101  255
998   1101  255
1000  598   256
1000  599   256
1000  919   257
999   920   257
999   1118  258
1000  1119  258
1003  685   259
1004  685   259
1003  684   259
1004  686   259
1003  684   259
1001  993   260
1001  993   260
1001  800   261
1002  799   261
1002  1450  262
1002  1451  262
1003  694   263
1003  695   263
1005  651   264
1005  651   264
1004  652   264
1004  831   265
1004  831   265
1004  1124  266
1004  1124  266
1007  631   267
1006  631   267
1006  1772  268
1006  1774  268
1009  625   269
1009  625   269
1008  836   270
1009  836   270
1013  529   271
1013  530   271
1014  528   271
1011  532   272
1010  533   272
1012  703   273
1012  703   273
1013  683   274
1013  683   274
1013  683   274
1020  772   275
1019  772   275
1020  1215  276
1019  1216  276
1020  386   277
1020  388   277
1021  762   278
1021  762   278
1023  974   279
1025  975   279
1025  805   280
1024  806   280
1028  1722  281
1029  1724  281
1031  851   282
1029  850   282
1032  848   283
1030  847   283
1036  640   284
1036  640   284
1033  996   285
1033  996   285
1035  1015  286
1036  1015  286
1035  1147  287
1035  1146  287
1036  583   288
1038  584   288
1039  849   289
1037  850   289
1042  851   290
1040  852   290
1039  428   291
1040  427   291
1040  430   291
1038  506   292
1039  506   292
1039  1167  293
1038  1168  293
1039  1176  294
1038  1177  294
1040  702   295
1040  701   295
1042  398   296
1043  400   296
1043  401   296
1042  647   297
1042  646   297
1043  713   298
1042  712   298
1043  335   299
1043  337   299
1046  603   300
1046  602   300
1047  435   301
1046  435   301
1050  314   302
1049  315   302
1051  316   302
1049  313   302
1048  624   303
1048  624   303
1048  723   304
1049  723   304
1050  1128  305
1050  1129  305
1051  492   306
1052  492   306
1053  1192  307
1053  1193  307
1052  684   308
1053  684   308
1055  1717  309
1055  1717  309
1055  1717  309
1054  1717  309
1056  1720  309
1055  1717  309
1056  1720  309
1054  1717  309
1055  1718  309
1056  1720  309
1054  319   310
1054  318   310
1055  341   311
1054  340   311
1054  727   312
1055  726   312
1059  854   313
1061  858   313
1057  853   313
1060  856   313
1060  852   313
1062  855   313
1057  851   313
1058  862   314
1058  860   314
1056  862   314
1060  861   314
1061  559   315
1062  559   315
1062  558   315
1061  559   315
1064  558   315
1061  556   315
1061  559   315
1062  561   315
1063  558   315
1059  636   316
1059  636   316
1061  611   317
1060  610   317
1063  1759  318
1063  1759  318
1063  1759  318
1063  1760  318
1063  1759  318
1063  1760  318
1063  1828  319
1062  1830  319
1065  1130  320
1065  1130  320
1066  578   321
1066  579   321
1068  754   322
1068  754   322
1068  754   322
1068  755   322
1069  753   322
1070  754   322
1067  761   323
1066  762   323
1068  442   324
1067  443   324
1071  1145  325
1073  1145  325
1070  1144  325
1079  1145  326
1078  1147  326
1083  1149  327
1081  1148  327
1075  1151  328
1077  1151  328
1070  364   329
1070  365   329
1072  448   330
1072  450   330
1072  1103  331
1072  1103  331
1074  653   332
1073  652   332
1074  1696  333
1074  1696  333
1076  1708  334
1076  1708  334
1076  1709  334
1077  1710  334
1076  1706  334
1080  1708  335
1080  1708  335
1076  1720  336
1075  1719  336
1077  538   337
1077  539   337
1077  549   338
1077  549   338
1080  1679  339
1079  1678  339
1080  783   340
1081  784   340
1083  515   341
1081  514   341
1082  518   342
1083  519   342
1085  1843  343
1088  1841  343
1085  1843  343
1087  1843  343
1088  1841  343
1084  1843  343
1088  1843  343
1085  1845  343
1086  1841  343
1084  1840  343
1089  603   344
1088  602   344
1091  602   344
1087  808   345
1087  808   345
1088  809   345
1087  808   345
1090  809   345
1085  1836  346
1086  1835  346
1089  583   347
1089  583   347
1089  753   348
1089  754   348
1090  768   349
1090  769   349
1090  1138  350
1091  1134  350
1092  1139  350
1091  1136  350
1091  856   351
1092  856   351
1091  857   351
1092  437   352
1092  436   352
1092  1814  353
1092  1813  353
1093  1854  354
1093  1854  354
1100  1131  355
1100  1129  355
1100  1133  355
1097  1133  356
1100  1136  356
1095  1130  356
1098  1135  356
1097  1131  356
1095  1134  356
1095  524   357
1096  523   357
1095  784   358
1095  784   358
1097  772   359
1097  773   359
1096  1217  360
1096  1216  360
1098  567   361
1099  568   361
1098  566   361
1098  1726  362
1099  1728  362
1102  576   363
1102  576   363
1102  574   363
1100  799   364
1100  799   364
1100  1106  365
1099  1106  365
1101  375   366
1101  374   366
1102  1851  367
1100  1851  367
1101  515   368
1102  516   368
1102  569   369
1103  571   369
1103  583   370
1102  582   370
1104  583   370
1102  580   370
1102  815   371
1102  814   371
1105  490   372
1105  491   372
1105  249   373
1107  248   373
1111  1817  374
1111  1817  374
1110  1821  375
1108  1820  375
1111  430   376
1110  430   376
1111  861   377
1113  861   377
1116  884   378
1116  885   378
1114  547   379
1114  547   379
1114  804   380
1114  804   380
1114  1651  381
1114  1651  381
1117  580   382
1117  583   382
1117  581   382
1116  584   382
1118  397   383
1118  398   383
1119  1761  384
1120  1760  384
1119  1628  385
1120  1628  385
1121  1598  386
1120  1600  386
1124  382   387
1122  381   387
1126  383   387
1126  381   387
1122  1840  388
1123  1839  388
1125  873   389
1123  872   389
1125  869   390
1127  868   390
1128  868   390
1125  868   390
1128  866   390
1127  870   390
1128  829   391
1128  829   391
1129  571   392
1129  571   392
1129  789   393
1129  789   393
1129  919   394
1129  919   394
1131  1799  395
1129  1798  395
1132  1798  395
1130  538   396
1130  539   396
1131  594   397
1130  596   397
1132  1864  398
1132  1865  398
1131  1860  399
1130  1862  399
1132  590   400
1131  591   400
1133  578   401
1132  579   401
1133  1849  402
1133  1847  402
1133  1845  402
1133  1851  402
1134  770   403
1133  770   403
1135  376   404
1136  376   404
1138  543   405
1137  543   405
1139  559   406
1139  559   406
1139  557   406
1138  559   406
1138  814   407
1137  814   407
1140  223   408
1141  222   408
1142  571   409
1143  571   409
1141  572   409
1140  1871  410
1140  1871  410
1141  171   411
1142  172   411
1142  244   412
1142  246   412
1143  324   413
1144  324   413
1143  323   413
1146  880   414
1146  879   414
1148  858   415
1148  858   415
1149  439   416
1149  437   416
1149  836   417
1148  836   417
1151  320   418
1150  318   418
1151  1798  419
1152  1800  419
1153  1523  420
1152  1522  420
1153  1773  421
1154  1772  421
1155  831   422
1155  831   422
1155  862   423
1155  862   423
1159  1788  424
1159  1788  424
1159  1789  424
1159  1788  424
1159  1789  424
1159  1788  424
1158  1790  424
1159  1788  424
1158  1790  424
1159  1788  424
1159  1790  424
1157  1788  424
1159  1788  424
1156  1790  424
1158  1786  424
1159  1790  424
1155  1789  424
1160  1787  424
1157  1788  424
1158  1790  424
1161  1789  424
1158  1786  424
1155  1789  424
1160  1787  424
1156  1790  424
1159  1790  424
1157  1787  424
1162  1786  424
1155  1792  424
1161  1790  424
1158  1792  424
1159  1788  424
1156  775   425
1156  776   425
1155  784   426
1155  784   426
1155  1686  427
1156  1688  427
1156  1684  427
1158  402   428
1158  403   428
1160  1845  429
1160  1845  429
1160  1845  429
1161  1844  429
1160  1845  429
1160  1847  429
1160  1843  429
1161  1844  429
1160  1847  429
1160  1843  429
1162  1846  429
1160  1847  429
1160  1017  430
1160  1017  430
1161  786   431
1160  786   431
1161  431   432
1161  431   432
1162  491   433
1162  491   433
1163  414   434
1164  414   434
1163  414   434
1165  442   435
1165  442   435
1167  387   436
1167  386   436
1166  851   437
1167  851   437
1169  1691  438
1169  1691  438
1169  1692  438
1169  1689  438
1170  794   439
1170  795   439
1173  1757  440
1173  1757  440
1173  1758  440
1174  1756  440
1174  1760  440
1173  1758  440
1174  1756  440
1175  1759  440
1176  380   441
1176  378   441
1176  1659  442
1178  1656  442
1176  1659  442
1177  1657  442
1174  1743  443
1174  1745  443
1175  1741  443
1179  1741  443
1177  1740  443
1178  1814  444
1176  1814  444
1180  1736  445
1179  1738  445
1179  1797  446
1178  1795  446
1180  751   447
1181  750   447
1180  751   447
1180  1669  448
1180  1669  448
1185  1757  449
1186  1759  449
1184  1756  449
1187  1758  449
1191  749   450
1190  748   450
1190  1746  451
1190  1748  451
1194  1833  452
1195  1832  452
1194  1833  452
1195  1831  452
1195  1833  452
1193  1832  452
1197  1832  452
1195  1835  452
1191  1833  452
1194  1031  453
1193  1031  453
1202  1802  454
1197  1805  454
1202  1803  454
1198  1803  454
1197  1802  454
1201  1802  454
1197  1805  454
1201  1804  454
1198  1801  454
1202  1802  454
1197  1805  454
1200  1804  454
1197  1807  454
1197  1802  454
1202  1804  454
1202  1801  454
1198  1799  454
1198  1825  455
1197  1826  455
1197  1902  456
1196  1901  456
1198  415   457
1197  415   457
1204  1126  458
1205  1124  458
1201  727   459
1201  726   459
1204  728   460
1204  729   460
1202  1796  461
1202  1795  461
1202  736   462
1202  737   462
1205  1351  463
1205  1351  463
1209  1753  464
1209  1753  464
1208  1752  464
1211  1753  464
1208  1753  464
1211  1753  464
1208  1752  464
1211  1752  464
1210  1756  464
1208  1755  464
1208  1752  464
1211  1753  464
1207  1758  465
1207  1758  465
1207  1073  466
1209  1073  466
1209  1317  467
1208  1318  467
1210  1325  468
1210  1324  468
1210  1342  469
1212  1341  469
1212  1810  470
1210  1810  470
1213  1632  471
1213  1632  471
1217  1620  472
1217  1621  472
1217  1620  472
1217  1621  472
1217  1620  472
1217  1622  472
1218  749   473
1218  749   473
1218  1663  474
1218  1664  474
1221  1782  475
1219  1783  475
1226  1376  476
1224  1377  476
1226  1375  476
1226  713   477
1226  713   477
1226  800   478
1226  798   478
1227  802   478
1228  1096  479
1229  1097  479
1230  1188  480
1230  1188  480
1232  592   481
1231  593   481
1234  1380  482
1234  1380  482
1235  789   483
1234  789   483
1237  1880  484
1236  1880  484
1239  1371  485
1239  1371  485
1243  1440  486
1243  1440  486
1242  1442  486
1244  1441  486
1244  592   487
1243  592   487
1243  732   488
1243  732   488
1248  1097  489
1247  1096  489
1248  1447  490
1249  1446  490
1248  1439  491
1249  1439  491
1250  782   492
1249  783   492
1252  1005  493
1251  1007  493
1255  1007  494
1255  1009  494
1253  1324  495
1253  1323  495
1260  1301  496
1262  1302  496
1266  1426  497
1265  1425  497
1278  1708  498
1278  1708  498
1281  1414  499
1282  1415  499
1281  1414  499
1291  1052  500
1292  1054  500
1290  1051  500
1291  1478  501
1290  1477  501
1294  1397  502
1294  1397  502
1295  1691  503
1295  1692  503
1296  1364  504
1297  1363  504
1299  1374  505
1299  1374  505
1301  1415  506
1302  1416  506
1301  1454  507
1300  1454  507
1306  1709  508
1305  1709  508
1313  1384  509
1315  1383  509
1315  1414  510
1314  1412  510
1315  1414  510
1330  1454  511
1330  1454  511
1330  1682  512
1334  1684  512
1334  1683  512
1335  1684  512
1334  1683  512
1335  1684  512
1332  1683  512
1336  1385  513
1335  1385  513
1335  1455  514
1335  1455  514
1340  973   515
1341  973   515
1340  1436  516
1341  1434  516
1342  1403  517
1341  1402  517
1348  1425  518
1348  1424  518
1349  1658  519
1348  1658  519
1360  994   520
1361  993   520
1368  990   521
1368  989   521
1373  978   522
1373  978   522
1374  977   522
1373  978   522
1374  977   522
1371  978   522
1373  976   522
1376  977   522
1373  980   522
1396  1012  523
1397  1014  523
1401  994   524
1401  994   524
1402  1410  525
1404  1410  525
1411  1438  526
1411  1438  526
1421  1388  527
1420  1387  527
1427  984   528
1427  984   528
1428  989   529
1427  989   529
1437  1018  530
1437  1017  530
1437  1060  531
1437  1061  531
1446  1049  532
1446  1050  532
1447  1115  533
1448  1115  533
1448  1123  534
1450  1124  534
1450  1085  535
1449  1084  535
1453  1210  536
1452  1209  536
1454  1241  537
1454  1240  537
1455  1037  538
1454  1039  538
1460  1052  539
1460  1052  539
1460  1053  539
1459  1053  539
1460  1052  539
1459  1055  539
1456  1054  540
1456  1054  540
1456  1054  540
1462  1296  541
1461  1296  541
1463  1238  542
1462  1237  542
1467  1076  543
1465  1077  543
1467  1172  544
1467  1172  544
1469  1286  545
1469  1287  545
1474  1197  546
1474  1197  546
1473  1228  547
1474  1229  547
1481  1208  548
1482  1209  548
1485  1158  549
1483  1158  549
1496  1165  550
1496  1165  550
1496  1180  551
1496  1180  551
1502  1249  552
1502  1249  552
1512  1319  553
1511  1320  553
1512  1340  554
1513  1340  554
1522  1235  555
1522  1233  555
1524  1337  556
1523  1337  556
1528  387   557
1527  388   557
1532  393   558
1532  393   558
1532  392   558
1531  395   558
1534  393   558
1530  391   558
1533  391   558
1535  1249  559
1535  1249  559
1539  1255  560
1537  1255  560
1562  1255  561
1563  1254  561
1566  1256  562
1567  1255  562
1576  470   563
1576  470   563
1586  1300  564
1587  1300  564
1588  396   565
1587  397   565
1596  487   566
1596  486   566
1595  487   566
1595  489   566
1598  488   566
1597  485   566
1595  1345  567
1595  1347  567