# Filename: CLN3-561nm_416_bidi_011.tif
# Puncta radius (pixels): (1.3888888888888888, 1.3888888888888888)
# Puncta radius (nm): (150, 150)
# Cluster threshold (nm): 300
# Voxel size (nm): (108, 108)
Y     X
14    1019
17    1010
26    1016
35    1119
40    1051
53    1088
63    1077
85    1068
86    1098
88    1058
89    1073
91    1077
97    1077
99    1125
101   1091
102   1054
104   1065
105   1060
106   1095
110   1045
110   1053
113   1123
114   1077
115   1150
116   1141
117   1024
117   1155
119   404
119   913
121   1046
121   1049
124   1019
125   1121
127   1134
128   1034
128   1127
130   1142
132   1094
133   1125
133   1133
134   1041
135   1066
136   1144
139   1070
141   1144
143   1077
145   1047
148   1040
150   1049
154   1084
154   1133
159   1066
161   1103
165   559
165   1127
168   1077
170   574
170   1050
171   484
171   544
171   568
173   1235
176   1048
176   1205
179   529
180   469
180   503
181   498
181   568
181   1100
182   482
182   1111
182   1211
184   1094
186   463
186   1116
187   489
187   500
187   1237
188   523
188   539
190   484
190   547
191   440
191   511
192   447
193   563
195   437
195   444
195   466
195   507
195   554
196   517
199   414
200   560
201   526
201   1163
202   440
202   533
206   435
207   469
207   488
209   1226
210   462
210   521
211   407
212   456
215   494
215   1196
215   1215
216   423
216   594
216   1207
217   447
217   702
219   1219
221   469
222   433
222   1186
222   1195
222   1268
223   485
223   712
223   1203
224   495
224   1248
228   612
228   1192
229   1261
230   430
230   438
230   1268
231   447
231   615
231   1218
232   427
232   511
233   383
233   493
236   410
236   675
237   433
237   1166
238   425
239   695
240   407
240   438
241   363
241   482
242   400
242   424
242   1251
243   1259
244   620
244   638
245   649
247   1192
247   1251
248   624
249   382
249   618
250   367
250   1264
251   389
251   693
252   1209
252   1216
253   1201
254   360
254   370
254   453
254   1265
255   678
255   1191
256   1279
256   1285
257   1221
258   1166
258   1184
258   1268
260   353
260   377
260   670
260   1280
261   460
261   654
261   1256
262   1194
262   1236
263   672
263   695
263   1200
264   1272
264   1288
266   351
266   362
267   333
267   379
267   787
268   415
269   369
269   1257
270   363
271   335
271   413
271   781
271   1236
272   1185
272   1223
272   1262
273   326
273   430
273   451
275   1163
275   1228
277   774
279   348
280   789
281   326
281   362
281   429
281   466
281   769
282   1106
281   1249
282   345
282   442
282   1197
283   458
283   778
284   337
284   455
285   448
286   1247
287   1103
287   1212
288   335
288   801
288   1200
289   357
290   341
290   435
290   1162
291   318
291   346
291   454
291   478
291   797
291   1180
291   1206
291   1240
291   1248
292   1189
293   312
293   467
293   1184
293   1243
294   445
294   758
295   764
295   1154
295   1170
295   1236
295   1254
296   1163
297   1189
297   1200
298   308
298   350
299   459
299   1286
300   774
300   1229
301   315
301   359
301   429
301   445
301   1241
302   1209
302   1225
303   1186
303   1193
303   1298
305   1212
307   783
308   777
308   1305
309   513
309   1204
309   1210
310   496
311   315
311   331
311   764
311   1248
312   373
312   761
312   1183
313   358
313   364
313   1211
314   481
314   519
314   1292
316   467
316   1181
316   1239
316   1261
317   1206
318   354
318   775
318   1225
318   1235
320   516
320   1196
320   1253
321   484
321   589
321   1185
321   1264
322   497
322   531
322   1192
322   1216
322   1241
323   502
323   1247
324   420
324   772
325   754
325   1210
325   1268
326   493
326   533
326   611
326   761
326   791
326   1261
327   316
327   562
327   1206
327   1226
328   1198
329   357
329   504
329   523
329   583
330   307
330   517
330   569
330   1272
331   538
331   1207
331   1247
331   1260
332   299
332   782
333   606
333   1281
334   322
334   478
334   658
334   797
334   1251
335   303
335   1187
335   1266
336   471
336   520
336   581
337   533
337   634
337   776
337   792
338   481
338   543
338   624
338   757
338   1278
339   651
339   1249
340   292
340   310
340   316
340   565
340   1158
340   1184
340   1213
341   518
341   1234
342   739
342   1258
342   1283
343   571
343   635
343   1222
343   1253
344   369
344   1165
345   316
345   426
345   578
345   1245
346   307
346   537
346   735
346   747
346   769
346   1187
346   1262
346   1280
347   780
348   241
348   255
348   712
348   774
348   1258
349   295
349   517
349   524
349   615
349   682
349   752
350   486
350   527
350   573
350   1251
350   1271
351   313
351   1233
352   513
352   630
352   708
352   781
353   229
353   431
354   240
354   248
354   683
354   718
354   800
354   1186
354   1194
354   1266
355   273
355   368
355   489
355   509
355   516
355   530
355   539
355   564
355   694
355   805
355   1062
355   1065
355   1224
356   792
356   1073
356   1080
357   221
357   256
357   690
357   711
358   1174
358   1181
358   1231
359   226
359   718
360   242
360   347
360   533
360   813
360   1084
360   1220
361   277
361   502
361   542
361   1341
362   236
362   529
362   597
362   1063
362   1091
362   1189
362   1209
362   1215
362   1242
362   1335
363   262
363   384
363   550
363   575
363   652
363   799
363   809
363   1226
363   1248
364   249
364   310
364   378
364   520
364   660
364   678
364   740
365   228
365   268
365   274
365   298
365   696
365   781
365   1054
365   1067
365   1206
366   221
366   233
366   253
366   1095
367   537
367   616
368   260
368   447
368   502
369   238
369   327
369   772
369   1213
370   244
370   443
370   464
370   611
370   776
370   1242
370   1273
370   1319
371   272
371   286
371   706
371   807
371   1075
371   1085
371   1188
372   292
372   353
372   459
372   620
372   1094
373   350
373   521
373   799
373   1173
373   1201
373   1310
374   231
374   252
374   399
374   752
374   791
375   237
375   310
375   613
375   697
376   267
376   290
376   373
377   278
377   629
377   806
377   812
378   502
378   738
378   776
378   1072
378   1295
379   517
379   785
379   1064
379   1080
380   259
380   349
380   1166
381   507
381   595
381   734
381   1176
381   1233
382   270
382   383
382   476
382   602
382   792
383   256
383   289
383   322
383   336
383   530
383   783
383   1201
384   401
385   391
385   397
385   448
385   648
385   817
385   1076
386   467
387   524
387   788
388   253
388   273
388   515
388   1167
388   1305
389   345
389   611
390   270
390   626
390   824
391   303
391   400
391   503
391   600
391   1195
391   1303
392   351
392   377
392   1181
393   332
393   340
393   440
393   511
394   260
394   453
394   507
394   810
394   820
395   300
395   1059
396   251
396   311
396   322
396   481
396   528
396   1161
397   244
397   286
397   816
398   272
398   338
398   646
398   808
399   317
399   394
399   531
401   264
401   520
402   289
403   310
403   337
403   598
403   605
403   799
404   250
404   444
404   525
404   804
405   512
406   368
406   534
407   328
407   377
409   468
409   583
410   263
410   283
411   242
411   276
411   328
411   509
412   249
412   369
413   345
413   592
413   1177
414   252
414   520
414   530
416   288
416   512
416   526
416   1191
417   321
417   337
417   363
417   368
417   823
417   828
417   1166
417   1170
418   234
419   261
419   331
419   483
419   575
420   327
420   519
421   246
422   402
423   280
423   385
423   398
423   530
423   605
423   802
423   812
424   465
424   513
424   598
424   635
425   235
425   589
425   828
426   296
426   357
426   525
426   839
427   287
427   616
428   241
428   246
428   255
428   332
428   457
429   453
429   476
429   1201
429   1210
430   513
431   261
431   318
431   596
431   1218
432   379
432   382
433   278
433   357
433   404
433   529
433   632
433   744
434   271
434   286
434   1185
435   142
435   291
435   306
435   476
435   506
435   515
435   534
435   584
435   638
435   737
436   726
436   834
436   1230
437   244
437   398
437   523
437   1178
438   287
438   308
438   362
438   381
438   479
438   611
438   1198
439   519
439   712
439   731
440   257
440   533
440   589
440   1184
441   286
441   634
442   149
442   244
442   267
442   513
442   600
442   807
442   820
443   485
444   314
444   361
444   519
444   523
444   732
444   1235
445   168
445   278
445   469
445   533
445   565
445   576
445   609
445   703
446   247
446   510
446   651
446   681
447   290
447   539
447   594
447   603
447   712
447   1228
448   155
448   400
448   522
449   136
449   270
449   554
449   581
449   627
449   828
450   366
450   565
450   631
451   262
451   489
451   618
451   622
451   836
452   255
452   299
452   380
452   408
452   718
452   738
452   842
453   506
453   572
453   765
453   818
453   1195
454   156
454   286
454   348
454   355
454   387
454   400
454   601
454   649
454   669
454   691
454   833
454   1205
455   262
455   295
455   555
455   586
456   128
456   466
456   518
456   679
456   733
456   1230
457   251
457   531
457   543
457   561
457   632
457   719
457   750
457   768
458   260
458   536
458   810
458   1234
459   319
459   572
460   122
460   239
460   294
460   468
460   516
460   527
460   579
460   589
460   647
460   816
460   820
460   841
461   178
461   223
461   616
461   664
461   702
461   1202
461   1206
461   1226
462   312
462   371
462   636
462   734
462   760
462   826
463   267
463   323
463   330
463   351
463   546
463   573
463   1261
464   204
464   683
465   173
465   197
465   302
465   387
465   402
465   413
465   458
465   677
466   260
466   307
466   512
466   560
466   709
466   728
466   740
466   1238
467   285
467   377
467   532
467   548
467   575
467   771
467   828
467   844
467   1214
468   127
468   268
468   585
468   837
468   1230
468   1247
469   604
469   752
469   822
470   219
470   223
470   358
470   467
470   811
471   241
471   462
471   539
471   698
471   1225
472   178
472   261
472   522
472   527
472   546
472   580
472   671
472   707
472   829
473   248
473   295
473   317
473   634
473   644
473   841
473   1235
474   188
474   257
474   303
474   1251
475   693
475   782
476   379
476   551
476   558
476   713
476   727
477   525
477   542
477   545
477   563
477   584
477   733
477   828
478   289
478   299
478   529
478   644
478   744
478   763
478   805
479   324
479   622
480   326
480   336
480   556
480   626
480   705
480   816
481   340
481   439
481   729
482   345
482   357
482   423
482   565
482   722
482   752
483   253
483   449
483   588
484   401
484   560
484   571
484   582
484   656
484   705
484   763
484   1235
485   368
485   539
485   673
485   748
485   817
485   825
485   1229
486   303
486   423
486   545
486   806
487   290
487   468
487   521
487   562
487   590
487   614
487   619
487   648
487   738
488   532
488   567
489   297
489   419
489   599
489   609
490   200
490   351
490   410
490   644
490   708
490   721
490   827
491   392
491   435
491   651
491   775
492   386
492   452
492   562
492   785
492   793
493   529
493   574
493   701
493   798
493   802
494   525
494   536
494   546
494   599
494   779
495   421
495   624
495   653
495   818
495   825
495   831
496   281
496   672
496   710
496   758
496   788
497   461
497   559
497   579
497   588
497   794
497   812
498   311
498   554
498   1237
499   329
499   574
499   592
499   606
500   339
500   351
500   619
501   280
501   295
501   542
501   757
502   322
502   332
502   391
502   443
502   787
502   794
502   818
503   237
503   417
504   636
505   243
505   307
505   550
505   617
505   774
506   430
506   605
506   755
506   789
506   805
507   339
507   785
507   1226
508   237
508   302
508   410
508   433
508   570
508   613
508   623
509   332
509   365
509   461
509   564
509   598
510   425
510   442
510   558
510   781
511   662
512   627
512   775
512   792
513   346
513   571
513   658
513   667
513   806
514   295
514   315
516   322
516   354
516   380
516   467
516   784
517   245
517   309
517   315
517   723
517   822
518   651
518   789
519   426
519   631
519   759
519   797
520   332
520   336
520   342
520   738
521   351
521   1227
523   648
523   814
524   245
524   257
524   428
524   639
524   742
525   387
525   420
526   644
526   754
526   797
527   720
527   748
527   814
528   376
528   788
529   617
529   725
530   601
530   622
531   632
531   767
531   802
532   390
532   426
532   440
532   786
532   1232
533   335
533   642
533   702
534   723
535   355
535   434
535   449
535   636
535   684
535   693
536   266
536   381
536   656
537   341
537   364
537   439
537   699
538   418
539   262
540   391
540   753
541   248
541   593
542   263
542   333
542   351
542   358
542   679
542   724
544   278
544   650
544   731
545   712
547   707
547   752
548   779
549   260
549   394
549   688
550   346
550   725
551   741
551   746
552   753
552   770
553   430
553   437
553   716
553   776
554   449
555   440
556   746
557   273
557   689
557   741
558   371
559   552
560   355
562   271
562   278
562   453
562   702
562   764
563   474
565   461
564   681
564   697
564   733
564   769
564   817
565   691
566   490
567   276
567   741
568   632
568   703
570   465
570   694
570   716
571   299
571   509
571   740
571   769
572   661
574   677
574   682
574   735
574   772
575   498
575   670
575   687
576   758
578   284
578   649
578   748
579   294
580   688
580   714
582   483
582   732
582   743
583   682
584   522
584   539
585   290
585   529
586   767
589   525
589   675
589   755
589   765
590   570
591   637
593   707
593   723
594   571
595   520
595   587
595   664
596   577
596   784
597   687
598   682
599   544
599   674
599   725
599   758
600   549
600   743
600   770
601   789
602   560
603   622
604   601
604   608
605   630
607   593
607   638
608   565
608   572
608   622
608   663
608   706
608   788
611   617
611   796
612   703
612   755
612   817
613   563
613   583
614   680
615   574
615   621
615   794
616   736
616   741
617   663
618   566
618   607
621   734
621   757
622   804
623   795
624   579
624   637
624   650
625   722
627   781
628   746
629   591
630   684
630   848
631   695
631   819
632   656
632   723
633   602
633   811
634   589
635   610
635   835
636   602
636   666
637   671
639   592
640   641
640   663
640   848
640   853
641   623
641   717
642   579
642   730
643   605
644   590
644   838
644   850
645   584
646   718
647   609
648   660
649   587
649   715
650   613
651   580
652   653
653   711
654   611
658   587
660   675
662   611
662   683
663   645
664   692
665   621
665   668
666   588
668   712
668   721
670   599
670   630
670   641
670   978
671   657
671   983
673   603
673   621
674   653
675   616
676   661
676   974
676   990
677   709
677   969
677   995
678   632
678   687
679   978
680   645
681   702
683   617
683   959
683   976
683   983
685   992
686   661
686   671
687   634
687   961
687   980
688   664
688   706
689   581
689   607
690   715
690   991
691   635
693   172
693   967
694   979
695   637
695   677
695   975
695   985
696   971
696   1544
697   657
697   663
697   951
697   957
698   178
698   182
699   146
700   948
700   954
701   621
702   978
702   987
703   960
706   619
706   672
706   953
708   140
708   252
708   1418
709   1427
711   944
711   1423
712   1436
712   1454
715   159
715   170
715   222
715   956
715   1410
715   1450
716   137
716   943
716   960
716   1421
716   1430
716   1537
717   175
717   242
717   965
718   952
720   226
720   1428
720   1450
721   162
721   955
721   1460
722   283
722   342
723   232
723   1419
723   1446
724   238
724   1395
724   1401
725   81
725   136
725   222
725   276
725   953
725   1432
726   125
727   280
727   1436
727   1441
727   1445
727   1460
728   940
728   1382
729   257
729   1406
730   47
730   230
730   249
730   1391
730   1423
731   77
731   106
731   1400
732   90
732   1383
732   1411
732   1567
733   1416
733   1427
733   1442
733   1462
734   215
734   944
735   138
735   928
735   1449
736   257
736   938
736   1405
737   1439
737   1473
737   1565
738   287
738   933
738   1430
739   270
739   927
740   233
740   238
740   1387
741   183
741   1377
741   1395
741   1413
741   1424
741   1455
742   276
742   920
742   1382
742   1404
742   1417
742   1460
743   250
743   1471
744   180
744   229
744   285
744   942
744   1369
744   1389
744   1433
744   1439
744   1477
745   244
745   1399
746   5
746   915
746   934
746   950
746   1374
746   1446
747   193
747   1393
747   1407
747   1561
747   1566
748   318
748   347
748   1412
748   1432
748   1461
748   1583
749   330
749   925
749   1385
749   1396
749   1421
749   1437
749   1450
750   16
750   117
750   176
750   260
750   1402
750   1472
750   1551
751   936
751   1380
751   1454
751   1560
752   296
752   1371
752   1396
752   1444
752   1556
753   108
753   189
753   216
753   917
753   1408
753   1424
753   1436
754   199
754   1458
755   923
755   940
755   1418
755   1465
755   1470
756   242
756   280
756   911
756   1400
756   1412
757   928
757   944
757   1367
757   1383
757   1393
757   1427
757   1454
757   1485
758   312
758   920
758   1375
758   1477
759   940
759   1445
759   1449
759   1473
760   1434
760   1547
761   175
761   242
761   253
761   1467
761   1483
762   268
762   1428
763   189
763   223
763   274
763   1407
763   1452
764   1373
764   1395
764   1403
764   1459
764   1561
765   358
765   907
765   913
765   919
765   923
765   1385
765   1422
765   1443
765   1546
766   249
766   927
766   933
766   938
766   1429
767   219
767   1380
767   1450
768   236
768   1390
768   1402
768   1435
768   1468
769   1407
769   1414
770   365
770   911
770   927
770   930
770   935
770   1461
770   1476
771   919
771   1369
771   1439
771   1488
772   351
772   1354
772   1380
772   1400
772   1432
773   1363
773   1530
773   1541
774   925
774   1375
774   1393
774   1450
775   142
775   159
775   294
775   347
775   375
775   913
775   1424
775   1444
775   1457
775   1463
775   1481
776   907
776   920
776   938
776   1380
776   1384
776   1406
776   1470
777   265
777   928
777   1365
778   915
779   1372
779   1383
779   1453
779   1459
779   1504
780   196
780   920
780   933
780   1357
780   1379
780   1392
780   1489
781   314
781   1388
781   1396
781   1410
781   1434
782   1405
782   1467
782   1493
783   916
784   294
784   1370
784   1429
784   1476
784   1584
784   1603
785   926
785   1373
785   1401
785   1451
785   1472
786   262
786   932
786   1360
786   1408
786   1446
787   1353
787   1368
787   1396
787   1421
787   1463
787   1491
788   212
788   1382
788   1428
788   1479
789   3
789   920
789   1467
790   141
790   256
790   907
790   911
790   1489
791   321
791   931
791   1373
791   1435
792   14
792   1366
792   1376
792   1384
792   1446
792   1462
793   1453
793   1602
794   1469
794   1478
795   109
795   919
795   923
796   900
796   914
796   1357
796   1431
797   905
797   1368
797   1451
797   1465
798   203
798   1439
799   45
799   1477
800   8
800   1384
800   1417
801   0
801   266
801   920
801   1374
801   1424
801   1445
801   1463
801   1472
801   1485
802   925
802   1353
802   1439
802   1456
803   51
803   1361
803   1433
804   6
804   1357
805   203
805   300
805   913
805   1461
806   894
806   1384
806   1422
806   1434
807   237
807   1352
807   1367
807   1412
807   1428
807   1442
807   1467
807   1475
808   41
808   908
809   17
809   901
809   1346
809   1404
809   1459
810   10
810   55
810   206
810   921
810   1357
810   1462
811   102
811   299
811   1377
811   1385
812   1363
812   1453
812   1468
812   1481
813   1419
813   1427
813   1444
813   1460
814   0
814   894
814   912
814   920
814   1377
814   1403
815   175
815   1415
815   1434
816   45
816   356
816   362
816   1362
816   1439
817   24
817   82
817   330
817   339
817   345
817   1345
817   1368
817   1372
818   32
818   57
818   1349
818   1385
818   1453
818   1475
819   913
819   1443
819   1446
819   1466
820   9
820   45
820   63
820   211
820   903
820   1378
820   1428
820   1434
821   896
821   918
821   1461
822   102
822   237
822   1389
822   1448
822   1453
823   34
823   1369
823   1418
823   1467
824   4
824   260
824   898
824   1442
825   1342
825   1350
825   1520
826   19
826   323
826   909
826   1377
826   1425
826   1434
826   1463
826   1470
826   1475
826   1557
827   27
827   198
827   1273
827   1381
827   1456
828   49
828   56
828   222
828   893
828   902
828   1354
828   1357
829   46
829   208
829   1365
829   1416
830   108
830   910
830   1384
830   1420
830   1465
831   3
831   186
831   246
831   889
831   1280
831   1433
831   1451
832   38
832   90
832   233
832   1362
833   43
833   74
833   199
833   1444
833   1470
834   25
834   334
834   1375
834   1429
835   33
835   887
835   1288
835   1348
835   1437
835   1454
836   895
836   1471
837   1293
838   73
838   175
838   368
838   891
838   909
838   1365
838   1448
839   12
840   1278
840   1384
840   1433
841   344
841   888
841   900
841   1281
841   1294
841   1473
842   352
842   910
842   1462
843   163
843   1355
843   1370
843   1451
844   0
844   15
844   1336
844   1457
844   1467
845   888
845   1277
845   1363
845   1444
845   1477
846   355
846   884
846   894
846   903
846   908
846   1295
847   206
847   1359
847   1375
847   1381
848   315
848   1321
848   1444
848   1464
849   9
849   211
849   909
849   1385
849   1449
850   878
850   1353
851   140
851   888
851   1272
852   110
852   1444
853   894
853   1322
853   1364
854   883
854   905
854   1335
854   1345
855   0
855   329
855   350
855   1317
855   1339
855   1456
856   1352
856   1374
856   1465
857   230
857   305
857   889
857   1280
857   1359
857   1452
858   879
858   1475
859   188
859   206
859   875
859   898
859   1297
859   1324
859   1463
860   180
860   325
860   908
860   1372
860   1445
861   344
861   1386
861   1440
863   877
863   1343
863   1475
864   174
864   871
864   882
864   1313
864   1339
864   1432
864   1442
865   183
865   888
865   894
865   1303
865   1358
866   364
866   899
866   1333
866   1374
866   1436
866   1455
867   3
867   1369
867   1384
867   1388
867   1470
868   8
868   14
868   867
868   1380
868   1463
869   33
870   902
870   1444
871   27
871   318
871   874
871   1361
872   20
873   7
873   867
873   881
873   886
873   895
873   1342
873   1350
873   1368
873   1377
873   1474
874   12
874   163
874   1357
874   1370
874   1438
875   284
875   364
875   1383
875   1434
876   0
876   1470
877   17
877   868
877   875
878   25
878   48
878   60
878   307
878   317
878   879
878   891
878   1377
878   1393
878   1440
879   5
879   32
879   54
879   1357
879   1367
879   1371
879   1386
880   8
880   68
880   85
881   296
881   871
882   862
882   1443
882   1459
882   1470
883   13
883   22
883   61
883   890
883   1353
883   1397
884   27
884   35
884   83
884   326
884   334
884   1447
885   18
885   92
885   876
885   1358
885   1364
885   1379
885   1454
886   887
887   40
887   43
887   105
887   857
887   1347
887   1435
888   51
888   351
888   864
888   1387
888   1445
888   1450
889   25
889   58
889   71
889   92
889   329
890   16
890   869
890   1335
891   68
891   107
891   1341
891   1377
892   37
892   301
892   1348
892   1357
892   1383
892   1417
892   1438
893   81
893   86
893   115
893   121
893   873
893   880
893   1352
893   1388
893   1443
893   1460
893   1465
893   1470
894   50
894   866
894   885
895   57
895   105
895   855
895   1404
895   1407
895   1419
896   286
896   310
897   859
897   884
897   1339
897   1361
897   1415
897   1430
897   1448
898   42
898   94
898   864
898   876
899   2
899   53
899   72
899   1410
899   1424
900   22
900   33
900   64
900   121
900   130
900   290
900   1435
900   1466
901   114
901   869
901   1451
902   12
902   104
902   848
902   858
902   1413
902   1445
903   37
903   57
903   98
903   864
903   1369
903   1441
904   79
904   1347
904   1419
904   1430
905   5
905   32
905   290
905   852
905   1449
906   16
906   63
906   282
906   1463
907   73
907   122
907   127
907   870
907   1365
907   1413
907   1428
907   1455
908   79
908   88
908   866
908   1436
909   132
909   286
909   317
910   47
910   111
910   847
910   1441
911   12
911   39
911   63
911   66
911   79
911   1466
912   8
912   143
912   875
913   71
913   1420
913   1453
913   1461
914   25
914   85
914   103
914   127
914   870
914   1343
914   1372
914   1428
915   51
915   89
915   301
915   863
915   1435
915   1439
915   1443
915   1467
916   42
916   1351
916   1369
916   1424
917   109
917   260
917   1419
918   131
918   853
918   1428
919   77
919   92
919   115
919   268
919   845
919   1345
920   254
920   294
920   1340
920   1358
920   1467
921   101
921   122
921   137
921   1424
921   1452
921   1458
922   116
922   836
922   1436
923   152
923   1368
923   1486
924   71
924   85
924   125
924   144
924   274
925   97
925   106
925   861
925   1269
925   1351
926   137
926   252
926   268
926   1335
926   1452
927   120
927   280
927   837
927   1346
927   1442
928   90
928   832
928   847
928   1448
929   20
929   142
929   150
929   1357
929   1369
929   1434
930   0
930   96
930   103
930   131
930   857
930   862
930   1465
931   109
932   114
932   838
933   160
933   828
933   834
933   845
933   1433
933   1450
933   1455
934   134
934   141
934   1352
934   1422
935   24
935   118
935   838
935   1442
935   1467
936   18
936   849
936   856
936   1426
937   111
937   149
937   862
937   1445
937   1458
938   125
938   141
938   824
938   845
938   1344
938   1432
938   1437
938   1451
938   1463
939   1364
939   1370
940   1418
941   116
941   134
941   856
941   860
942   155
942   825
942   831
943   840
943   1364
943   1428
944   160
944   1422
945   143
945   151
945   816
945   855
945   1349
945   1462
946   166
946   825
946   1429
946   1444
947   807
947   814
947   1417
948   136
948   834
948   1437
949   842
949   1456
950   1353
950   1375
951   123
951   162
951   832
951   851
951   1444
951   1453
952   152
952   792
952   1426
952   1449
953   1340
954   145
954   796
954   1437
954   1456
955   807
955   822
955   830
955   1447
955   1461
956   154
956   160
956   786
956   816
956   1368
956   1421
957   17
957   826
957   1355
957   1453
958   132
958   165
958   812
959   806
959   837
960   139
960   150
960   782
960   795
960   846
960   1424
960   1435
960   1450
961   157
961   801
961   1439
961   1444
962   1330
962   1341
963   812
963   820
963   836
964   126
964   144
964   762
964   1355
965   772
965   786
965   802
965   826
965   1351
965   1418
966   162
966   169
966   793
966   1429
966   1439
966   1445
966   1457
967   1341
967   1461
968   173
968   764
968   777
968   810
968   832
968   1435
968   1451
969   132
969   757
970   156
970   1356
970   1420
970   1440
971   141
971   771
971   782
971   815
971   1344
973   165
973   776
973   1435
973   1446
973   1460
974   175
974   764
974   810
974   826
974   1334
975   155
975   160
975   799
975   1353
975   1428
975   1441
976   739
976   803
976   1423
976   1456
977   759
977   773
977   816
977   1364
977   1445
978   170
978   429
978   732
978   754
978   763
978   785
978   1338
979   150
979   165
979   779
979   792
979   1428
980   146
980   159
980   175
980   743
980   1419
980   1451
981   321
981   425
981   434
981   1344
982   419
982   1362
983   139
983   169
983   307
983   730
983   765
983   796
983   1439
984   150
984   165
984   755
984   779
984   792
984   803
984   1445
985   181
985   411
985   744
985   771
985   784
985   1417
985   1430
985   1452
985   1458
986   722
986   738
987   399
987   404
988   160
988   172
988   432
988   714
988   768
988   788
989   137
989   154
989   382
989   423
989   801
989   1427
990   742
990   748
990   775
990   794
990   1441
990   1448
990   1460
991   390
991   416
991   707
991   733
991   780
991   1359
992   440
992   711
992   717
992   757
992   789
992   1336
992   1341
993   171
993   381
993   395
993   737
994   146
994   375
994   403
994   434
994   1433
994   1445
994   1453
995   164
995   319
995   727
995   762
995   769
995   1349
996   154
996   386
996   398
996   412
996   420
996   428
996   704
996   722
996   755
997   178
997   380
997   1418
997   1458
998   143
998   390
998   404
998   417
998   697
998   716
998   764
998   1424
999   690
999   732
999   737
999   1437
999   1452
1000  169
1000  708
1000  756
1000  1429
1001  149
1002  157
1002  385
1002  678
1002  1349
1002  1458
1003  177
1003  703
1003  747
1003  1421
1003  1443
1003  1448
1004  142
1004  169
1004  389
1004  429
1004  688
1004  718
1005  160
1005  173
1005  401
1005  684
1005  726
1005  742
1005  1353
1005  1428
1006  147
1006  729
1006  733
1006  1453
1007  410
1007  418
1007  715
1008  390
1008  425
1008  707
1008  1341
1008  1425
1008  1448
1008  1457
1009  396
1009  404
1009  699
1009  722
1009  1336
1009  1441
1010  161
1010  185
1010  368
1010  383
1010  677
1010  718
1010  1435
1011  173
1011  387
1011  687
1011  704
1011  731
1012  167
1012  317
1012  377
1012  666
1012  681
1012  736
1013  1354
1014  161
1014  181
1014  401
1014  661
1014  713
1014  720
1014  1357
1014  1430
1014  1457
1015  650
1015  695
1015  1342
1016  668
1016  689
1016  729
1017  640
1017  705
1017  1331
1017  1442
1017  1463
1018  147
1018  301
1018  723
1018  1422
1019  172
1019  189
1019  645
1019  676
1019  1438
1019  1452
1020  161
1020  683
1020  701
1020  1448
1021  1430
1022  152
1022  178
1022  668
1022  689
1022  1419
1023  146
1023  646
1023  681
1023  1441
1023  1461
1024  165
1024  293
1024  300
1024  662
1025  308
1025  655
1025  703
1025  1448
1025  1454
1026  312
1026  631
1026  637
1026  688
1026  696
1026  1421
1027  152
1027  668
1027  677
1027  1467
1028  674
1028  1324
1028  1437
1029  175
1029  660
1029  666
1029  1451
1030  160
1030  294
1030  652
1030  1457
1031  157
1031  689
1032  194
1032  288
1032  628
1032  646
1032  676
1032  1420
1032  1430
1033  166
1033  669
1033  1448
1034  184
1034  637
1034  683
1034  1327
1034  1427
1034  1437
1035  690
1035  1350
1035  1456
1036  624
1036  678
1037  161
1037  633
1037  641
1037  648
1037  664
1037  674
1038  291
1039  196
1039  600
1039  612
1039  652
1039  1466
1040  201
1040  629
1040  637
1040  682
1040  1340
1040  1429
1040  1440
1041  661
1041  1328
1041  1423
1041  1479
1042  163
1042  177
1042  623
1042  668
1042  676
1042  1332
1043  185
1043  644
1043  1452
1043  1460
1044  204
1044  1441
1044  1465
1045  169
1045  188
1045  297
1045  312
1045  600
1045  661
1045  682
1045  1471
1045  1476
1046  163
1046  289
1046  624
1046  631
1047  176
1047  199
1047  596
1047  637
1047  1435
1047  1484
1048  284
1048  614
1048  641
1048  1444
1049  645
1049  662
1049  1474
1050  191
1050  1451
1050  1463
1051  201
1051  299
1051  589
1051  622
1051  627
1051  638
1051  668
1051  1428
1052  316
1052  617
1052  1456
1052  1469
1052  1485
1053  208
1053  602
1053  1466
1054  607
1054  633
1054  647
1054  651
1054  659
1054  663
1054  1427
1054  1479
1055  202
1055  584
1055  1441
1056  620
1056  1313
1056  1430
1056  1482
1057  593
1057  599
1057  614
1057  1451
1058  183
1058  187
1058  606
1058  625
1058  637
1058  1459
1058  1470
1059  300
1059  1445
1060  463
1060  629
1060  1475
1061  574
1061  1449
1061  1463
1061  1481
1062  288
1062  566
1062  577
1062  588
1062  602
1062  625
1062  1343
1062  1435
1062  1471
1062  1488
1062  1494
1063  594
1064  562
1065  1442
1065  1458
1065  1478
1066  285
1066  1420
1066  1469
1067  301
1067  559
1067  1454
1067  1490
1068  296
1068  574
1068  590
1068  613
1068  1450
1069  586
1069  1399
1069  1474
1069  1501
1070  304
1070  1325
1070  1427
1070  1462
1071  288
1071  566
1071  597
1071  603
1071  607
1071  612
1071  1395
1071  1436
1071  1481
1071  1488
1072  553
1072  578
1072  582
1072  626
1072  1444
1073  1414
1073  1497
1073  1503
1074  587
1074  1451
1074  1484
1074  1516
1075  577
1075  592
1075  1427
1075  1456
1075  1493
1076  582
1076  1315
1077  1513
1078  547
1078  555
1078  572
1078  1398
1078  1447
1078  1463
1078  1486
1078  1506
1079  562
1079  593
1079  1472
1080  586
1080  1441
1081  298
1081  627
1081  1375
1081  1482
1081  1520
1082  308
1082  596
1082  1476
1082  1497
1083  288
1083  575
1083  581
1083  1437
1083  1466
1083  1514
1084  571
1084  1486
1085  555
1085  1322
1085  1452
1085  1463
1085  1491
1086  564
1086  1357
1086  1393
1086  1528
1087  296
1087  621
1087  1327
1087  1404
1087  1457
1087  1502
1087  1536
1088  299
1088  579
1088  608
1088  1497
1088  1508
1089  1440
1089  1487
1089  1520
1089  1539
1090  523
1090  535
1090  558
1090  599
1090  1476
1090  1480
1090  1515
1091  1387
1091  1399
1091  1469
1091  1533
1092  568
1092  606
1092  1361
1092  1443
1092  1506
1093  1330
1093  1493
1093  1510
1093  1528
1094  529
1094  541
1094  559
1094  1313
1094  1482
1094  1515
1094  1536
1094  1541
1095  289
1095  1411
1095  1430
1095  1449
1095  1500
1095  1524
1096  513
1096  533
1096  1470
1096  1496
1097  276
1097  604
1097  1507
1098  524
1098  592
1098  1489
1098  1545
1099  1408
1099  1478
1099  1529
1100  517
1100  1364
1100  1403
1100  1446
1100  1516
1100  1525
1101  509
1101  523
1101  1350
1101  1390
1101  1460
1101  1497
1101  1520
1102  611
1102  1337
1102  1356
1102  1418
1102  1471
1102  1501
1103  535
1103  541
1103  573
1103  1376
1103  1537
1103  1557
1104  278
1104  527
1104  1430
1104  1488
1104  1550
1105  299
1105  514
1105  610
1105  1384
1105  1505
1105  1525
1105  1531
1105  1542
1105  1564
1106  504
1106  519
1106  1435
1106  1443
1106  1465
1106  1480
1107  597
1107  1340
1107  1360
1107  1393
1107  1461
1107  1518
1108  275
1108  1497
1108  1547
1110  522
1110  578
1110  585
1110  1310
1110  1374
1110  1514
1110  1542
1111  534
1111  1370
1111  1422
1111  1483
1111  1490
1111  1526
1111  1563
1112  287
1112  590
1112  1336
1112  1402
1112  1456
1112  1504
1112  1556
1113  565
1113  582
1113  1351
1113  1391
1113  1573
1114  1444
1114  1582
1115  1313
1115  1362
1115  1399
1115  1545
1116  294
1116  514
1116  521
1116  1377
1116  1384
1116  1457
1116  1537
1116  1551
1116  1571
1117  578
1117  1426
1117  1448
1117  1461
1117  1473
1117  1503
1117  1513
1117  1525
1118  275
1118  505
1118  1411
1118  1531
1118  1559
1119  1385
1119  1493
1119  1507
1119  1597
1120  279
1120  1328
1120  1424
1120  1547
1120  1590
1120  1603
1121  523
1121  1379
1121  1436
1121  1486
1121  1564
1122  531
1122  1368
1122  1401
1122  1407
1122  1558
1123  510
1123  544
1123  571
1123  1459
1123  1528
1123  1573
1123  1581
1124  567
1124  578
1124  1362
1124  1513
1124  1561
1124  1592
1124  1599
1125  302
1125  517
1125  1387
1125  1435
1125  1498
1125  1519
1125  1536
1125  1542
1125  1585
1126  554
1126  1451
1126  1476
1126  1636
1127  538
1127  1376
1127  1446
1127  1489
1127  1567
1127  1595
1127  1607
1128  278
1128  282
1128  299
1128  516
1128  1351
1128  1441
1128  1511
1128  1574
1128  1586
1129  528
1129  532
1129  1328
1129  1358
1129  1578
1129  1613
1129  1619
1130  274
1130  501
1130  507
1130  1298
1130  1387
1130  1412
1130  1426
1130  1548
1131  557
1131  1365
1131  1400
1131  1468
1131  1505
1131  1555
1131  1564
1131  1647
1131  1653
1132  1603
1133  289
1133  561
1133  1427
1133  1584
1133  1596
1133  1599
1133  1609
1133  1659
1134  525
1134  1526
1134  1627
1134  1635
1134  1666
1135  302
1135  477
1135  534
1135  1420
1135  1500
1135  1613
1135  1642
1135  1672
1136  494
1136  555
1136  1532
1136  1576
1137  1454
1137  1625
1138  297
1138  530
1138  1422
1138  1539
1138  1591
1138  1656
1138  1675
1139  1379
1139  1557
1139  1597
1139  1616
1139  1620
1139  1634
1140  382
1140  521
1140  1413
1140  1463
1140  1474
1140  1525
1140  1561
1140  1603
1140  1610
1140  1639
1140  1650
1140  1670
1140  1688
1141  1310
1141  1405
1141  1453
1141  1516
1141  1627
1141  1659
1141  1681
1142  279
1142  1297
1142  1577
1143  475
1143  522
1143  542
1143  550
1143  1593
1143  1643
1143  1699
1144  373
1144  479
1144  1398
1144  1439
1144  1458
1144  1512
1144  1536
1144  1585
1144  1597
1144  1631
1144  1676
1145  1413
1145  1446
1145  1489
1145  1521
1145  1547
1145  1556
1145  1563
1145  1570
1145  1617
1145  1637
1145  1656
1145  1687
1146  1386
1146  1402
1146  1421
1146  1450
1146  1551
1146  1621
1146  1667
1147  1331
1147  1590
1147  1643
1147  1711
1148  487
1148  1374
1148  1428
1148  1579
1148  1602
1148  1611
1148  1694
1149  474
1149  1541
1149  1642
1149  1683
1150  468
1150  1436
1150  1566
1150  1615
1150  1625
1150  1665
1151  292
1151  480
1151  1312
1151  1505
1151  1605
1151  1658
1151  1674
1151  1689
1151  1699
1152  300
1152  1380
1152  1425
1152  1556
1152  1576
1152  1610
1152  1718
1153  284
1153  1464
1153  1547
1153  1635
1153  1709
1154  1408
1154  1563
1154  1589
1154  1620
1154  1679
1155  292
1155  377
1155  1296
1155  1419
1155  1505
1155  1595
1155  1606
1155  1614
1155  1657
1155  1665
1156  1428
1156  1520
1156  1574
1156  1582
1156  1687
1157  449
1157  1411
1157  1498
1157  1601
1157  1628
1157  1643
1158  458
1158  1325
1158  1391
1158  1548
1158  1719
1159  386
1159  392
1159  1334
1159  1693
1159  1714
1160  484
1160  490
1160  1440
1160  1553
1160  1581
1160  1708
1161  295
1161  453
1161  1485
1161  1517
1161  1564
1161  1585
1161  1592
1161  1635
1161  1663
1161  1699
1162  1290
1162  1328
1162  1399
1162  1615
1162  1670
1162  1679
1162  1686
1163  373
1163  1469
1163  1609
1163  1654
1163  1727
1164  283
1164  387
1164  1491
1164  1600
1164  1622
1164  1642
1164  1649
1165  453
1165  1479
1165  1573
1165  1628
1165  1692
1165  1723
1165  1750
1166  449
1166  1447
1166  1522
1166  1592
1166  1604
1166  1637
1166  1669
1166  1709
1167  289
1167  468
1167  1304
1167  1411
1167  1460
1167  1534
1167  1539
1167  1586
1167  1685
1167  1703
1168  1319
1168  1454
1168  1471
1168  1484
1168  1654
1168  1664
1168  1692
1169  441
1169  1325
1169  1416
1169  1616
1169  1620
1169  1642
1169  1646
1169  1714
1169  1745
1169  1758
1170  459
1170  1432
1170  1443
1170  1458
1170  1631
1170  1672
1170  1726
1171  102
1171  382
1171  1595
1171  1736
1171  1766
1172  1474
1172  1575
1172  1581
1172  1603
1172  1657
1172  1662
1173  399
1173  443
1173  1465
1173  1470
1173  1636
1173  1678
1173  1689
1173  1709
1173  1755
1174  453
1174  459
1174  1644
1175  277
1175  289
1175  387
1175  1565
1175  1681
1175  1759
1176  425
1176  1452
1176  1462
1176  1652
1176  1664
1176  1698
1177  435
1177  447
1177  1291
1177  1620
1177  1719
1177  1743
1177  1774
1178  281
1178  288
1178  1553
1178  1761
1179  399
1179  1561
1179  1601
1179  1627
1179  1645
1179  1659
1179  1706
1179  1711
1179  1781
1180  416
1180  443
1180  450
1180  458
1180  1318
1180  1443
1180  1546
1180  1610
1180  1636
1180  1674
1180  1687
1180  1767
1181  404
1181  495
1181  1437
1181  1699
1181  1738
1181  1750
1181  1754
1181  1772
1182  378
1182  429
1182  1311
1182  1529
1182  1664
1182  1723
1182  1729
1182  1763
1183  389
1183  422
1183  1447
1183  1557
1183  1572
1183  1714
1183  1785
1184  412
1184  1493
1184  1578
1184  1691
1185  295
1185  407
1185  489
1185  1663
1185  1684
1185  1744
1186  298
1186  444
1186  1299
1186  1444
1186  1453
1186  1643
1186  1653
1186  1698
1186  1702
1186  1730
1186  1751
1187  1711
1187  1720
1187  1725
1187  1778
1187  1787
1188  389
1188  1468
1188  1489
1188  1552
1188  1611
1189  1530
1189  1570
1189  1607
1189  1707
1189  1763
1189  1767
1189  1773
1189  1793
1190  494
1190  1309
1190  1481
1190  1594
1190  1701
1190  1757
1191  291
1191  427
1191  1285
1191  1677
1191  1717
1191  1727
1191  1738
1191  1752
1191  1782
1192  403
1192  414
1192  421
1192  440
1192  1561
1192  1603
1192  1643
1192  1672
1192  1681
1192  1744
1193  301
1193  1550
1193  1619
1193  1661
1193  1706
1194  294
1194  448
1194  1291
1194  1465
1194  1693
1194  1718
1194  1723
1194  1732
1194  1748
1194  1755
1195  430
1195  1320
1195  1629
1196  1766
1195  1789
1196  386
1196  394
1196  1326
1196  1458
1196  1783
1197  301
1197  410
1197  1607
1197  1672
1197  1712
1198  442
1198  1473
1198  1578
1198  1640
1198  1721
1198  1742
1198  1762
1198  1770
1198  1777
1198  1787
1199  436
1199  1568
1199  1593
1199  1645
1199  1665
1199  1699
1199  1704
1199  1801
1200  419
1200  1459
1200  1717
1201  393
1201  484
1201  1657
1201  1686
1202  1755
1203  445
1203  1304
1203  1311
1203  1610
1203  1618
1203  1709
1203  1750
1203  1781
1203  1798
1204  404
1204  1463
1204  1569
1204  1680
1204  1696
1204  1735
1204  1746
1204  1802
1205  288
1205  1324
1205  1703
1205  1768
1205  1787
1206  272
1206  409
1206  427
1206  1625
1206  1669
1206  1793
1207  415
1207  432
1207  1484
1207  1579
1207  1685
1207  1724
1207  1742
1208  397
1208  438
1208  1640
1208  1702
1208  1804
1209  1755
1210  290
1210  422
1210  1645
1210  1662
1210  1680
1210  1728
1210  1766
1210  1784
1211  405
1211  432
1211  439
1211  1671
1211  1692
1211  1718
1211  1771
1211  1789
1212  412
1212  1657
1212  1665
1213  400
1213  1460
1213  1591
1213  1776
1213  1803
1214  394
1214  420
1214  1644
1214  1745
1215  407
1215  1455
1215  1482
1215  1487
1215  1700
1215  1758
1215  1797
1216  291
1216  1705
1217  412
1217  1469
1217  1621
1217  1731
1217  1791
1218  400
1218  1766
1219  478
1219  1674
1219  1682
1219  1735
1219  1746
1219  1781
1219  1799
1220  484
1220  1754
1220  1795
1221  406
1221  419
1221  432
1221  1687
1221  1720
1221  1775
1222  412
1222  1292
1222  1480
1222  1667
1222  1741
1222  1762
1223  1452
1223  1728
1223  1768
1223  1785
1224  398
1224  1756
1224  1802
1225  403
1225  1693
1225  1746
1225  1792
1226  1279
1226  1708
1226  1780
1227  426
1227  495
1227  1663
1227  1713
1227  1731
1227  1737
1227  1796
1228  408
1228  418
1228  471
1228  1462
1228  1694
1228  1723
1228  1772
1228  1784
1229  395
1230  1741
1230  1802
1231  413
1231  1301
1231  1319
1231  1662
1231  1791
1232  400
1232  466
1232  1702
1232  1715
1233  423
1233  1457
1233  1469
1233  1682
1233  1696
1233  1731
1233  1754
1234  407
1234  1727
1234  1736
1234  1748
1234  1788
1235  396
1235  482
1235  1483
1235  1771
1236  490
1236  1664
1236  1745
1236  1799
1236  1804
1237  1685
1237  1741
1237  1759
1238  475
1238  1715
1239  421
1239  1675
1239  1722
1239  1791
1240  412
1240  1688
1240  1705
1240  1768
1241  406
1241  1663
1241  1735
1242  438
1242  471
1242  1748
1242  1776
1243  461
1243  1309
1243  1714
1243  1730
1243  1744
1243  1760
1244  1475
1245  435
1245  442
1245  1454
1245  1670
1245  1692
1246  1289
1246  1480
1246  1769
1247  419
1247  1778
1247  1789
1248  429
1248  1460
1248  1676
1248  1732
1248  1754
1249  462
1249  1493
1249  1741
1250  404
1250  1726
1251  390
1251  417
1251  822
1251  1455
1251  1464
1252  1763
1252  465
1252  480
1252  1782
1253  423
1253  1481
1253  1731
1253  1769
1254  1470
1255  391
1255  1755
1256  386
1256  405
1256  435
1256  1773
1257  1464
1257  1483
1257  1779
1258  397
1258  413
1258  430
1258  440
1259  1282
1259  1679
1260  1308
1260  1767
1261  1453
1261  1480
1262  409
1263  437
1263  451
1264  389
1265  1483
1266  386
1266  407
1268  399
1268  1297
1269  1265
1269  1271
1269  1488
1270  393
1270  1665
1270  1674
1271  414
1271  1277
1271  1651
1273  1462
1273  1682
1274  395
1274  1668
1275  1258
1276  407
1276  1639
1277  390
1277  418
1277  1280
1277  1482
1277  1487
1277  1497
1278  411
1280  1647
1280  1657
1280  1678
1281  396
1281  414
1282  422
1283  1477
1284  1293
1284  1643
1285  408
1286  396
1286  1485
1287  1490
1287  1636
1288  1270
1288  1664
1289  1647
1290  423
1290  1475
1291  415
1291  437
1291  1655
1292  406
1292  449
1292  1629
1293  428
1295  1486
1296  124
1296  396
1296  409
1296  415
1297  1639
1298  148
1298  1654
1299  423
1299  444
1299  451
1299  1466
1300  155
1300  857
1301  142
1301  1634
1302  407
1303  81
1303  420
1303  440
1303  1630
1303  1717
1304  453
1305  1493
1306  852
1307  122
1307  145
1307  1277
1308  118
1308  426
1308  430
1308  466
1308  1483
1308  1503
1308  1676
1309  113
1309  444
1309  457
1310  37
1310  149
1310  403
1310  413
1310  434
1310  1741
1311  408
1311  590
1311  1465
1312  453
1312  459
1312  1480
1312  1642
1313  46
1313  64
1313  101
1313  426
1314  52
1314  78
1314  146
1314  1488
1315  109
1315  406
1315  440
1315  446
1315  597
1316  68
1316  410
1316  1492
1316  1732
1317  10
1317  401
1317  451
1317  468
1317  1459
1317  1614
1317  1688
1318  1254
1319  433
1319  445
1319  474
1319  603
1319  1659
1320  56
1320  1250
1321  420
1321  578
1321  1640
1322  15
1322  37
1322  428
1322  585
1322  1665
1323  134
1323  438
1323  463
1323  1266
1323  1470
1323  1488
1323  1696
1324  48
1324  459
1324  1747
1326  113
1326  163
1326  419
1326  454
1326  591
1326  1617
1327  85
1327  1269
1327  1482
1327  1663
1328  59
1328  413
1328  423
1328  442
1328  486
1328  574
1328  586
1328  1658
1329  470
1329  603
1329  1027
1329  1471
1329  1622
1329  1700
1330  36
1330  119
1330  433
1330  446
1330  1014
1331  462
1331  583
1331  1496
1332  94
1332  124
1332  138
1332  425
1332  1427
1332  1466
1332  1502
1333  13
1333  153
1333  162
1333  476
1333  588
1333  1583
1334  432
1334  572
1334  1629
1335  27
1335  468
1335  491
1335  1005
1335  1012
1335  1263
1336  122
1336  593
1336  1240
1336  1466
1336  1477
1337  457
1337  500
1337  846
1337  1482
1337  1493
1337  1590
1337  1716
1337  1723
1338  65
1338  166
1338  555
1338  1021
1338  1709
1339  573
1339  1010
1339  1025
1339  1435
1339  1440
1339  1450
1339  1696
1340  843
1340  998
1340  1582
1341  476
1341  487
1341  905
1342  455
1342  495
1342  1003
1342  1472
1342  1498
1343  502
1343  581
1343  1012
1343  1447
1343  1615
1344  459
1345  1000
1345  1024
1345  1630
1345  1689
1346  1428
1346  1453
1346  1474
1347  176
1347  493
1347  518
1347  577
1347  869
1347  1009
1347  1729
1348  454
1348  469
1348  486
1348  497
1348  556
1348  567
1348  1003
1348  1467
1349  996
1349  1017
1349  1040
1349  1736
1350  195
1350  465
1350  989
1350  1022
1350  1030
1350  1444
1350  1471
1350  1571
1350  1585
1351  1249
1351  1438
1351  1476
1351  1668
1352  513
1352  524
1352  917
1352  1452
1352  1748
1353  170
1353  490
1353  496
1353  557
1353  1489
1353  1636
1354  183
1354  561
1354  997
1354  1007
1354  1031
1354  1571
1354  1700
1355  1039
1355  1484
1355  1575
1355  1678
1355  1688
1356  117
1356  1001
1356  1424
1356  1468
1357  192
1357  497
1357  568
1357  1479
1357  1714
1358  1022
1358  1560
1358  1673
1358  1730
1359  521
1359  1016
1359  1705
1359  1745
1360  126
1360  539
1360  1007
1360  1012
1360  1032
1360  1036
1360  1045
1360  1486
1360  1647
1360  1755
1361  1027
1361  1220
1361  1454
1361  1491
1361  1735
1362  512
1362  914
1362  1041
1362  1431
1362  1480
1362  1699
1363  115
1363  518
1363  992
1363  1211
1363  1436
1363  1725
1364  208
1364  571
1364  1450
1364  1678
1364  1707
1365  563
1365  1019
1365  1591
1365  1697
1365  1719
1366  488
1366  522
1366  533
1366  554
1366  936
1366  1001
1366  1037
1366  1689
1367  126
1367  501
1367  1005
1367  1012
1367  1029
1367  1558
1367  1712
1368  509
1368  1022
1368  1565
1368  1669
1368  1739
1369  135
1369  544
1369  1579
1370  552
1370  1214
1370  1420
1370  1498
1370  1690
1370  1723
1370  1779
1371  207
1371  520
1371  563
1371  985
1371  1020
1371  1050
1371  1728
1372  139
1372  535
1372  994
1372  997
1372  1003
1372  1042
1372  1237
1372  1707
1372  1711
1372  1718
1373  119
1373  1025
1373  1672
1373  1734
1374  1015
1374  1471
1374  1654
1374  1696
1374  1703
1375  112
1375  504
1375  517
1375  1031
1375  1689
1375  1763
1375  1782
1375  1790
1376  495
1376  536
1376  567
1376  1003
1376  1036
1376  1681
1377  1008
1377  1053
1377  1442
1377  1474
1377  1675
1378  525
1378  553
1378  998
1378  1021
1378  1046
1378  1420
1378  1423
1378  1695
1378  1733
1379  1480
1379  1488
1379  1713
1379  1721
1380  178
1380  506
1380  529
1380  1026
1380  1414
1380  1464
1380  1738
1380  1757
1380  1770
1381  518
1381  562
1381  581
1381  888
1381  1226
1381  1562
1381  1670
1381  1677
1381  1684
1381  1705
1381  1748
1381  1789
1382  541
1382  1051
1382  1174
1382  1605
1382  1695
1382  1743
1382  1802
1383  133
1383  193
1383  556
1383  1478
1383  1641
1384  524
1384  870
1384  995
1384  1046
1384  1242
1384  1417
1384  1709
1384  1761
1385  1017
1385  1436
1385  1618
1385  1633
1385  1794
1386  547
1386  1002
1386  1039
1386  1246
1386  1649
1386  1665
1386  1686
1386  1690
1386  1755
1386  1806
1387  571
1387  1009
1387  1027
1387  1194
1387  1446
1387  1458
1387  1680
1387  1730
1387  1783
1388  1044
1388  1421
1388  1607
1388  1707
1388  1764
1388  1789
1388  1800
1388  1810
1388  1815
1389  1048
1389  1493
1389  1627
1389  1631
1389  1674
1389  1722
1389  1740
1389  1774
1390  530
1390  926
1390  1034
1390  1191
1390  1239
1390  1476
1390  1653
1390  1712
1391  579
1391  1428
1391  1450
1391  1548
1392  133
1392  553
1392  1017
1392  1039
1392  1229
1392  1483
1392  1671
1392  1690
1392  1736
1392  1803
1393  507
1393  546
1393  999
1393  1711
1393  1745
1393  1773
1393  1782
1394  512
1394  532
1394  1008
1394  1048
1394  1438
1394  1489
1394  1666
1394  1698
1394  1718
1395  580
1395  1032
1395  1052
1395  1176
1395  1210
1395  1451
1395  1466
1395  1470
1395  1627
1395  1650
1395  1655
1395  1808
1396  1025
1396  1462
1396  1640
1396  1676
1396  1686
1396  1704
1397  114
1397  144
1397  1540
1397  1757
1397  1778
1397  1822
1398  517
1398  1219
1398  1436
1398  1628
1398  1667
1398  1774
1398  1804
1399  553
1399  558
1399  995
1399  1004
1399  1037
1399  1048
1399  1399
1399  1416
1399  1424
1399  1430
1399  1707
1399  1730
1399  1737
1399  1788
1400  521
1400  906
1400  1534
1400  1717
1401  1406
1401  1450
1401  1632
1401  1657
1402  536
1402  546
1402  997
1402  1027
1402  1051
1402  1434
1402  1552
1402  1648
1402  1695
1402  1725
1402  1764
1402  1807
1403  574
1403  1421
1403  1487
1403  1576
1403  1638
1403  1691
1403  1703
1403  1746
1403  1776
1404  540
1404  552
1404  1004
1404  1017
1404  1623
1404  1665
1404  1681
1404  1713
1404  1768
1404  1779
1404  1822
1405  519
1405  525
1405  1029
1405  1039
1405  1404
1405  1415
1405  1438
1405  1462
1405  1811
1406  986
1406  1010
1406  1212
1406  1408
1406  1442
1406  1455
1406  1480
1406  1647
1406  1675
1407  1022
1407  1786
1408  556
1408  927
1408  1221
1408  1435
1408  1463
1408  1683
1408  1717
1408  1738
1408  1830
1408  1835
1409  522
1409  1004
1409  1395
1409  1471
1409  1630
1409  1728
1409  1750
1409  1760
1410  115
1410  515
1410  1008
1410  1040
1410  1051
1410  1399
1410  1428
1410  1540
1410  1642
1410  1672
1410  1817
1411  122
1411  933
1411  993
1411  1014
1411  1029
1411  1404
1411  1658
1411  1667
1411  1707
1411  1731
1411  1782
1411  1788
1411  1795
1411  1807
1412  526
1412  1464
1412  1486
1412  1619
1412  1635
1412  1662
1413  539
1413  1034
1413  1046
1413  1051
1413  1628
1413  1652
1413  1736
1413  1767
1413  1824
1414  132
1414  1027
1414  1385
1414  1419
1414  1475
1414  1614
1414  1645
1414  1691
1414  1741
1414  1780
1414  1798
1415  1039
1415  1054
1415  1183
1415  1432
1415  1684
1415  1697
1415  1775
1415  1819
1416  506
1416  1021
1416  1205
1416  1400
1416  1449
1416  1463
1416  1544
1416  1792
1416  1833
1417  1394
1417  1650
1417  1656
1417  1661
1417  1716
1417  1801
1417  1811
1418  527
1418  1405
1418  1577
1418  1679
1418  1723
1418  1732
1419  1030
1419  1410
1419  1467
1419  1635
1419  1700
1419  1741
1420  516
1420  521
1420  909
1420  1036
1420  1550
1420  1642
1420  1668
1420  1672
1420  1752
1420  1806
1421  1463
1421  1657
1421  1708
1421  1759
1421  1792
1422  1010
1422  1047
1422  1372
1422  1403
1422  1610
1422  1630
1422  1721
1422  1748
1422  1832
1423  905
1423  1423
1423  1574
1423  1698
1423  1788
1423  1820
1424  1153
1424  1385
1424  1407
1424  1522
1424  1621
1424  1688
1424  1809
1425  514
1425  995
1425  1178
1425  1691
1425  1737
1426  491
1426  497
1426  1028
1426  1684
1426  1744
1427  527
1427  989
1427  1024
1427  1198
1427  1367
1427  1413
1427  1673
1427  1721
1428  1035
1428  1039
1428  1382
1428  1440
1428  1606
1428  1643
1428  1663
1428  1678
1428  1726
1428  1816
1429  1185
1429  1600
1430  505
1430  1152
1430  1419
1430  1524
1430  1616
1430  1651
1430  1656
1431  497
1431  1005
1431  1025
1431  1162
1432  983
1432  1039
1432  1196
1432  1361
1432  1410
1432  1528
1432  1609
1432  1638
1432  1644
1432  1701
1432  1714
1432  1826
1433  1009
1433  1073
1433  1463
1433  1476
1433  1628
1434  494
1434  917
1434  1384
1434  1441
1434  1451
1434  1633
1434  1651
1434  1684
1434  1696
1434  1729
1435  911
1435  1423
1435  1460
1435  1747
1436  1033
1436  1083
1436  1166
1436  1401
1436  1660
1436  1680
1436  1690
1436  1723
1437  505
1437  511
1437  1003
1437  1357
1437  1505
1437  1781
1438  777
1438  998
1438  1394
1438  1706
1439  978
1439  990
1439  1361
1439  1370
1439  1380
1439  1415
1439  1539
1439  1596
1439  1603
1439  1616
1439  1640
1439  1651
1439  1733
1440  1008
1440  1348
1440  1457
1440  1623
1440  1726
1441  491
1441  1040
1441  1126
1441  1405
1441  1471
1441  1674
1442  1015
1442  1021
1442  1360
1442  1390
1442  1399
1442  1584
1442  1692
1442  1711
1442  1759
1443  982
1443  988
1443  1349
1443  1425
1443  1661
1443  1746
1443  1764
1444  1001
1444  1172
1444  1342
1444  1599
1444  1681
1444  1689
1444  1703
1445  995
1445  1009
1445  1381
1445  1502
1445  1632
1445  1697
1445  1727
1445  1749
1446  486
1446  490
1446  495
1446  1186
1446  1332
1446  1369
1446  1403
1446  1417
1446  1604
1446  1669
1447  1352
1447  1576
1448  975
1448  1001
1448  1411
1448  1458
1448  1612
1448  1691
1448  1703
1449  981
1449  1149
1449  1447
1449  1452
1449  1510
1449  1633
1450  484
1450  1377
1450  1433
1450  1622
1450  1647
1450  1706
1451  987
1451  1005
1451  1016
1451  1120
1451  1347
1451  1365
1451  1393
1452  493
1452  1430
1452  1606
1452  1688
1453  504
1453  979
1453  1182
1453  1321
1453  1396
1453  1502
1453  1575
1453  1592
1453  1756
1454  1022
1454  1055
1454  1081
1454  1412
1454  1452
1454  1510
1454  1596
1454  1664
1454  1694
1455  990
1455  1007
1455  1088
1455  1334
1455  1355
1455  1386
1455  1420
1455  1638
1455  1669
1455  1680
1455  1715
1456  1382
1456  1460
1456  1645
1456  1657
1456  1685
1457  1031
1457  1600
1457  1776
1458  488
1458  977
1458  1343
1458  1392
1458  1584
1458  1615
1458  1718
1458  1748
1459  494
1459  1429
1459  1448
1459  1525
1459  1670
1459  1705
1460  958
1460  1000
1460  1023
1460  1306
1460  1337
1460  1529
1460  1605
1460  1611
1460  1681
1460  1755
1460  1765
1461  473
1461  964
1461  1010
1461  1314
1461  1362
1462  984
1462  1411
1462  1576
1462  1619
1462  1645
1462  1688
1462  1693
1463  990
1463  1339
1463  1346
1463  1391
1463  1398
1463  1434
1463  1499
1463  1510
1463  1602
1463  1655
1463  1670
1463  1703
1464  1116
1464  1371
1464  1382
1464  1403
1464  1424
1464  1450
1464  1547
1464  1585
1464  1665
1465  1019
1465  1455
1465  1613
1465  1640
1465  1715
1466  482
1466  980
1466  1000
1466  1140
1466  1301
1466  1428
1466  1599
1466  1689
1466  1722
1466  1751
1466  1757
1467  473
1467  955
1467  960
1467  971
1467  1006
1467  1031
1467  1317
1467  1622
1467  1647
1467  1701
1467  1708
1468  1298
1468  1592
1468  1607
1469  977
1469  1306
1469  1376
1469  1400
1469  1719
1470  951
1470  1011
1470  1347
1470  1660
1470  1670
1470  1678
1470  1682
1470  1774
1471  474
1471  983
1471  1124
1471  1314
1471  1393
1471  1573
1471  1599
1471  1690
1471  1696
1472  489
1472  1005
1473  1410
1473  1451
1473  1628
1473  1680
1474  965
1474  1302
1474  1324
1474  1363
1474  1439
1474  1511
1474  1597
1474  1669
1474  1702
1474  1755
1475  1296
1475  1315
1475  1366
1475  1573
1475  1585
1475  1604
1475  1613
1475  1692
1476  972
1476  993
1476  1347
1476  1436
1476  1654
1477  1014
1477  1042
1477  1311
1477  1427
1477  1591
1477  1601
1477  1645
1477  1716
1477  1750
1478  981
1478  1380
1478  1560
1478  1698
1479  943
1479  954
1479  976
1479  1002
1479  1037
1479  1287
1479  1403
1479  1662
1480  962
1480  1021
1480  1315
1480  1335
1480  1575
1480  1673
1480  1690
1481  934
1481  1016
1481  1604
1481  1682
1482  995
1482  1380
1482  1584
1482  1649
1482  1790
1483  1423
1483  1628
1483  1659
1483  1706
1483  1749
1483  1763
1483  2047
1484  949
1484  953
1484  962
1484  1600
1484  1683
1484  1695
1484  1714
1485  1293
1485  1346
1485  1407
1485  1679
1485  1701
1486  942
1486  1309
1486  1412
1486  1563
1486  1568
1486  1646
1486  1691
1487  924
1487  1640
1488  946
1488  976
1488  1573
1488  1584
1488  1666
1488  1670
1488  1797
1489  937
1489  952
1489  1506
1489  1609
1490  1327
1490  1377
1490  1557
1490  1578
1490  1589
1490  1604
1490  1658
1490  1680
1490  1695
1490  1704
1490  1717
1490  1754
1490  1775
1491  966
1491  982
1491  1305
1491  1321
1491  1497
1491  1634
1491  1644
1491  1761
1492  1390
1492  1407
1492  1621
1492  1701
1492  1749
1493  926
1493  962
1493  1416
1493  1592
1493  1709
1494  957
1494  1288
1494  1411
1494  1568
1494  1587
1494  1614
1495  930
1495  937
1495  1424
1495  1650
1495  1665
1496  95
1496  912
1496  917
1496  920
1496  952
1496  1299
1496  1369
1496  1555
1496  1657
1496  1672
1496  1683
1496  1702
1497  901
1497  970
1497  1316
1497  1485
1497  1581
1497  1610
1497  1616
1497  1623
1497  1626
1497  1709
1497  1767
1497  2023
1498  1294
1498  1472
1498  1535
1498  1569
1498  1639
1498  1695
1499  84
1499  946
1499  960
1499  983
1499  1290
1499  1528
1499  1603
1499  1751
1500  907
1500  924
1500  933
1500  1348
1500  1362
1500  1401
1500  1468
1501  929
1501  965
1501  1491
1501  1572
1501  1644
1501  1669
1501  1708
1501  2029
1502  1303
1502  1317
1502  1505
1502  1596
1502  1609
1502  1640
1502  1770
1503  902
1503  1347
1503  1354
1503  1379
1503  1478
1503  1552
1503  1693
1503  1697
1503  1774
1503  1785
1503  2038
1504  1290
1504  1295
1504  1331
1504  1496
1504  1559
1504  1587
1504  1659
1505  86
1505  929
1505  951
1505  960
1505  1412
1505  1635
1505  1757
1506  114
1506  894
1506  925
1506  946
1506  1388
1506  1488
1506  1652
1506  1683
1507  93
1507  1361
1507  1613
1507  1632
1507  1677
1507  1705
1507  2017
1508  909
1508  1287
1508  1296
1508  1340
1508  1399
1508  1514
1508  1557
1508  1687
1509  1313
1509  1320
1509  1344
1509  1484
1509  1523
1509  1625
1509  1769
1509  2005
1510  81
1510  109
1510  890
1510  902
1510  920
1510  952
1510  1529
1510  1635
1510  1647
1510  1694
1511  99
1511  936
1511  1309
1511  1381
1511  1573
1511  1608
1511  1673
1511  1702
1512  1334
1512  1377
1512  1504
1512  1596
1512  1623
1512  1641
1512  1757
1512  1800
1513  75
1513  914
1513  1323
1513  1366
1513  1455
1513  1592
1513  1679
1513  1698
1514  1306
1514  1568
1514  1652
1514  1666
1514  1693
1515  1288
1515  1657
1515  1770
1515  1989
1515  2015
1516  101
1516  106
1516  889
1516  929
1516  937
1516  945
1516  1554
1516  1606
1516  1637
1516  1755
1517  895
1517  1373
1517  1641
1517  1684
1518  89
1518  1359
1518  1566
1518  1572
1518  1597
1518  1621
1518  1665
1518  1670
1518  1677
1518  1764
1519  93
1519  118
1519  922
1519  933
1519  1327
1519  1547
1519  1615
1519  1651
1520  909
1520  1591
1520  1601
1520  1695
1520  2028
1520  2034
1521  898
1521  1319
1521  1583
1522  924
1522  1766
1523  87
1523  1577
1523  1606
1523  1631
1523  1636
1523  1642
1523  1685
1524  71
1524  109
1524  905
1524  1473
1524  1477
1524  1748
1525  1362
1525  1571
1525  1618
1525  1660
1526  98
1526  894
1526  1335
1526  1462
1526  1489
1526  1512
1526  1566
1526  1586
1526  1626
1526  1770
1527  121
1527  899
1527  1690
1527  1754
1527  1762
1528  1356
1528  1561
1528  1596
1528  1665
1528  1747
1529  91
1529  905
1529  1340
1529  1640
1529  1659
1529  1677
1530  1336
1531  1311
1531  1318
1532  55
1532  1326
1532  1475
1532  1567
1532  1631
1532  1761
1533  47
1533  114
1533  1302
1533  1357
1533  1598
1533  1604
1533  1615
1533  1667
1533  1752
1534  68
1534  1443
1534  1497
1534  1576
1534  1608
1534  1653
1534  1658
1534  1758
1535  1555
1536  86
1536  99
1536  1341
1536  1581
1536  1592
1536  1761
1537  1573
1537  1612
1537  1661
1537  1750
1537  1766
1537  1800
1538  61
1538  1324
1538  1601
1538  1642
1538  1673
1538  1682
1539  1618
1539  1636
1540  25
1540  43
1540  113
1540  1340
1540  1446
1540  1462
1540  1556
1540  1577
1540  1668
1540  1705
1540  1746
1540  1794
1540  2036
1541  88
1541  1336
1541  1649
1543  12
1542  102
1542  1597
1542  1605
1542  1765
1542  1787
1543  20
1543  1655
1543  1678
1543  1753
1543  1812
1544  1562
1544  1567
1544  1637
1544  1673
1544  1710
1544  1723
1545  97
1545  1662
1546  1439
1546  1575
1546  1582
1546  1685
1546  1761
1547  92
1547  1476
1547  1732
1548  1543
1548  1567
1548  1588
1548  1671
1549  1505
1549  1647
1549  1738
1549  1751
1550  85
1550  1637
1550  1726
1551  0
1551  53
1551  61
1551  1784
1552  67
1552  1440
1552  1561
1552  1585
1552  1590
1552  1608
1552  1664
1552  1809
1553  31
1553  1599
1553  1673
1553  1677
1553  1775
1554  74
1554  1546
1554  1554
1554  1683
1554  2022
1555  1461
1555  1484
1555  1570
1555  1636
1556  36
1556  1475
1556  1498
1556  1565
1556  1588
1556  1665
1556  1752
1557  9
1557  1711
1557  1741
1557  1746
1557  1757
1557  1767
1558  1611
1558  1644
1559  4
1559  1512
1559  1560
1559  1581
1559  1624
1559  1675
1559  1693
1559  1701
1560  45
1560  1711
1561  1499
1561  1592
1561  1618
1561  1757
1562  1599
1562  1632
1562  1639
1562  1650
1563  1572
1563  1614
1563  1701
1563  1747
1564  1453
1564  1464
1564  1539
1564  1673
1564  1692
1564  1711
1564  1730
1564  1734
1564  1740
1565  1510
1565  1669
1565  1683
1565  1687
1565  1707
1565  1751
1566  1502
1566  1533
1566  1549
1566  1579
1566  1659
1566  1665
1566  1722
1567  11
1567  21
1567  1491
1567  1567
1567  1590
1567  1654
1567  1701
1568  5
1568  1583
1568  1688
1569  26
1569  1421
1569  1536
1569  1597
1569  1621
1569  1715
1569  1774
1570  1435
1570  1453
1570  1602
1570  1695
1571  18
1571  1373
1571  1471
1571  1508
1571  1559
1572  1562
1572  35
1572  1547
1572  1574
1572  1660
1573  9
1573  1501
1573  1634
1573  1654
1574  1516
1574  1618
1574  1694
1574  1738
1575  0
1575  1426
1575  1433
1575  1504
1575  1589
1575  1628
1575  1718
1575  1722
1576  1418
1576  1456
1576  1525
1576  1530
1576  1543
1576  1554
1576  1604
1576  1678
1577  1372
1577  1403
1577  1578
1577  1638
1577  1733
1577  1788
1578  1438
1578  2047
1579  1440
1579  1509
1579  1571
1579  1626
1579  1654
1579  1673
1579  1683
1579  1687
1579  1702
1579  1711
1580  1518
1580  1648
1581  1550
1581  1561
1581  1616
1581  1720
1582  1583
1582  1634
1582  1671
1583  1411
1583  1474
1583  1532
1583  1609
1583  1661
1583  1696
1583  1725
1583  1792
1584  1463
1584  1569
1584  1640
1584  1685
1584  1748
1585  1452
1585  1506
1585  1526
1585  1603
1585  1645
1585  1710
1585  1732
1586  30
1586  1575
1586  1623
1586  1667
1586  1679
1587  1411
1587  1558
1587  1659
1587  1804
1588  35
1588  1589
1588  1593
1588  1651
1588  1674
1588  1725
1589  1688
1589  1700
1589  1702
1589  1749
1589  1776
1590  1540
1590  1579
1590  1600
1590  1629
1590  1665
1590  1710
1591  1657
1592  26
1592  33
1593  58
1592  1438
1592  1486
1592  1508
1592  1530
1592  1562
1592  1585
1592  1637
1592  1679
1592  1695
1593  1353
1593  1391
1593  1503
1593  1610
1594  1513
1594  1790
1595  23
1595  48
1595  1454
1595  1536
1595  1575
1595  1620
1595  1709
1596  1445
1596  1629
1596  1815
1597  1333
1597  1351
1597  1495
1597  1609
1597  1683
1597  1690
1598  44
1598  1387
1598  1395
1598  1437
1598  1522
1598  1588
1598  1651
1598  1661
1599  37
1599  1452
1599  1571
1599  1600
1599  1674
1600  1666
1601  56
1601  1551
1601  1616
1601  1623
1601  1786
1602  15
1602  1391
1602  1526
1602  1536
1602  1579
1602  1640
1602  1682
1603  1463
1603  1468
1603  1562
1603  1630
1603  1679
1603  1722
1604  1387
1604  1530
1604  1569
1604  1586
1604  1605
1605  1400
1605  1615
1605  1649
1605  1655
1605  1690
1605  1729
1605  1774
1606  50
1606  1373
1607  1404
1607  1603
1607  1609
1607  1660
1607  1786
1608  1376
1608  1423
1608  1449
1608  1534
1608  1555
1608  1560
1608  1567
1608  1698
1609  1415
1609  1592
1609  1625
1609  1708
1609  1793
1609  1800
1610  1366
1610  1580
1610  1692
1610  1733
1611  32
1611  1519
1611  1566
1611  1585
1611  1617
1611  1635
1611  1687
1612  1357
1612  1482
1612  1509
1612  1546
1612  1562
1612  1572
1613  1407
1613  1541
1613  1665
1614  39
1614  1525
1614  1581
1614  1759
1615  1375
1615  1388
1615  1393
1615  1400
1615  1517
1615  1550
1615  1614
1615  1655
1615  1661
1615  1735
1616  25
1616  1330
1616  1353
1616  1365
1616  1381
1616  1502
1616  1528
1616  1553
1616  1567
1616  1596
1616  1680
1617  1360
1617  1409
1617  1521
1617  1534
1617  1575
1617  1585
1617  1628
1618  1417
1618  1432
1618  1511
1618  1539
1618  1637
1618  1690
1619  1335
1619  1387
1619  1560
1619  1665
1620  1398
1620  1527
1620  1623
1620  1651
1621  1357
1621  1373
1621  1390
1621  1426
1621  1567
1621  1573
1621  1643
1622  1350
1622  1421
1622  1555
1622  1656
1622  1680
1622  1747
1622  1755
1623  19
1623  1496
1623  1589
1624  1369
1624  1394
1624  1543
1624  1566
1624  1641
1625  11
1625  1341
1625  1403
1625  1409
1625  1459
1625  1467
1625  1489
1625  1536
1625  1581
1625  1625
1625  1628
1625  1689
1625  1711
1625  1718
1625  1813
1626  1351
1626  1415
1626  1450
1626  1499
1626  1618
1627  1333
1627  1440
1627  1494
1627  1557
1627  1572
1627  1594
1627  1827
1628  1324
1628  1346
1628  1394
1628  1398
1628  1426
1628  1522
1628  1699
1628  1740
1629  1372
1629  1421
1629  1553
1630  5
1630  19
1630  1385
1630  1518
1630  1527
1630  1539
1630  1613
1630  1716
1631  1357
1631  1362
1631  1380
1631  1408
1631  1414
1631  1451
1631  1534
1631  1591
1631  1608
1632  1432
1632  1438
1632  1636
1633  1472
1633  1477
1633  1553
1633  1561
1633  1571
1633  1627
1633  1675
1634  1349
1634  1400
1634  1513
1635  16
1635  1385
1635  1487
1635  1503
1635  1534
1635  1547
1635  1680
1635  1814
1636  1343
1636  1393
1636  1414
1636  1493
1636  1519
1636  1610
1636  1624
1637  1330
1637  1360
1637  1388
1637  1436
1637  1463
1637  1540
1637  1580
1637  1686
1637  1727
1638  1365
1638  1369
1638  1444
1638  1453
1638  1530
1638  1603
1639  1395
1639  1472
1639  1485
1639  1558
1640  1340
1640  1521
1640  1614
1641  8
1641  1352
1641  1366
1641  1403
1641  1546
1641  1690
1641  1699
1642  1410
1642  1431
1642  1496
1642  1501
1642  1553
1642  1568
1642  1619
1642  1676
1643  1398
1643  1560
1643  1601
1644  1439
1644  1462
1644  1589
1644  1611
1644  1624
1645  1449
1645  1465
1645  1482
1645  1512
1645  1651
1645  1679
1645  1729
1646  1536
1646  1566
1647  1355
1647  1389
1647  1417
1647  1504
1647  1539
1647  1708
1648  1452
1648  1598
1648  1667
1648  1700
1649  1426
1649  1446
1649  1485
1649  1490
1649  1584
1649  1592
1649  1617
1649  1720
1650  1473
1650  1479
1650  1671
1651  1438
1651  1462
1651  1607
1651  1659
1651  1679
1651  1695
1651  1711
1652  1421
1652  1591
1652  1602
1652  1668
1652  1825
1653  1495
1653  1615
1653  1691
1653  1706
1654  1414
1654  1501
1654  1595
1654  1610
1655  1471
1655  1585
1656  1461
1656  1476
1656  1484
1657  1396
1657  1491
1657  1710
1658  1418
1658  1422
1658  1433
1658  1450
1658  1693
1658  1717
1659  1603
1659  1674
1660  1465
1660  1578
1660  1589
1660  1612
1660  1687
1661  1490
1662  1443
1662  1484
1662  1584
1662  1680
1662  1718
1663  1394
1663  1700
1664  1516
1665  1579
1666  1473
1666  1602
1667  1435
1667  1466
1668  1404
1668  1411
1668  1451
1668  1509
1668  1596
1668  1608
1668  1686
1668  1726
1669  1394
1669  1587
1670  1373
1670  1421
1670  1429
1670  1470
1670  1498
1670  1579
1670  1821
1671  1476
1671  1480
1672  1459
1672  1488
1672  1599
1673  1389
1673  1502
1673  1513
1673  1573
1673  1604
1673  1687
1673  1837
1674  1701
1674  1832
1675  1692
1676  1597
1677  1681
1678  1487
1679  1516
1679  1571
1679  1670
1679  1826
1680  1478
1680  1588
1681  1399
1681  1416
1681  1494
1681  1506
1681  1595
1682  1567
1683  1534
1683  1686
1684  1366
1684  1670
1684  1677
1685  1398
1685  1483
1685  1489
1685  1598
1686  1416
1686  1499
1686  1571
1686  1575
1687  1407
1687  1437
1687  1493
1687  1511
1687  1516
1687  1523
1687  1581
1687  1590
1687  1682
1688  1563
1689  1424
1689  1673
1689  1693
1690  1499
1691  1491
1691  1569
1692  1369
1692  1408
1692  1525
1692  1595
1693  1566
1693  1834
1694  1377
1694  1399
1694  1590
1694  1671
1695  1405
1695  1498
1695  1517
1695  1681
1695  1698
1695  1821
1695  1830
1696  1391
1696  1472
1697  1489
1697  1493
1697  1583
1698  1366
1698  1432
1698  1526
1698  1568
1698  1573
1698  1578
1698  1599
1698  1645
1698  1650
1698  1659
1698  1675
1698  1701
1699  1426
1699  1654
1700  1521
1700  1591
1700  1686
1701  1377
1701  1401
1701  1491
1701  1825
1702  1525
1702  1633
1703  1392
1703  1508
1703  1570
1703  1700
1704  1432
1704  1503
1704  1565
1704  1581
1704  1674
1705  1382
1705  1519
1705  1535
1705  1594
1705  1598
1705  1640
1706  1487
1706  1559
1706  1605
1706  1625
1706  1697
1707  1575
1707  1654
1707  1665
1708  1590
1708  1677
1709  1455
1709  1586
1709  1632
1709  1648
1709  1691
1711  1514
1711  1529
1711  1686
1712  1380
1712  1424
1712  1601
1712  1652
1713  1371
1713  1541
1714  1515
1714  1569
1714  1661
1715  1383
1715  1395
1715  1537
1715  1577
1715  1636
1715  1691
1715  1839
1716  1586
1716  1624
1717  1545
1718  1423
1718  1531
1718  1631
1718  1657
1719  1573
1719  1592
1719  1599
1719  1620
1719  1683
1720  1387
1720  1412
1720  1582
1721  1690
1721  1694
1721  1991
1721  1994
1722  1434
1722  1452
1722  1594
1722  1623
1722  1630
1722  1634
1723  1674
1724  1531
1724  1850
1725  1560
1725  1576
1725  1584
1725  1601
1725  1653
1725  1697
1726  1540
1726  1545
1726  1636
1726  1644
1726  1689
1727  1473
1727  1589
1728  1583
1728  1630
1728  1684
1728  1838
1728  1989
1729  1626
1729  1640
1729  1655
1729  1662
1730  1571
1730  1580
1731  1560
1731  1846
1732  1636
1733  1595
1733  1600
1734  1583
1734  1604
1734  1650
1734  1672
1736  1564
1736  1578
1736  1655
1736  1662
1736  1689
1737  1549
1737  1650
1738  1556
1738  1588
1738  1596
1739  1568
1742  1689
1743  1576
1743  1599
1744  1563
1748  1561
1749  1579
1750  1586
1750  2042
1751  1995
1752  1573
1752  1604
1753  1977
1753  2012
1754  1593
1755  2018
1757  1584
1757  1601
1757  1938
1758  1577
1758  1836
1760  1842
1760  2004
1764  1579
1765  1600
1765  2037
1766  1593
1770  1982
1774  1589
1775  1951
1777  1809
1778  1421
1780  1930
1781  1904
1782  1621
1782  1912
1785  1575
1785  1590
1785  1982
1785  2009
1788  1894
1789  1831
1790  1967
1790  2007
1792  2045
1796  1946
1797  1601
1797  2034
1802  1600
1808  1933
1808  1941
1811  1776
1813  1946
1815  1609
1821  1937
1829  1756
1832  1909
1833  1934
1836  1910
1837  1760
1843  1913
1857  1892
1864  1942
1869  1905
1879  616
1890  1885
2007  1451
2021  1444