# Filename: CLN3-561nm_416_bidi_022.tif
# Puncta radius (pixels): (1.3888888888888888, 1.3888888888888888)
# Puncta radius (nm): (150, 150)
# Cluster threshold (nm): 300
# Min puncta per cluster: 2
# Voxel size (nm): (108, 108, 200)
Y     X     CLUSTER_ID
182   1844  -1
203   1861  -1
212   1856  -1
224   1879  -1
226   1891  -1
229   1871  -1
233   1891  -1
235   1919  -1
237   1886  -1
243   1926  -1
246   1924  -1
252   1891  -1
252   1943  -1
258   1924  -1
264   1936  -1
267   1948  -1
282   1944  -1
284   1977  -1
287   1945  -1
292   1952  -1
296   1964  -1
300   1971  -1
300   1990  -1
310   1961  -1
311   1974  -1
311   1990  -1
316   1969  -1
316   1982  -1
318   2007  -1
326   1986  -1
328   2013  -1
327   2027  -1
335   2036  -1
339   2031  -1
341   2005  -1
358   2038  -1
366   2006  -1
367   2012  -1
376   2026  -1
382   2015  -1
386   2006  -1
394   1943  -1
398   2004  -1
404   1957  -1
405   1974  -1
420   2001  -1
451   2034  -1
499   567   -1
502   583   -1
503   553   -1
507   570   -1
508   579   -1
510   602   -1
511   572   -1
512   583   -1
521   586   -1
526   751   -1
527   756   -1
528   584   -1
528   759   -1
532   588   -1
541   611   -1
547   580   -1
547   605   -1
548   602   -1
548   612   -1
549   618   -1
552   586   -1
562   634   -1
569   616   -1
569   624   -1
572   608   -1
572   645   -1
576   637   -1
578   841   -1
581   656   -1
592   687   -1
600   612   -1
608   722   -1
609   637   -1
622   681   -1
638   691   -1
638   709   -1
638   1134  -1
645   692   -1
649   794   -1
650   1103  -1
652   783   -1
654   1130  -1
656   937   -1
665   731   -1
668   995   -1
670   1109  -1
674   739   -1
675   958   -1
677   1001  -1
679   1048  -1
687   983   -1
688   1107  -1
690   748   -1
697   1070  -1
698   1015  -1
713   1043  -1
713   1104  -1
714   969   -1
716   992   -1
717   1109  -1
721   1058  -1
722   1112  -1
732   879   -1
737   880   -1
738   987   -1
739   895   -1
744   733   -1
745   1171  -1
746   879   -1
746   979   -1
751   1158  -1
756   1028  -1
758   1099  -1
758   1232  -1
759   1010  -1
760   1222  -1
762   1047  -1
764   1142  -1
769   932   -1
772   965   -1
772   1104  -1
773   709   -1
775   926   -1
778   957   -1
788   1205  -1
789   968   -1
792   950   -1
798   944   -1
808   1056  -1
810   1105  -1
812   1194  -1
813   1211  -1
817   828   -1
817   1212  -1
819   1095  -1
819   1177  -1
819   1230  -1
822   1056  -1
824   824   -1
827   960   -1
829   1020  -1
830   1035  -1
832   811   -1
835   753   -1
837   1006  -1
841   807   -1
841   1127  -1
850   836   -1
851   744   -1
855   956   -1
857   1098  -1
860   1050  -1
861   1092  -1
861   1189  -1
863   935   -1
864   1033  -1
866   1216  -1
869   1223  -1
871   928   -1
872   1095  -1
874   935   -1
880   641   -1
880   1119  -1
883   756   -1
883   1198  -1
883   1210  -1
884   1050  -1
885   1095  -1
887   1100  -1
887   1162  -1
889   885   -1
892   1244  -1
895   1028  -1
895   1258  -1
897   1167  -1
897   1231  -1
898   1108  -1
906   909   -1
906   1178  -1
906   1261  -1
908   1026  -1
908   1040  -1
909   1015  -1
911   717   -1
913   631   -1
915   1159  -1
915   1227  -1
918   957   -1
918   1280  -1
926   737   -1
926   934   -1
931   1111  -1
933   1077  -1
934   1062  -1
936   964   -1
936   1082  -1
938   1050  -1
940   1199  -1
941   1074  -1
942   936   -1
942   1045  -1
943   1194  -1
948   917   -1
949   943   -1
955   925   -1
956   994   -1
959   1069  -1
960   1048  -1
963   907   -1
964   1173  -1
965   1010  -1
973   1024  -1
974   1046  -1
978   1004  -1
979   1020  -1
980   1044  -1
980   1113  -1
980   1241  -1
981   981   -1
985   937   -1
985   1113  -1
986   1092  -1
990   928   -1
990   1252  -1
990   1271  -1
993   1052  -1
995   1090  -1
999   538   -1
999   898   -1
1000  1314  -1
1001  1014  -1
1002  1105  -1
1002  1342  -1
1004  954   -1
1004  1095  -1
1004  1325  -1
1005  1234  -1
1006  967   -1
1008  1234  -1
1008  1322  -1
1009  545   -1
1009  562   -1
1009  1287  -1
1012  1067  -1
1012  1106  -1
1013  548   -1
1014  563   -1
1017  1374  -1
1018  1091  -1
1019  562   -1
1024  532   -1
1026  561   -1
1026  991   -1
1026  1116  -1
1027  953   -1
1027  1102  -1
1029  540   -1
1029  945   -1
1030  563   -1
1033  1147  -1
1034  889   -1
1034  1131  -1
1035  1119  -1
1036  1071  -1
1036  1720  -1
1037  548   -1
1037  933   -1
1038  835   -1
1038  1283  -1
1038  1382  -1
1039  538   -1
1039  551   -1
1040  972   -1
1040  1148  -1
1040  1302  -1
1041  825   -1
1041  1134  -1
1042  527   -1
1042  1014  -1
1043  548   -1
1043  1042  -1
1044  880   -1
1044  1335  -1
1045  798   -1
1046  960   -1
1046  1711  -1
1047  1738  -1
1048  543   -1
1048  553   -1
1049  820   -1
1049  855   -1
1050  808   -1
1050  844   -1
1050  896   -1
1050  1167  -1
1051  945   -1
1051  1298  -1
1051  1735  -1
1053  551   -1
1054  536   -1
1054  1094  -1
1054  1288  -1
1054  1717  -1
1056  919   -1
1056  1084  -1
1057  1208  -1
1058  1100  -1
1058  1726  -1
1059  1734  -1
1060  1742  -1
1061  927   -1
1062  1738  -1
1063  1720  -1
1064  834   -1
1066  542   -1
1066  1101  -1
1066  1752  -1
1067  1362  -1
1067  1388  -1
1068  1725  -1
1068  1728  -1
1068  1735  -1
1071  816   -1
1071  1184  -1
1072  977   -1
1072  1396  -1
1072  1738  -1
1073  531   -1
1073  972   -1
1074  1145  -1
1074  1719  -1
1076  1734  -1
1077  542   -1
1077  1410  -1
1078  812   -1
1078  1348  -1
1078  1764  -1
1080  561   -1
1080  567   -1
1080  820   -1
1080  1258  -1
1080  1742  -1
1081  531   -1
1081  1719  -1
1082  1751  -1
1083  961   -1
1083  1417  -1
1084  1140  -1
1084  1737  -1
1085  551   -1
1085  1357  -1
1085  1761  -1
1086  556   -1
1086  586   -1
1086  816   -1
1086  1066  -1
1087  534   -1
1087  543   -1
1087  1725  -1
1088  567   -1
1088  846   -1
1090  1745  -1
1091  808   -1
1092  539   -1
1092  1155  -1
1092  1722  -1
1092  1756  -1
1093  557   -1
1093  568   -1
1093  1036  -1
1093  1408  -1
1094  1049  -1
1094  1744  -1
1094  1750  -1
1098  538   -1
1098  573   -1
1098  781   -1
1098  934   -1
1098  1742  -1
1098  1752  -1
1099  789   -1
1099  1225  -1
1099  1771  -1
1100  1431  -1
1100  1764  -1
1102  821   -1
1102  876   -1
1102  888   -1
1103  791   -1
1103  911   -1
1103  1416  -1
1103  1726  -1
1105  513   -1
1106  489   -1
1106  1043  -1
1106  1731  -1
1107  847   -1
1107  1157  -1
1107  1735  -1
1108  563   -1
1108  580   -1
1108  799   -1
1109  796   -1
1109  919   -1
1109  1401  -1
1111  889   -1
1111  1093  -1
1112  558   -1
1112  792   -1
1112  1740  -1
1113  489   -1
1113  799   -1
1113  856   -1
1113  912   -1
1113  917   -1
1114  1759  -1
1115  498   -1
1115  837   -1
1115  881   -1
1115  890   -1
1116  1742  -1
1117  540   -1
1117  583   -1
1117  905   -1
1117  1746  -1
1118  799   -1
1118  918   -1
1118  1399  -1
1119  1015  -1
1119  1772  -1
1120  824   -1
1120  947   -1
1120  1050  -1
1120  1741  -1
1121  838   -1
1121  1087  -1
1122  794   -1
1122  850   -1
1122  885   -1
1122  917   -1
1123  1768  -1
1124  553   -1
1124  780   -1
1124  892   -1
1124  1012  -1
1124  1748  -1
1124  1777  -1
1125  895   -1
1126  777   -1
1126  916   -1
1126  935   -1
1126  1030  -1
1127  871   -1
1127  1774  -1
1128  604   -1
1128  831   -1
1128  1245  -1
1128  1760  -1
1129  556   -1
1129  799   -1
1129  920   -1
1130  495   -1
1130  825   -1
1130  912   -1
1130  984   -1
1131  909   -1
1132  891   -1
1132  992   -1
1132  1024  -1
1133  917   -1
1133  1731  -1
1133  1776  -1
1134  905   -1
1134  1035  -1
1134  1092  -1
1135  560   -1
1135  579   -1
1135  791   -1
1135  900   -1
1135  1766  -1
1135  1770  -1
1136  588   -1
1136  841   -1
1137  576   -1
1137  896   -1
1137  1236  -1
1137  1735  -1
1138  694   -1
1138  1776  -1
1139  774   -1
1139  817   -1
1139  943   -1
1140  604   -1
1140  1772  -1
1141  1212  -1
1142  847   -1
1142  1121  -1
1143  832   -1
1143  897   -1
1143  906   -1
1143  1786  -1
1144  664   -1
1144  718   -1
1144  794   -1
1144  823   -1
1144  940   -1
1144  1744  -1
1144  1778  -1
1145  603   -1
1145  684   -1
1145  865   -1
1145  1039  -1
1146  514   -1
1146  554   -1
1146  784   -1
1146  838   -1
1146  1750  -1
1146  1766  -1
1147  589   -1
1147  652   -1
1147  700   -1
1147  810   -1
1147  1069  -1
1149  609   -1
1149  680   -1
1149  792   -1
1149  832   -1
1149  936   -1
1149  1742  -1
1150  773   -1
1150  837   -1
1150  1036  -1
1150  1757  -1
1151  1392  -1
1151  1788  -1
1152  910   -1
1152  1121  -1
1153  718   -1
1153  824   -1
1153  1783  -1
1154  489   -1
1154  788   -1
1154  812   -1
1154  987   -1
1154  1414  -1
1155  705   -1
1155  799   -1
1155  844   -1
1155  1358  -1
1155  1755  -1
1155  1773  -1
1156  591   -1
1156  817   -1
1156  944   -1
1156  1039  -1
1156  1747  -1
1157  670   -1
1157  687   -1
1157  1777  -1
1158  478   -1
1158  620   -1
1158  721   -1
1158  790   -1
1159  581   -1
1159  601   -1
1159  824   -1
1159  1743  -1
1159  1747  -1
1160  801   -1
1160  939   -1
1160  1390  -1
1160  1770  -1
1161  474   -1
1161  626   -1
1161  656   -1
1161  667   -1
1161  785   -1
1161  910   -1
1161  990   -1
1161  1763  -1
1162  491   -1
1162  649   -1
1162  709   -1
1162  826   -1
1162  1757  -1
1163  598   -1
1163  661   -1
1163  1400  -1
1163  1410  -1
1163  1747  -1
1164  791   -1
1164  811   -1
1164  914   -1
1164  937   -1
1164  1027  -1
1165  608   -1
1165  702   -1
1165  800   -1
1165  808   -1
1166  584   -1
1166  651   -1
1166  820   -1
1166  828   -1
1166  1105  -1
1167  591   -1
1167  678   -1
1167  690   -1
1167  929   -1
1167  1750  -1
1168  662   -1
1168  700   -1
1168  833   -1
1168  1785  -1
1169  578   -1
1169  610   -1
1169  923   -1
1169  1213  -1
1170  512   -1
1170  784   -1
1170  814   -1
1171  790   -1
1171  1048  -1
1171  1063  -1
1171  1790  -1
1172  779   -1
1172  1757  -1
1173  704   -1
1173  934   -1
1174  963   -1
1174  1040  -1
1175  669   -1
1175  772   -1
1176  632   -1
1176  1023  -1
1176  1768  -1
1177  603   -1
1177  648   -1
1177  657   -1
1177  723   -1
1177  1135  -1
1178  505   -1
1178  653   -1
1178  972   -1
1178  1786  -1
1179  644   -1
1179  698   -1
1179  1794  -1
1180  744   -1
1180  1001  -1
1180  1757  -1
1181  600   -1
1181  634   -1
1181  728   -1
1181  822   -1
1181  1245  -1
1181  1763  -1
1182  648   -1
1182  716   -1
1182  734   -1
1182  760   -1
1182  772   -1
1182  945   -1
1182  972   -1
1182  1033  -1
1182  1776  -1
1183  829   -1
1183  844   -1
1183  923   -1
1184  606   -1
1184  620   -1
1184  686   -1
1184  695   -1
1184  795   -1
1184  833   -1
1184  951   -1
1184  1177  -1
1185  613   -1
1185  779   -1
1185  803   -1
1185  1321  -1
1185  1760  -1
1186  495   -1
1186  709   -1
1186  1781  -1
1187  504   -1
1188  643   -1
1188  771   -1
1189  930   -1
1189  1767  -1
1190  610   -1
1190  635   -1
1190  640   -1
1190  795   -1
1190  1111  -1
1190  1203  -1
1190  1260  -1
1191  721   -1
1191  822   -1
1192  652   -1
1192  713   -1
1192  770   -1
1193  788   -1
1193  1647  -1
1193  1771  -1
1194  615   -1
1194  749   -1
1194  1109  -1
1194  1785  -1
1195  1190  -1
1195  1788  -1
1196  632   -1
1196  816   -1
1197  957   -1
1197  1271  -1
1198  715   -1
1198  1205  -1
1198  1644  -1
1199  765   -1
1199  820   -1
1199  941   -1
1200  771   -1
1200  949   -1
1200  1766  -1
1201  634   -1
1201  639   -1
1201  749   -1
1201  797   -1
1201  1368  -1
1201  1656  -1
1201  1762  -1
1202  621   -1
1202  793   -1
1202  806   -1
1203  816   -1
1203  1646  -1
1204  947   -1
1204  1774  -1
1205  760   -1
1205  1785  -1
1206  733   -1
1206  755   -1
1206  987   -1
1206  1404  -1
1206  1779  -1
1207  702   -1
1207  1408  -1
1207  1770  -1
1208  725   -1
1208  959   -1
1208  1080  -1
1208  1103  -1
1209  707   -1
1209  1646  -1
1210  826   -1
1211  714   -1
1211  725   -1
1211  1763  -1
1212  1651  -1
1212  1657  -1
1212  1669  -1
1213  1401  -1
1213  1790  -1
1214  495   -1
1214  515   -1
1214  683   -1
1214  744   -1
1214  807   -1
1215  840   -1
1216  799   -1
1216  1213  -1
1216  1360  -1
1216  1759  -1
1216  1763  -1
1217  742   -1
1217  822   -1
1217  1638  -1
1217  1770  -1
1218  988   -1
1218  1396  -1
1218  1653  -1
1218  1783  -1
1218  1797  -1
1218  1811  -1
1219  518   -1
1219  673   -1
1219  1656  -1
1219  1671  -1
1220  770   -1
1220  834   -1
1220  1791  -1
1221  937   -1
1221  1367  -1
1221  1806  -1
1222  689   -1
1222  1144  -1
1222  1768  -1
1223  1342  -1
1224  509   -1
1224  674   -1
1224  1001  -1
1224  1022  -1
1224  1405  -1
1224  1661  -1
1224  1679  -1
1225  799   -1
1225  933   -1
1225  1772  -1
1226  717   -1
1226  727   -1
1226  770   -1
1226  786   -1
1226  1011  -1
1226  1028  -1
1226  1668  -1
1226  1697  -1
1226  1784  -1
1226  1800  -1
1226  1805  -1
1227  684   -1
1227  969   -1
1227  1360  -1
1228  672   -1
1229  515   -1
1229  752   -1
1229  1363  -1
1229  1678  -1
1230  781   -1
1230  840   -1
1230  1144  -1
1230  1773  -1
1231  721   -1
1231  765   -1
1231  1000  -1
1232  990   -1
1232  1796  -1
1233  800   -1
1233  1712  -1
1234  690   -1
1235  720   -1
1235  731   -1
1235  740   -1
1235  1010  -1
1235  1699  -1
1236  510   -1
1236  773   -1
1236  792   -1
1236  796   -1
1236  832   -1
1236  986   -1
1238  699   -1
1238  1707  -1
1238  1819  -1
1239  731   -1
1239  1783  -1
1240  685   -1
1240  807   -1
1240  1679  -1
1241  779   -1
1242  710   -1
1242  762   -1
1242  767   -1
1242  1666  -1
1242  1794  -1
1242  1811  -1
1243  509   -1
1243  746   -1
1243  1718  -1
1244  503   -1
1244  1367  -1
1245  1181  -1
1245  1680  -1
1245  1728  -1
1246  1066  -1
1246  1787  -1
1247  1821  -1
1248  1145  -1
1248  1380  -1
1248  1818  -1
1249  744   -1
1249  796   -1
1249  1054  -1
1249  1092  -1
1249  1135  -1
1249  1173  -1
1249  1350  -1
1249  1682  -1
1249  1713  -1
1250  1097  -1
1250  1734  -1
1251  499   -1
1251  736   -1
1251  749   -1
1251  1030  -1
1251  1046  -1
1251  1376  -1
1251  1690  -1
1251  1729  -1
1252  1694  -1
1252  1820  -1
1253  494   -1
1253  754   -1
1253  786   -1
1253  814   -1
1253  1107  -1
1253  1674  -1
1253  1789  -1
1254  1100  -1
1254  1155  -1
1254  1399  -1
1254  1810  -1
1255  509   -1
1255  516   -1
1255  728   -1
1255  734   -1
1255  1683  -1
1256  745   -1
1256  797   -1
1256  1063  -1
1256  1787  -1
1256  1815  -1
1256  1825  -1
1257  806   -1
1258  494   -1
1258  1801  -1
1259  747   -1
1259  1724  -1
1260  1132  -1
1260  1688  -1
1260  1783  -1
1261  596   -1
1261  759   -1
1261  802   -1
1261  933   -1
1261  1699  -1
1261  1792  -1
1262  785   -1
1262  811   -1
1262  1062  -1
1262  1065  -1
1262  1668  -1
1262  1823  -1
1263  672   -1
1263  776   -1
1263  910   -1
1263  1145  -1
1263  1384  -1
1263  1694  -1
1264  705   -1
1264  746   -1
1264  1107  -1
1264  1113  -1
1264  1744  -1
1264  1829  -1
1265  511   -1
1265  620   -1
1265  1790  -1
1265  1821  -1
1266  605   -1
1266  684   -1
1266  1098  -1
1266  1684  -1
1266  1702  -1
1266  1715  -1
1267  592   -1
1267  751   -1
1267  810   -1
1267  1752  -1
1267  1816  -1
1268  578   -1
1268  585   -1
1268  1695  -1
1268  1743  -1
1268  1797  -1
1269  495   -1
1269  1376  -1
1270  743   -1
1270  760   -1
1270  1679  -1
1270  1794  -1
1271  691   -1
1271  1100  -1
1271  1155  -1
1271  1706  -1
1271  1713  -1
1271  1828  -1
1272  482   -1
1272  616   -1
1272  673   -1
1272  1766  -1
1272  1803  -1
1273  767   -1
1273  1698  -1
1274  940   -1
1274  1218  -1
1274  1693  -1
1274  1817  -1
1275  791   -1
1275  1705  -1
1275  1735  -1
1276  632   -1
1276  1088  -1
1276  1092  -1
1276  1344  -1
1276  1799  -1
1277  487   -1
1277  707   -1
1277  1768  -1
1277  1826  -1
1278  643   -1
1278  1683  -1
1278  1748  -1
1278  1809  -1
1279  701   -1
1279  1350  -1
1280  496   -1
1280  648   -1
1280  1688  -1
1280  1693  -1
1280  1831  -1
1281  1701  -1
1281  1715  -1
1282  503   -1
1282  726   -1
1282  747   -1
1283  1750  -1
1283  1790  -1
1283  1809  -1
1283  1829  -1
1284  736   -1
1284  775   -1
1284  1387  -1
1284  1694  -1
1285  1747  -1
1285  1804  -1
1285  1821  -1
1286  597   -1
1286  1835  -1
1287  490   -1
1287  510   -1
1287  710   -1
1287  749   -1
1287  1785  -1
1287  1825  -1
1288  1723  -1
1288  1731  -1
1288  1767  -1
1288  1812  -1
1290  520   -1
1290  639   -1
1290  659   -1
1291  487   -1
1291  630   -1
1291  780   -1
1291  1715  -1
1291  1834  -1
1292  681   -1
1292  1826  -1
1293  499   -1
1293  663   -1
1293  728   -1
1293  797   -1
1293  1772  -1
1293  1785  -1
1294  738   -1
1294  761   -1
1294  1727  -1
1294  1754  -1
1295  719   -1
1295  777   -1
1295  1809  -1
1295  1832  -1
1296  1795  -1
1297  624   -1
1297  926   -1
1297  1791  -1
1298  680   -1
1298  1723  -1
1298  1731  -1
1298  1736  -1
1298  1778  -1
1298  1801  -1
1298  1815  -1
1298  1825  -1
1299  1759  -1
1299  1806  -1
1300  1752  -1
1301  720   -1
1301  1787  -1
1302  491   -1
1302  603   -1
1302  793   -1
1302  1732  -1
1302  1801  -1
1303  674   -1
1303  726   -1
1303  747   -1
1304  523   -1
1304  923   -1
1304  1364  -1
1305  685   -1
1305  783   -1
1305  1737  -1
1305  1837  -1
1306  1387  -1
1306  1743  -1
1306  1805  -1
1307  811   -1
1308  1759  -1
1309  704   -1
1309  1747  -1
1309  1788  -1
1312  1797  -1
1313  1776  -1
1313  1831  -1
1314  777   -1
1314  1745  -1
1314  1753  -1
1314  1769  -1
1315  605   -1
1315  702   -1
1315  809   -1
1316  617   -1
1316  1750  -1
1316  1820  -1
1316  1824  -1
1317  515   -1
1317  798   -1
1317  1782  -1
1318  657   -1
1318  714   -1
1319  689   -1
1320  660   -1
1320  721   -1
1320  1354  -1
1321  745   -1
1321  748   -1
1321  911   -1
1321  1752  -1
1321  1784  -1
1321  1813  -1
1321  1842  -1
1322  1366  -1
1324  636   -1
1324  1830  -1
1325  1698  -1
1326  1785  -1
1327  482   -1
1327  1781  -1
1328  677   -1
1328  1759  -1
1329  698   -1
1329  1685  -1
1329  1841  -1
1330  492   -1
1330  1336  -1
1331  582   -1
1331  787   -1
1331  1368  -1
1331  1800  -1
1331  1809  -1
1331  1830  -1
1332  455   -1
1332  1713  -1
1332  1774  -1
1333  473   -1
1333  1687  -1
1333  1780  -1
1334  781   -1
1335  1816  -1
1336  460   -1
1336  488   -1
1336  1719  -1
1336  1839  -1
1337  606   -1
1337  1365  -1
1337  1668  -1
1337  1673  -1
1337  1724  -1
1337  1731  -1
1338  651   -1
1338  804   -1
1339  508   -1
1339  1739  -1
1340  496   -1
1340  594   -1
1340  1689  -1
1340  1696  -1
1340  1709  -1
1340  1780  -1
1341  466   -1
1341  476   -1
1341  512   -1
1341  1764  -1
1341  1808  -1
1342  704   -1
1342  1734  -1
1343  472   -1
1343  504   -1
1343  1814  -1
1344  449   -1
1344  1848  -1
1345  496   -1
1345  631   -1
1345  1307  -1
1345  1760  -1
1345  1769  -1
1346  755   -1
1346  1662  -1
1346  1698  -1
1346  1732  -1
1346  1796  -1
1347  1657  -1
1347  1750  -1
1347  1828  -1
1348  1693  -1
1349  827   -1
1349  1768  -1
1349  1822  -1
1349  1834  -1
1350  1757  -1
1350  1840  -1
1351  1745  -1
1352  793   -1
1352  796   -1
1352  1750  -1
1353  530   -1
1353  1665  -1
1353  1735  -1
1353  1817  -1
1353  1850  -1
1354  789   -1
1354  800   -1
1354  1725  -1
1354  1780  -1
1354  1826  -1
1354  1846  -1
1355  497   -1
1355  1837  -1
1356  1305  -1
1356  1719  -1
1356  1740  -1
1356  1763  -1
1356  1811  -1
1358  509   -1
1358  517   -1
1358  1654  -1
1358  1827  -1
1359  494   -1
1359  711   -1
1359  1687  -1
1359  1693  -1
1359  1735  -1
1359  1757  -1
1359  1791  -1
1359  1833  -1
1359  1851  -1
1360  1701  -1
1360  1766  -1
1360  1855  -1
1361  1743  -1
1361  1801  -1
1361  1823  -1
1362  507   -1
1362  797   -1
1362  1720  -1
1362  1759  -1
1363  683   -1
1363  915   -1
1363  1656  -1
1363  1667  -1
1363  1676  -1
1363  1706  -1
1363  1818  -1
1364  492   -1
1364  502   -1
1364  1700  -1
1364  1844  -1
1365  626   -1
1365  1751  -1
1366  497   -1
1366  648   -1
1366  1711  -1
1366  1743  -1
1366  1767  -1
1366  1802  -1
1366  1811  -1
1367  578   -1
1367  1693  -1
1367  1821  -1
1368  624   -1
1368  1755  -1
1368  1828  -1
1368  1843  -1
1369  526   -1
1369  1799  -1
1370  510   -1
1370  1653  -1
1371  497   -1
1371  738   -1
1371  1675  -1
1371  1696  -1
1371  1747  -1
1371  1788  -1
1371  1795  -1
1372  533   -1
1372  633   -1
1372  719   -1
1372  1661  -1
1372  1685  -1
1372  1704  -1
1372  1711  -1
1372  1850  -1
1373  491   -1
1373  745   -1
1373  1765  -1
1373  1784  -1
1374  1666  -1
1374  1717  -1
1374  1722  -1
1374  1774  -1
1374  1838  -1
1375  1290  -1
1375  1736  -1
1375  1856  -1
1376  1317  -1
1376  1684  -1
1376  1692  -1
1376  1757  -1
1376  1782  -1
1377  539   -1
1377  614   -1
1377  1752  -1
1377  1765  -1
1378  1708  -1
1378  1777  -1
1379  509   -1
1379  1699  -1
1380  802   -1
1380  1654  -1
1380  1680  -1
1380  1718  -1
1380  1770  -1
1380  1818  -1
1380  1823  -1
1381  594   -1
1381  724   -1
1381  1669  -1
1381  1759  -1
1381  1815  -1
1381  1836  -1
1382  1694  -1
1382  1775  -1
1383  513   -1
1383  525   -1
1383  533   -1
1383  540   -1
1383  1685  -1
1383  1713  -1
1383  1854  -1
1384  583   -1
1384  681   -1
1384  1656  -1
1384  1690  -1
1384  1699  -1
1384  1783  -1
1384  1843  -1
1385  760   -1
1385  1678  -1
1385  1725  -1
1385  1752  -1
1385  1813  -1
1386  494   -1
1386  796   -1
1386  1694  -1
1386  1787  -1
1387  529   -1
1387  660   -1
1387  804   -1
1387  1719  -1
1387  1733  -1
1387  1858  -1
1388  625   -1
1388  1675  -1
1388  1683  -1
1388  1828  -1
1389  520   -1
1389  536   -1
1389  1704  -1
1389  1738  -1
1389  1775  -1
1389  1794  -1
1390  620   -1
1390  680   -1
1390  1660  -1
1390  1754  -1
1390  1768  -1
1390  1842  -1
1390  1847  -1
1391  526   -1
1391  628   -1
1391  1781  -1
1392  531   -1
1392  670   -1
1392  674   -1
1392  1764  -1
1393  1684  -1
1393  1730  -1
1393  1739  -1
1393  1856  -1
1394  1693  -1
1394  1750  -1
1394  1828  -1
1395  522   -1
1395  617   -1
1395  643   -1
1395  944   -1
1395  1315  -1
1396  516   -1
1396  548   -1
1396  720   -1
1396  751   -1
1396  1673  -1
1397  607   -1
1397  678   -1
1397  689   -1
1397  1697  -1
1397  1710  -1
1397  1718  -1
1397  1748  -1
1398  936   -1
1398  1690  -1
1398  1741  -1
1398  1777  -1
1399  542   -1
1399  1783  -1
1400  597   -1
1400  600   -1
1400  1716  -1
1400  1721  -1
1401  501   -1
1401  530   -1
1401  545   -1
1401  610   -1
1401  615   -1
1401  1704  -1
1401  1755  -1
1402  1682  -1
1403  520   -1
1403  588   -1
1403  721   -1
1404  704   -1
1404  767   -1
1404  925   -1
1404  1749  -1
1404  1757  -1
1404  1800  -1
1404  1821  -1
1405  613   -1
1405  1676  -1
1406  1682  -1
1406  1695  -1
1406  1740  -1
1407  506   -1
1407  543   -1
1407  1729  -1
1407  1734  -1
1407  1852  -1
1408  1783  -1
1409  1711  -1
1409  1748  -1
1409  1837  -1
1411  538   -1
1411  553   -1
1411  835   -1
1411  1703  -1
1411  1739  -1
1411  1761  -1
1411  1820  -1
1411  1847  -1
1412  521   -1
1412  781   -1
1412  1679  -1
1412  1828  -1
1413  527   -1
1413  1686  -1
1413  1766  -1
1413  1784  -1
1414  514   -1
1414  1288  -1
1414  1671  -1
1415  793   -1
1415  1760  -1
1415  1841  -1
1416  523   -1
1416  536   -1
1416  630   -1
1416  1748  -1
1416  1788  -1
1417  528   -1
1417  558   -1
1417  889   -1
1417  1714  -1
1418  862   -1
1418  1264  -1
1418  1698  -1
1418  1782  -1
1419  1709  -1
1419  1719  -1
1419  1741  -1
1419  1775  -1
1420  595   -1
1420  771   -1
1420  1751  -1
1420  1761  -1
1421  635   -1
1421  1665  -1
1421  1704  -1
1421  1754  -1
1421  1769  -1
1421  1838  -1
1422  535   -1
1422  1245  -1
1422  1678  -1
1422  1736  -1
1422  1778  -1
1422  1802  -1
1422  1819  -1
1422  1845  -1
1423  1682  -1
1424  1787  -1
1425  521   -1
1425  1795  -1
1426  1702  -1
1427  865   -1
1427  1670  -1
1427  1727  -1
1427  1732  -1
1428  531   -1
1428  1681  -1
1428  1712  -1
1428  1742  -1
1428  1838  -1
1429  463   -1
1429  540   -1
1429  743   -1
1429  1675  -1
1429  1790  -1
1429  1822  -1
1429  1831  -1
1430  565   -1
1430  1253  -1
1431  752   -1
1431  1770  -1
1431  1846  -1
1432  1781  -1
1432  1800  -1
1433  788   -1
1433  1708  -1
1433  1756  -1
1433  1829  -1
1434  521   -1
1434  526   -1
1434  547   -1
1434  823   -1
1434  865   -1
1434  1786  -1
1434  1819  -1
1435  840   -1
1435  1732  -1
1435  1745  -1
1435  1854  -1
1436  515   -1
1436  598   -1
1436  645   -1
1436  780   -1
1436  835   -1
1436  1712  -1
1437  622   -1
1437  633   -1
1437  1688  -1
1437  1692  -1
1437  1798  -1
1438  588   -1
1438  1285  -1
1439  545   -1
1439  786   -1
1439  1760  -1
1440  763   -1
1441  862   -1
1441  1795  -1
1442  670   -1
1442  1830  -1
1443  541   -1
1443  573   -1
1443  783   -1
1443  933   -1
1443  1733  -1
1443  1775  -1
1443  1790  -1
1443  1807  -1
1443  1845  -1
1444  517   -1
1444  550   -1
1444  1757  -1
1445  590   -1
1445  627   -1
1445  754   -1
1445  806   -1
1445  1699  -1
1445  1794  -1
1445  1800  -1
1446  587   -1
1446  797   -1
1446  1709  -1
1446  1718  -1
1446  1771  -1
1447  540   -1
1447  633   -1
1447  1779  -1
1448  526   -1
1448  835   -1
1448  1830  -1
1448  1837  -1
1449  762   -1
1449  1232  -1
1449  1789  -1
1450  561   -1
1450  803   -1
1450  1757  -1
1450  1768  -1
1450  1783  -1
1450  1804  -1
1450  1824  -1
1451  556   -1
1451  588   -1
1452  739   -1
1452  783   -1
1453  665   -1
1453  863   -1
1453  893   -1
1453  1799  -1
1454  718   -1
1454  1777  -1
1455  500   -1
1455  1756  -1
1455  1851  -1
1456  599   -1
1456  661   -1
1456  1773  -1
1456  1783  -1
1456  1837  -1
1457  627   -1
1457  849   -1
1457  858   -1
1457  1817  -1
1458  540   -1
1458  563   -1
1459  1761  -1
1459  1776  -1
1459  1821  -1
1460  830   -1
1460  1798  -1
1460  1849  -1
1461  712   -1
1461  776   -1
1461  837   -1
1462  792   -1
1462  853   -1
1462  1765  -1
1462  1768  -1
1462  1794  -1
1462  1832  -1
1463  550   -1
1463  558   -1
1463  1772  -1
1464  789   -1
1464  846   -1
1464  1758  -1
1464  1789  -1
1464  1818  -1
1465  581   -1
1465  794   -1
1466  714   -1
1466  732   -1
1466  738   -1
1466  908   -1
1466  1763  -1
1466  1786  -1
1467  603   -1
1467  764   -1
1467  775   -1
1467  1822  -1
1468  538   -1
1468  563   -1
1468  857   -1
1468  864   -1
1468  873   -1
1468  1770  -1
1469  571   -1
1469  584   -1
1469  1180  -1
1469  1828  -1
1470  654   -1
1470  1797  -1
1471  574   -1
1471  674   -1
1471  694   -1
1471  726   -1
1471  737   -1
1471  1831  -1
1472  558   -1
1472  848   -1
1472  1788  -1
1472  1804  -1
1472  1847  -1
1473  489   -1
1473  642   -1
1474  740   -1
1474  808   -1
1474  1813  -1
1474  1828  -1
1475  576   -1
1475  586   -1
1475  1767  -1
1475  1779  -1
1476  767   -1
1476  1821  -1
1477  689   -1
1477  785   -1
1477  1771  -1
1477  1798  -1
1477  1844  -1
1478  626   -1
1478  651   -1
1478  745   -1
1479  622   -1
1479  735   -1
1479  1788  -1
1480  612   -1
1480  906   -1
1480  934   -1
1480  1835  -1
1481  581   -1
1481  643   -1
1481  668   -1
1481  745   -1
1481  849   -1
1481  1773  -1
1481  1801  -1
1482  684   -1
1482  1813  -1
1483  569   -1
1483  632   -1
1483  651   -1
1483  694   -1
1483  727   -1
1484  559   -1
1484  592   -1
1484  639   -1
1484  646   -1
1484  922   -1
1484  1193  -1
1484  1770  -1
1485  747   -1
1485  764   -1
1485  1745  -1
1485  1757  -1
1485  1776  -1
1486  545   -1
1486  580   -1
1486  614   -1
1486  1792  -1
1486  1834  -1
1487  588   -1
1487  1761  -1
1487  1826  -1
1488  569   -1
1488  770   -1
1489  643   -1
1489  1804  -1
1490  574   -1
1490  685   -1
1490  1787  -1
1491  661   -1
1491  1812  -1
1492  759   -1
1492  834   -1
1492  1795  -1
1493  571   -1
1493  1744  -1
1494  546   -1
1494  626   -1
1494  745   -1
1494  750   -1
1495  562   -1
1495  781   -1
1495  1737  -1
1496  574   -1
1496  646   -1
1496  1776  -1
1496  1813  -1
1496  1829  -1
1497  589   -1
1497  738   -1
1497  1730  -1
1497  1760  -1
1497  1768  -1
1498  752   -1
1498  923   -1
1499  576   -1
1499  759   -1
1499  880   -1
1499  1825  -1
1499  1835  -1
1500  841   -1
1500  1746  -1
1500  1799  -1
1501  657   -1
1501  787   -1
1501  1804  -1
1502  669   -1
1502  714   -1
1502  746   -1
1503  763   -1
1503  820   -1
1503  838   -1
1503  1782  -1
1504  460   -1
1504  567   -1
1504  617   -1
1504  687   -1
1504  752   -1
1505  585   -1
1505  1721  -1
1505  1730  -1
1505  1747  -1
1505  1788  -1
1506  802   -1
1506  1738  -1
1506  1756  -1
1507  749   -1
1507  760   -1
1507  831   -1
1507  877   -1
1508  605   -1
1508  781   -1
1508  1716  -1
1508  1750  -1
1508  1783  -1
1509  1709  -1
1509  1735  -1
1510  563   -1
1510  704   -1
1510  811   -1
1510  882   -1
1510  1704  -1
1510  1763  -1
1510  1819  -1
1511  740   -1
1511  849   -1
1512  577   -1
1512  620   -1
1512  1723  -1
1512  1744  -1
1512  1751  -1
1513  485   -1
1513  565   -1
1513  754   -1
1513  766   -1
1513  1731  -1
1514  864   -1
1514  1703  -1
1514  1772  -1
1514  1784  -1
1514  1800  -1
1515  615   -1
1515  1777  -1
1516  734   -1
1516  883   -1
1516  1713  -1
1516  1743  -1
1516  1768  -1
1517  564   -1
1517  580   -1
1517  730   -1
1517  744   -1
1517  805   -1
1518  724   -1
1518  863   -1
1518  1729  -1
1519  703   -1
1519  787   -1
1519  891   -1
1519  1716  -1
1520  765   -1
1521  751   -1
1521  915   -1
1522  717   -1
1522  798   -1
1522  884   -1
1522  1691  -1
1523  1720  -1
1524  611   -1
1524  1699  -1
1524  1748  -1
1525  1714  -1
1525  1744  -1
1526  724   -1
1526  807   -1
1526  990   -1
1526  1724  -1
1526  1736  -1
1527  716   -1
1527  1685  -1
1527  1729  -1
1528  570   -1
1528  826   -1
1529  594   -1
1530  921   -1
1530  1703  -1
1530  1797  -1
1531  1784  -1
1531  1789  -1
1532  500   -1
1532  809   -1
1532  1728  -1
1533  721   -1
1533  751   -1
1533  855   -1
1533  991   -1
1533  1695  -1
1533  1713  -1
1534  898   -1
1534  918   -1
1534  949   -1
1535  891   -1
1535  1686  -1
1535  1741  -1
1535  1758  -1
1536  1734  -1
1537  726   -1
1537  996   -1
1537  1712  -1
1537  1806  -1
1538  628   -1
1538  714   -1
1539  732   -1
1539  753   -1
1539  945   -1
1539  999   -1
1539  1792  -1
1540  1730  -1
1540  1738  -1
1541  591   -1
1541  864   -1
1541  954   -1
1542  603   -1
1542  631   -1
1542  723   -1
1542  847   -1
1542  985   -1
1542  1715  -1
1543  622   -1
1543  716   -1
1544  757   -1
1544  946   -1
1544  1628  -1
1544  1710  -1
1544  1781  -1
1545  478   -1
1545  710   -1
1546  934   -1
1546  1700  -1
1547  700   -1
1547  737   -1
1547  940   -1
1548  601   -1
1548  611   -1
1548  726   -1
1548  927   -1
1548  1690  -1
1549  633   -1
1549  705   -1
1549  886   -1
1550  733   -1
1550  1768  -1
1551  1553  -1
1551  1584  -1
1551  1746  -1
1552  598   -1
1552  738   -1
1552  1709  -1
1552  1723  -1
1553  576   -1
1553  1649  -1
1553  1788  -1
1554  619   -1
1554  778   -1
1554  898   -1
1554  909   -1
1554  953   -1
1554  1679  -1
1554  1716  -1
1554  1755  -1
1555  637   -1
1555  709   -1
1555  743   -1
1555  963   -1
1557  715   -1
1557  730   -1
1557  873   -1
1557  883   -1
1557  1706  -1
1558  1680  -1
1558  1764  -1
1559  1624  -1
1560  511   -1
1560  570   -1
1560  932   -1
1560  1545  -1
1560  1634  -1
1560  1749  -1
1561  543   -1
1561  721   -1
1561  729   -1
1561  867   -1
1561  922   -1
1561  1568  -1
1562  892   -1
1562  1706  -1
1563  522   -1
1564  869   -1
1564  942   -1
1564  948   -1
1564  1742  -1
1565  633   -1
1565  1623  -1
1566  713   -1
1566  885   -1
1566  915   -1
1566  1721  -1
1567  719   -1
1567  1610  -1
1568  933   -1
1568  1704  -1
1570  882   -1
1570  888   -1
1571  919   -1
1571  940   -1
1572  559   -1
1572  619   -1
1572  676   -1
1572  694   -1
1572  697   -1
1572  730   -1
1574  951   -1
1574  630   -1
1574  869   -1
1574  959   -1
1575  522   -1
1575  881   -1
1576  942   -1
1577  618   -1
1578  683   -1
1578  840   -1
1579  674   -1
1579  851   -1
1580  614   -1
1580  964   -1
1581  663   -1
1581  692   -1
1582  557   -1
1582  703   -1
1582  923   -1
1583  585   -1
1583  718   -1
1585  700   -1
1585  722   -1
1586  578   -1
1587  675   -1
1588  686   -1
1588  951   -1
1590  589   -1
1590  939   -1
1591  576   -1
1591  657   -1
1591  856   -1
1592  881   -1
1593  618   -1
1593  933   -1
1594  626   -1
1594  928   -1
1595  632   -1
1595  697   -1
1595  885   -1
1597  569   -1
1598  703   -1
1600  826   -1
1601  651   -1
1601  675   -1
1602  606   -1
1602  830   -1
1602  887   -1
1603  550   -1
1603  658   -1
1603  695   -1
1603  893   -1
1604  523   -1
1604  610   -1
1605  812   -1
1606  517   -1
1606  557   -1
1606  705   -1
1607  510   -1
1607  546   -1
1607  588   -1
1607  694   -1
1608  606   -1
1609  319   -1
1609  354   -1
1609  543   -1
1609  674   -1
1609  801   -1
1610  678   -1
1610  832   -1
1611  664   -1
1612  609   -1
1612  656   -1
1612  687   -1
1612  762   -1
1613  347   -1
1613  590   -1
1613  628   -1
1614  374   -1
1614  564   -1
1615  587   -1
1615  616   -1
1615  651   -1
1615  660   -1
1618  361   -1
1618  608   -1
1618  694   -1
1619  577   -1
1619  588   -1
1619  703   -1
1620  657   -1
1620  674   -1
1620  679   -1
1621  813   -1
1622  385   -1
1622  503   -1
1622  646   -1
1624  519   -1
1624  822   -1
1625  660   -1
1625  669   -1
1627  510   -1
1628  561   -1
1628  653   -1
1629  683   -1
1630  528   -1
1631  619   -1
1631  630   -1
1632  506   -1
1632  574   -1
1633  495   -1
1633  534   -1
1634  383   -1
1634  609   -1
1634  669   -1
1635  529   -1
1635  547   -1
1635  648   -1
1635  657   -1
1635  666   -1
1636  512   -1
1637  645   -1
1638  493   -1
1638  579   -1
1638  641   -1
1639  572   -1
1639  601   -1
1639  628   -1
1639  750   -1
1640  535   -1
1640  676   -1
1640  746   -1
1641  654   -1
1642  552   -1
1642  639   -1
1642  759   -1
1643  595   -1
1643  649   -1
1644  400   -1
1644  526   -1
1644  583   -1
1645  507   -1
1646  424   -1
1646  487   -1
1646  532   -1
1646  541   -1
1646  643   -1
1646  665   -1
1647  465   -1
1647  605   -1
1647  656   -1
1649  435   -1
1649  545   -1
1650  512   -1
1650  533   -1
1650  550   -1
1650  638   -1
1651  570   -1
1651  599   -1
1651  645   -1
1651  678   -1
1652  431   -1
1652  482   -1
1652  507   -1
1652  521   -1
1652  539   -1
1652  590   -1
1653  451   -1
1653  467   -1
1654  527   -1
1654  668   -1
1655  639   -1
1658  520   -1
1659  595   -1
1659  652   -1
1660  586   -1
1661  502   -1
1661  533   -1
1661  552   -1
1661  560   -1
1662  631   -1
1662  648   -1
1664  525   -1
1665  447   -1
1665  667   -1
1666  628   -1
1666  675   -1
1667  706   -1
1667  749   -1
1668  528   -1
1668  732   -1
1669  518   -1
1669  605   -1
1669  614   -1
1669  652   -1
1670  539   -1
1670  598   -1
1671  507   -1
1671  627   -1
1673  477   -1
1673  631   -1
1674  645   -1
1676  486   -1
1676  524   -1
1677  511   -1
1677  652   -1
1678  586   -1
1678  599   -1
1679  633   -1
1682  643   -1
1683  513   -1
1683  581   -1
1686  496   -1
1686  520   -1
1686  563   -1
1687  608   -1
1688  504   -1
1688  534   -1
1688  547   -1
1688  578   -1
1689  572   -1
1690  511   -1
1690  660   -1
1691  500   -1
1691  706   -1
1692  491   -1
1692  598   -1
1693  602   -1
1694  476   -1
1694  527   -1
1695  514   -1
1695  532   -1
1695  595   -1
1696  553   -1
1697  520   -1
1697  558   -1
1698  497   -1
1698  603   -1
1698  615   -1
1699  574   -1
1700  532   -1
1701  515   -1
1701  580   -1
1702  527   -1
1702  588   -1
1702  596   -1
1703  566   -1
1705  476   -1
1705  498   -1
1705  606   -1
1705  615   -1
1707  523   -1
1707  553   -1
1708  520   -1
1708  579   -1
1711  598   -1
1712  577   -1
1712  593   -1
1712  606   -1
1713  538   -1
1714  494   -1
1714  667   -1
1715  489   -1
1717  480   -1
1717  509   -1
1717  543   -1
1717  584   -1
1718  499   -1
1718  522   -1
1719  580   -1
1721  544   -1
1721  550   -1
1725  506   -1
1726  501   -1
1726  548   -1
1727  514   -1
1727  563   -1
1727  570   -1
1730  527   -1
1732  508   -1
1734  513   -1
1735  533   -1
496   563   -1
505   594   -1
520   580   -1
531   751   -1
534   613   -1
535   621   -1
542   605   -1
544   745   -1
547   630   -1
594   612   -1
610   664   -1
611   732   -1
622   704   -1
650   1129  -1
653   961   -1
661   938   -1
661   1002  -1
679   928   -1
680   984   -1
683   968   -1
683   1052  -1
688   1039  -1
696   1007  -1
698   1048  -1
701   1084  -1
705   1040  -1
712   1093  -1
713   885   -1
715   1064  -1
722   1045  -1
722   1051  -1
725   887   -1
727   1091  -1
732   985   -1
734   1149  -1
736   1244  -1
737   1093  -1
741   949   -1
742   952   -1
741   970   -1
741   1108  -1
741   1104  -1
742   1164  -1
743   1112  -1
745   922   -1
745   1039  -1
746   774   -1
746   935   -1
747   1248  -1
749   1087  -1
752   1136  -1
751   1222  -1
753   1209  -1
756   946   -1
756   980   -1
757   921   -1
759   1004  -1
762   910   -1
762   932   -1
762   1001  -1
763   1152  -1
763   913   -1
766   663   -1
766   1037  -1
766   1227  -1
770   1196  -1
770   1220  -1
772   898   -1
776   1187  -1
780   800   -1
779   971   -1
780   1174  -1
786   936   -1
786   1047  -1
789   1074  -1
790   659   -1
789   982   -1
792   1016  -1
791   1116  -1
793   913   -1
793   1191  -1
804   1128  -1
803   1166  -1
805   1141  -1
806   773   -1
807   1150  -1
807   1199  -1
809   1114  -1
812   1179  -1
813   877   -1
815   1057  -1
827   1255  -1
827   1172  -1
828   1217  -1
828   1271  -1
829   804   -1
831   1221  -1
832   1233  -1
832   1200  -1
833   1212  -1
842   852   -1
845   761   -1
845   1049  -1
847   1010  -1
848   1023  -1
850   1236  -1
850   1267  -1
852   884   -1
851   976   -1
852   1103  -1
852   984   -1
861   910   -1
860   1140  -1
864   1147  -1
868   1281  -1
870   1209  -1
871   755   -1
876   1132  -1
877   1220  -1
878   1157  -1
878   1163  -1
882   871   -1
883   1194  -1
884   884   -1
893   1206  -1
894   1138  -1
894   1273  -1
900   1245  -1
904   1045  -1
907   1267  -1
910   1300  -1
911   727   -1
914   879   -1
915   1102  -1
919   1296  -1
919   1310  -1
923   903   -1
928   1301  -1
931   1065  -1
933   1291  -1
934   1308  -1
936   1232  -1
936   1288  -1
936   1306  -1
938   1161  -1
937   1293  -1
938   1321  -1
941   958   -1
943   1037  -1
947   884   -1
947   893   -1
947   962   -1
949   1135  -1
950   1090  -1
953   942   -1
958   937   -1
957   1061  -1
961   1014  -1
963   915   -1
962   1280  -1
963   999   -1
964   1084  -1
966   1022  -1
968   1083  -1
969   920   -1
969   961   -1
971   1317  -1
972   972   -1
975   1034  -1
980   1138  -1
982   915   -1
983   991   -1
983   1343  -1
986   1293  -1
987   1011  -1
990   552   -1
992   1013  -1
993   1304  -1
997   1000  -1
997   970   -1
998   1102  -1
998   1331  -1
998   559   -1
1000  572   -1
1000  1063  -1
1001  1332  -1
1001  1372  -1
1002  1088  -1
1002  1144  -1
1004  544   -1
1003  1079  -1
1004  1165  -1
1004  947   -1
1005  530   -1
1007  1012  -1
1010  554   -1
1010  925   -1
1010  1135  -1
1010  531   -1
1011  880   -1
1011  1122  -1
1013  1111  -1
1013  1048  -1
1013  1162  -1
1014  1378  -1
1015  1164  -1
1019  902   -1
1020  931   -1
1021  567   -1
1021  571   -1
1020  877   -1
1020  911   -1
1022  525   -1
1023  1147  -1
1023  917   -1
1023  1013  -1
1023  1047  -1
1025  1060  -1
1027  546   -1
1029  1050  -1
1029  1093  -1
1029  1173  -1
1030  898   -1
1030  556   -1
1031  918   -1
1033  809   -1
1033  1281  -1
1035  895   -1
1034  1040  -1
1035  556   -1
1036  1016  -1
1036  983   -1
1038  884   -1
1041  884   -1
1039  871   -1
1039  955   -1
1038  1009  -1
1039  1041  -1
1039  561   -1
1040  1181  -1
1042  533   -1
1041  1004  -1
1041  1031  -1
1041  1065  -1
1042  572   -1
1042  1069  -1
1043  1073  -1
1044  1118  -1
1047  557   -1
1048  531   -1
1048  1727  -1
1048  534   -1
1049  1744  -1
1050  872   -1
1052  811   -1
1054  957   -1
1051  955   -1
1052  569   -1
1053  573   -1
1052  922   -1
1053  797   -1
1054  993   -1
1054  1044  -1
1054  1348  -1
1055  1745  -1
1056  843   -1
1056  1250  -1
1056  812   -1
1057  893   -1
1056  1058  -1
1057  1255  -1
1059  794   -1
1059  962   -1
1059  983   -1
1061  1255  -1
1060  1384  -1
1062  1071  -1
1063  867   -1
1062  1750  -1
1064  1126  -1
1065  562   -1
1065  1036  -1
1066  1044  -1
1068  1031  -1
1070  573   -1
1073  1743  -1
1072  1404  -1
1071  1756  -1
1072  1020  -1
1074  560   -1
1076  824   -1
1074  909   -1
1075  555   -1
1076  1106  -1
1076  1232  -1
1076  1753  -1
1077  1101  -1
1079  855   -1
1079  1198  -1
1080  837   -1
1079  862   -1
1079  952   -1
1080  1017  -1
1080  1726  -1
1080  1065  -1
1082  800   -1
1082  1165  -1
1083  575   -1
1083  858   -1
1083  1023  -1
1084  933   -1
1085  1030  -1
1089  970   -1
1086  971   -1
1086  1252  -1
1086  840   -1
1087  1347  -1
1087  1758  -1
1087  980   -1
1090  792   -1
1090  1732  -1
1091  1054  -1
1093  587   -1
1093  822   -1
1092  850   -1
1093  1065  -1
1093  1401  -1
1095  867   -1
1096  824   -1
1096  827   -1
1095  965   -1
1096  1758  -1
1096  989   -1
1096  1053  -1
1097  865   -1
1099  818   -1
1099  859   -1
1099  903   -1
1100  512   -1
1101  593   -1
1099  846   -1
1100  856   -1
1099  899   -1
1107  898   -1
1101  484   -1
1102  785   -1
1102  808   -1
1102  1274  -1
1102  840   -1
1104  570   -1
1104  866   -1
1103  915   -1
1103  1023  -1
1103  1407  -1
1106  547   -1
1104  545   -1
1107  544   -1
1104  794   -1
1104  1082  -1
1106  590   -1
1106  779   -1
1107  821   -1
1106  833   -1
1106  882   -1
1107  1203  -1
1106  1763  -1
1109  1763  -1
1108  1771  -1
1106  1769  -1
1107  827   -1
1107  853   -1
1108  912   -1
1108  1008  -1
1109  780   -1
1109  789   -1
1109  990   -1
1111  572   -1
1111  843   -1
1112  846   -1
1115  865   -1
1110  863   -1
1112  865   -1
1111  1000  -1
1116  587   -1
1111  1028  -1
1113  507   -1
1114  985   -1
1114  1767  -1
1117  790   -1
1117  570   -1
1120  879   -1
1120  1764  -1
1118  1766  -1
1119  1412  -1
1122  815   -1
1122  602   -1
1122  785   -1
1122  1244  -1
1125  824   -1
1123  826   -1
1123  921   -1
1124  1063  -1
1124  1120  -1
1124  1740  -1
1125  833   -1
1124  1730  -1
1125  592   -1
1125  805   -1
1125  887   -1
1125  1038  -1
1127  582   -1
1131  929   -1
1126  1227  -1
1128  577   -1
1128  771   -1
1127  1060  -1
1128  1079  -1
1132  842   -1
1128  1415  -1
1130  695   -1
1129  807   -1
1130  834   -1
1132  836   -1
1130  850   -1
1131  484   -1
1131  1213  -1
1132  576   -1
1133  780   -1
1132  961   -1
1133  974   -1
1132  1741  -1
1134  550   -1
1134  832   -1
1133  925   -1
1135  569   -1
1137  710   -1
1136  935   -1
1137  596   -1
1136  674   -1
1136  1060  -1
1137  664   -1
1137  911   -1
1138  950   -1
1138  668   -1
1139  1063  -1
1139  1744  -1
1139  701   -1
1139  805   -1
1140  553   -1
1140  658   -1
1140  812   -1
1141  920   -1
1140  1074  -1
1141  1739  -1
1142  614   -1
1142  911   -1
1143  1228  -1
1148  569   -1
1144  571   -1
1145  568   -1
1143  649   -1
1144  902   -1
1144  921   -1
1144  1225  -1
1149  795   -1
1152  795   -1
1145  1022  -1
1148  598   -1
1145  599   -1
1146  774   -1
1146  850   -1
1147  912   -1
1147  1079  -1
1148  1238  -1
1148  822   -1
1148  863   -1
1150  485   -1
1149  573   -1
1150  817   -1
1151  820   -1
1150  840   -1
1150  847   -1
1149  1047  -1
1150  1372  -1
1151  580   -1
1151  616   -1
1152  900   -1
1153  766   -1
1154  1236  -1
1154  622   -1
1154  692   -1
1154  756   -1
1159  934   -1
1155  1053  -1
1155  1763  -1
1157  698   -1
1155  700   -1
1156  919   -1
1155  1095  -1
1156  606   -1
1157  901   -1
1162  1007  -1
1157  635   -1
1158  779   -1
1159  797   -1
1158  1075  -1
1159  1130  -1
1159  812   -1
1159  1033  -1
1161  971   -1
1161  1095  -1
1162  1395  -1
1161  1432  -1
1163  574   -1
1165  495   -1
1165  672   -1
1166  761   -1
1166  796   -1
1165  988   -1
1165  1754  -1
1167  603   -1
1168  738   -1
1168  908   -1
1169  1056  -1
1169  917   -1
1169  1121  -1
1171  678   -1
1170  713   -1
1172  629   -1
1172  914   -1
1173  691   -1
1172  845   -1
1172  1207  -1
1174  678   -1
1174  581   -1
1175  591   -1
1175  626   -1
1174  717   -1
1175  1032  -1
1176  1060  -1
1175  1761  -1
1176  912   -1
1178  922   -1
1177  1071  -1
1179  609   -1
1178  837   -1
1179  918   -1
1178  936   -1
1179  681   -1
1180  748   -1
1179  809   -1
1179  1043  -1
1181  587   -1
1180  795   -1
1181  989   -1
1181  751   -1
1182  919   -1
1182  933   -1
1181  1051  -1
1182  755   -1
1183  764   -1
1182  776   -1
1183  1047  -1
1184  1772  -1
1185  664   -1
1189  662   -1
1188  700   -1
1185  700   -1
1187  592   -1
1186  657   -1
1187  1387  -1
1188  1000  -1
1190  619   -1
1189  616   -1
1188  715   -1
1191  690   -1
1191  734   -1
1191  804   -1
1190  943   -1
1191  946   -1
1191  1011  -1
1191  604   -1
1191  672   -1
1191  954   -1
1193  936   -1
1192  1197  -1
1192  1416  -1
1193  707   -1
1194  756   -1
1193  783   -1
1193  1116  -1
1195  493   -1
1196  804   -1
1194  925   -1
1194  980   -1
1195  1034  -1
1195  1758  -1
1195  609   -1
1196  775   -1
1196  702   -1
1197  626   -1
1197  827   -1
1199  700   -1
1200  491   -1
1200  1421  -1
1201  606   -1
1202  964   -1
1201  1793  -1
1202  1163  -1
1203  1174  -1
1204  1090  -1
1205  941   -1
1205  1651  -1
1206  510   -1
1206  955   -1
1207  840   -1
1207  687   -1
1207  721   -1
1209  983   -1
1210  1236  -1
1211  1665  -1
1212  751   -1
1212  793   -1
1213  816   -1
1214  1007  -1
1214  708   -1
1214  948   -1
1214  964   -1
1217  977   -1
1215  778   -1
1216  760   -1
1217  1663  -1
1218  757   -1
1218  996   -1
1218  1173  -1
1225  737   -1
1219  1204  -1
1220  801   -1
1223  1015  -1
1221  723   -1
1224  722   -1
1221  842   -1
1222  698   -1
1221  791   -1
1224  777   -1
1222  779   -1
1223  987   -1
1225  980   -1
1226  681   -1
1225  745   -1
1225  960   -1
1226  1408  -1
1226  764   -1
1226  1657  -1
1228  998   -1
1229  697   -1
1230  511   -1
1230  1129  -1
1230  1151  -1
1231  1665  -1
1231  1785  -1
1234  828   -1
1236  1665  -1
1235  1678  -1
1236  484   -1
1237  760   -1
1236  1401  -1
1236  1659  -1
1237  488   -1
1237  935   -1
1237  1028  -1
1238  1034  -1
1237  1048  -1
1239  500   -1
1239  715   -1
1239  1130  -1
1238  1668  -1
1238  1715  -1
1240  1800  -1
1240  495   -1
1240  826   -1
1241  786   -1
1243  674   -1
1244  495   -1
1244  1700  -1
1244  723   -1
1245  826   -1
1245  949   -1
1245  1046  -1
1245  1806  -1
1245  802   -1
1245  1706  -1
1246  709   -1
1246  1013  -1
1247  1021  -1
1248  810   -1
1249  937   -1
1248  1724  -1
1250  508   -1
1251  705   -1
1251  1025  -1
1250  1187  -1
1251  487   -1
1252  778   -1
1252  1404  -1
1251  1825  -1
1252  791   -1
1252  1122  -1
1252  1799  -1
1253  612   -1
1253  1780  -1
1255  715   -1
1254  1741  -1
1255  1056  -1
1256  1089  -1
1255  1716  -1
1256  705   -1
1256  1180  -1
1258  1709  -1
1259  615   -1
1259  815   -1
1259  755   -1
1261  1074  -1
1260  1128  -1
1262  613   -1
1262  484   -1
1262  729   -1
1262  796   -1
1263  712   -1
1263  1369  -1
1265  666   -1
1264  1805  -1
1265  1080  -1
1265  1225  -1
1265  1344  -1
1267  479   -1
1267  1048  -1
1268  1042  -1
1268  1051  -1
1267  1057  -1
1267  1674  -1
1268  739   -1
1269  1784  -1
1270  679   -1
1269  1114  -1
1269  1143  -1
1270  1731  -1
1271  1756  -1
1271  515   -1
1271  740   -1
1272  503   -1
1273  706   -1
1275  616   -1
1276  1072  -1
1277  728   -1
1277  721   -1
1278  657   -1
1278  663   -1
1278  1245  -1
1281  788   -1
1280  1822  -1
1282  655   -1
1281  666   -1
1282  820   -1
1283  1170  -1
1282  1736  -1
1284  706   -1
1285  767   -1
1285  1761  -1
1286  698   -1
1290  610   -1
1290  825   -1
1291  1259  -1
1291  1704  -1
1290  1743  -1
1293  478   -1
1295  1202  -1
1298  738   -1
1299  749   -1
1299  1375  -1
1301  615   -1
1304  802   -1
1302  633   -1
1305  1771  -1
1302  1771  -1
1305  775   -1
1308  1335  -1
1309  518   -1
1309  601   -1
1309  618   -1
1309  786   -1
1311  1355  -1
1312  608   -1
1313  717   -1
1313  761   -1
1312  1813  -1
1316  1791  -1
1317  1808  -1
1317  486   -1
1317  629   -1
1317  1775  -1
1320  580   -1
1320  622   -1
1319  1766  -1
1320  504   -1
1322  616   -1
1323  686   -1
1324  1334  -1
1325  726   -1
1326  815   -1
1327  691   -1
1326  743   -1
1329  716   -1
1329  801   -1
1330  1791  -1
1331  1736  -1
1331  661   -1
1333  594   -1
1334  751   -1
1335  521   -1
1334  1695  -1
1337  516   -1
1337  768   -1
1338  621   -1
1340  795   -1
1340  806   -1
1341  1670  -1
1341  815   -1
1341  934   -1
1342  1715  -1
1343  713   -1
1342  788   -1
1343  1681  -1
1344  485   -1
1344  1711  -1
1345  481   -1
1346  528   -1
1347  468   -1
1347  516   -1
1347  646   -1
1348  794   -1
1348  1683  -1
1347  1785  -1
1348  480   -1
1348  625   -1
1349  489   -1
1350  803   -1
1351  756   -1
1350  903   -1
1351  815   -1
1351  1690  -1
1352  521   -1
1354  1709  -1
1354  599   -1
1354  1767  -1
1355  524   -1
1356  723   -1
1356  826   -1
1356  751   -1
1358  1663  -1
1356  1661  -1
1357  779   -1
1357  809   -1
1359  590   -1
1359  657   -1
1361  701   -1
1364  521   -1
1364  1681  -1
1366  1683  -1
1366  784   -1
1368  1776  -1
1368  1853  -1
1370  709   -1
1370  1334  -1
1371  1719  -1
1370  1732  -1
1372  932   -1
1373  528   -1
1375  1677  -1
1376  516   -1
1379  515   -1
1378  751   -1
1379  1746  -1
1383  1791  -1
1380  498   -1
1381  1850  -1
1381  519   -1
1382  1660  -1
1383  496   -1
1382  653   -1
1382  1742  -1
1384  1327  -1
1385  637   -1
1386  899   -1
1386  1722  -1
1388  823   -1
1388  503   -1
1388  650   -1
1390  612   -1
1390  754   -1
1389  927   -1
1389  1304  -1
1389  1328  -1
1392  784   -1
1392  765   -1
1393  940   -1
1393  1702  -1
1394  1660  -1
1395  621   -1
1395  805   -1
1395  811   -1
1397  1733  -1
1396  1787  -1
1402  1833  -1
1402  1830  -1
1399  783   -1
1400  923   -1
1399  1768  -1
1403  1668  -1
1405  1714  -1
1406  528   -1
1406  801   -1
1407  1306  -1
1407  640   -1
1410  1715  -1
1412  616   -1
1414  583   -1
1413  1696  -1
1414  562   -1
1416  506   -1
1417  540   -1
1417  917   -1
1418  828   -1
1419  1795  -1
1419  1792  -1
1419  1823  -1
1421  794   -1
1420  1832  -1
1421  1689  -1
1423  704   -1
1423  1694  -1
1425  577   -1
1426  1260  -1
1426  1292  -1
1427  1775  -1
1428  800   -1
1429  901   -1
1429  1719  -1
1430  556   -1
1431  803   -1
1431  1684  -1
1433  656   -1
1433  1687  -1
1434  576   -1
1434  829   -1
1435  1718  -1
1439  562   -1
1440  857   -1
1443  1783  -1
1441  939   -1
1441  1227  -1
1441  522   -1
1441  818   -1
1442  1714  -1
1444  460   -1
1444  640   -1
1444  684   -1
1445  815   -1
1450  570   -1
1449  648   -1
1451  1239  -1
1454  543   -1
1459  545   -1
1459  609   -1
1459  864   -1
1462  726   -1
1461  723   -1
1465  629   -1
1473  699   -1
1470  711   -1
1472  551   -1
1473  545   -1
1474  927   -1
1476  1760  -1
1473  1761  -1
1476  722   -1
1476  1182  -1
1479  545   -1
1477  1194  -1
1478  564   -1
1480  562   -1
1479  1202  -1
1480  1750  -1
1483  677   -1
1480  677   -1
1481  931   -1
1483  619   -1
1484  622   -1
1483  721   -1
1485  686   -1
1486  707   -1
1486  864   -1
1488  694   -1
1489  673   -1
1489  821   -1
1490  655   -1
1490  702   -1
1491  708   -1
1492  633   -1
1493  737   -1
1492  1760  -1
1494  925   -1
1494  552   -1
1495  579   -1
1499  918   -1
1499  1783  -1
1501  738   -1
1503  933   -1
1502  1726  -1
1505  892   -1
1505  1768  -1
1507  553   -1
1507  699   -1
1508  901   -1
1509  733   -1
1509  771   -1
1511  860   -1
1514  1738  -1
1512  1736  -1
1515  607   -1
1518  1696  -1
1518  1785  -1
1520  814   -1
1522  978   -1
1526  886   -1
1525  921   -1
1529  864   -1
1530  858   -1
1529  1756  -1
1530  574   -1
1531  786   -1
1532  908   -1
1532  620   -1
1533  731   -1
1534  942   -1
1534  965   -1
1535  809   -1
1536  921   -1
1538  916   -1
1539  878   -1
1541  767   -1
1547  585   -1
1547  1616  -1
1547  1676  -1
1549  594   -1
1549  822   -1
1549  1605  -1
1549  1565  -1
1549  1670  -1
1550  1639  -1
1556  521   -1
1556  932   -1
1557  641   -1
1560  926   -1
1564  615   -1
1564  1543  -1
1565  699   -1
1566  696   -1
1569  555   -1
1572  642   -1
1578  688   -1
1587  658   -1
1591  817   -1
1595  650   -1
1596  718   -1
1598  789   -1
1603  682   -1
1602  703   -1
1604  627   -1
1603  644   -1
1604  663   -1
1607  535   -1
1611  683   -1
1617  773   -1
1625  654   -1
1633  678   -1
1637  498   -1
1639  612   -1
1641  736   -1
1642  687   -1
1645  687   -1
1650  618   -1
1656  626   -1
1658  624   -1
1657  657   -1
1661  512   -1
1661  608   -1
1661  746   -1
1664  694   -1
1665  637   -1
1667  635   -1
1675  600   -1
1684  639   -1
1690  554   -1
1710  567   -1
1713  513   -1
1731  551   -1
820   1247  0
819   1247  0
1017  890   1
1021  888   1
1019  889   1
1024  1091  2
1025  1093  2
1037  1725  3
1037  1723  3
1088  825   4
1089  825   4
1140  927   5
1141  926   5
1158  630   6
1159  631   6
1161  696   7
1160  697   7
1177  702   8
1178  702   8
1233  674   9
1232  674   9
1271  1083  10
1273  1082  10
1277  696   11
1275  695   11
1280  1723  12
1279  1722  12
1307  735   13
1306  735   13
1378  533   14
1379  532   14
1399  1659  15
1401  1659  15
1427  620   16
1428  620   16
1428  513   17
1429  515   17
1529  747   18
1530  749   18
1530  747   18
319   1977  19
318   1979  19
348   2028  20
349   2026  20
347   2028  20
346   2026  20
348   2024  20
349   2027  20
517   597   21
518   598   21
517   598   21
518   599   21
517   597   21
518   599   21
517   597   21
519   600   21
515   596   21
520   599   21
515   598   21
536   575   22
540   578   22
537   575   22
538   577   22
534   577   23
535   579   23
533   578   23
593   626   24
593   626   24
598   634   25
599   635   25
633   722   26
633   721   26
660   1143  27
659   1142  27
668   1114  28
668   1114  28
689   1116  29
690   1117  29
693   911   30
693   912   30
694   987   31
693   988   31
701   1111  32
699   1111  32
711   759   33
712   759   33
711   759   33
714   760   33
710   1066  34
711   1065  34
727   890   35
727   891   35
726   890   35
727   891   35
726   890   35
729   890   35
725   891   35
724   1123  36
725   1123  36
727   968   37
728   967   37
729   1029  38
729   1030  38
729   1116  39
728   1117  39
730   1040  40
730   1040  40
735   1027  41
734   1026  41
739   1243  42
739   1243  42
743   1089  43
743   1089  43
749   1049  44
748   1050  44
751   1236  45
750   1237  45
752   1153  46
753   1154  46
753   665   47
753   665   47
758   913   48
757   913   48
760   1057  49
760   1056  49
764   631   50
764   632   50
765   1032  51
764   1032  51
770   1240  52
769   1241  52
772   944   53
772   944   53
773   883   54
772   882   54
780   1064  55
779   1065  55
786   1017  56
785   1017  56
792   975   57
793   975   57
804   1212  58
804   1213  58
808   819   59
807   819   59
807   1161  60
806   1161  60
815   999   61
816   998   61
816   1140  62
816   1140  62
823   663   63
823   661   63
834   1190  64
835   1191  64
836   1029  65
836   1030  65
845   1256  66
845   1256  66
848   942   67
847   942   67
848   1196  68
848   1195  68
853   960   69
852   960   69
854   737   70
853   736   70
859   830   71
859   830   71
864   760   72
866   762   72
864   761   72
865   1290  73
865   1289  73
869   1259  74
869   1260  74
873   763   75
872   763   75
878   747   76
878   747   76
877   747   76
878   746   76
882   949   77
883   950   77
883   868   78
884   867   78
887   750   79
887   750   79
887   751   79
887   1016  80
887   1016  80
886   1017  80
887   740   81
888   740   81
889   1301  82
890   1303  82
889   1300  82
895   1118  83
895   1119  83
905   1289  84
905   1289  84
908   960   85
909   960   85
913   1110  86
913   1109  86
914   1268  87
913   1268  87
920   1191  88
920   1192  88
923   906   89
923   908   89
924   907   89
924   1278  90
922   1277  90
924   916   91
924   915   91
928   1003  92
928   1003  92
929   1319  93
929   1318  93
931   885   94
931   884   94
931   729   95
933   729   95
933   1010  96
933   1010  96
938   878   97
938   877   97
941   942   98
941   942   98
942   911   99
942   911   99
949   1013  100
948   1014  100
948   1061  101
949   1062  101
950   1043  102
950   1042  102
955   1326  103
955   1325  103
959   918   104
959   918   104
963   1106  105
964   1106  105
964   1019  106
964   1019  106
970   937   107
971   938   107
969   1042  108
969   1042  108
971   1060  109
971   1061  109
972   1007  110
972   1006  110
972   1330  111
973   1329  111
974   1031  112
975   1030  112
976   1118  113
977   1119  113
980   937   114
979   937   114
982   1228  115
982   1228  115
982   1228  115
982   1228  115
982   1057  116
982   1058  116
986   1344  117
987   1346  117
987   1050  118
987   1050  118
994   1030  119
995   1030  119
996   561   120
995   562   120
1002  1084  121
1002  1084  121
1002  1250  122
1002  1251  122
1003  563   123
1003  563   123
1003  563   123
1003  562   123
1004  1120  124
1004  1120  124
1008  960   125
1008  960   125
1006  959   125
1006  983   126
1007  983   126
1007  1015  127
1007  1015  127
1006  1316  128
1006  1316  128
1009  1056  129
1009  1056  129
1012  1143  130
1011  1141  130
1014  523   131
1014  523   131
1016  963   132
1016  963   132
1016  1064  133
1016  1065  133
1019  1097  134
1020  1098  134
1021  992   135
1021  990   135
1022  993   135
1023  872   136
1024  873   136
1027  876   137
1028  876   137
1026  877   137
1030  529   138
1032  528   138
1029  527   138
1031  535   139
1029  535   139
1032  537   139
1029  792   140
1029  792   140
1030  804   141
1030  804   141
1030  1136  142
1030  1135  142
1032  972   143
1032  971   143
1032  973   143
1034  971   143
1033  978   144
1033  977   144
1034  1045  145
1033  1046  145
1036  561   146
1034  560   146
1036  999   147
1037  998   147
1037  1045  148
1037  1045  148
1037  1336  149
1037  1337  149
1039  917   150
1038  918   150
1040  790   151
1042  790   151
1039  790   151
1041  1718  152
1040  1720  152
1040  1730  153
1041  1732  153
1042  1078  154
1042  1078  154
1045  561   155
1047  560   155
1046  890   156
1046  889   156
1046  840   157
1048  840   157
1049  968   158
1049  968   158
1050  969   158
1052  969   158
1047  967   158
1047  1085  159
1046  1086  159
1048  1724  160
1048  1723  160
1050  796   161
1048  796   161
1053  1104  162
1053  1105  162
1052  1104  162
1050  1105  162
1053  1103  162
1050  1730  163
1051  1730  163
1052  865   164
1052  866   164
1056  1052  165
1057  1052  165
1057  908   166
1057  908   166
1056  1064  167
1056  1064  167
1058  561   168
1060  560   168
1058  869   169
1057  868   169
1059  550   170
1058  549   170
1061  550   170
1060  1108  171
1059  1107  171
1060  1159  172
1060  1160  172
1061  844   173
1060  843   173
1062  532   174
1061  533   174
1063  1089  175
1064  1089  175
1064  1097  176
1064  1097  176
1068  837   177
1068  837   177
1067  971   178
1068  972   178
1072  850   179
1071  850   179
1070  848   179
1071  1745  180
1073  1746  180
1071  1745  180
1072  555   181
1072  555   181
1072  566   182
1072  566   182
1072  1114  183
1073  1115  183
1072  1730  184
1071  1729  184
1075  1759  185
1073  1758  185
1072  956   186
1073  957   186
1074  827   187
1075  827   187
1075  1235  188
1076  1235  188
1077  1157  189
1076  1156  189
1079  840   190
1079  842   190
1083  1732  191
1081  1731  191
1086  1732  192
1087  1730  192
1082  1756  193
1082  1756  193
1087  802   194
1085  802   194
1087  948   195
1087  948   195
1087  862   196
1088  860   196
1090  933   197
1090  934   197
1090  933   197
1090  1136  198
1090  1136  198
1090  1343  199
1089  1344  199
1091  800   200
1091  799   200
1090  802   200
1092  1005  201
1091  1003  201
1092  1006  201
1092  788   202
1092  788   202
1094  787   202
1095  545   203
1095  546   203
1095  1159  204
1095  1160  204
1097  1731  205
1099  1731  205
1096  1731  205
1099  1732  205
1096  1732  205
1099  1731  205
1096  1731  205
1100  1732  205
1097  1731  205
1096  1733  205
1099  1731  205
1096  1730  205
1100  1733  205
1097  1733  205
1094  1730  205
1098  805   206
1098  805   206
1098  805   206
1098  805   206
1096  805   206
1098  805   206
1097  807   206
1096  1032  207
1096  1031  207
1095  1368  208
1096  1369  208
1097  1042  209
1097  1040  209
1099  1042  209
1098  1039  209
1098  569   210
1098  568   210
1098  840   211
1097  838   211
1097  1410  212
1098  1410  212
1100  797   213
1100  798   213
1100  797   213
1100  798   213
1100  799   213
1100  556   214
1100  556   214
1101  589   215
1101  587   215
1099  590   215
1100  586   215
1101  589   215
1100  811   216
1102  812   216
1106  893   217
1106  893   217
1106  894   217
1106  893   217
1106  894   217
1107  893   217
1106  894   217
1107  893   217
1106  893   217
1106  894   217
1107  893   217
1103  895   218
1102  895   218
1103  895   218
1102  895   218
1103  895   218
1103  896   218
1102  895   218
1104  897   218
1101  894   218
1103  898   218
1101  897   218
1100  925   219
1100  923   219
1100  966   220
1100  967   220
1100  1017  221
1099  1016  221
1099  1082  222
1100  1082  222
1102  1077  223
1101  1077  223
1105  1747  224
1107  1747  224
1104  1747  224
1107  1747  224
1105  1747  224
1104  1746  224
1107  1747  224
1104  1747  224
1107  1747  224
1103  1745  224
1105  1748  224
1105  1745  224
1107  1747  224
1103  1746  224
1105  1748  224
1103  1745  224
1107  1745  224
1107  1748  224
1107  812   225
1109  811   225
1108  1145  226
1108  1145  226
1106  1147  227
1107  1149  227
1108  1249  228
1106  1250  228
1109  1218  229
1109  1220  229
1111  840   230
1111  840   230
1111  901   231
1112  902   231
1113  589   232
1112  589   232
1113  589   232
1112  769   233
1112  769   233
1114  950   234
1114  951   234
1114  1016  235
1114  1015  235
1114  1018  235
1114  594   236
1116  594   236
1115  969   237
1114  969   237
1116  966   238
1117  965   238
1117  1031  239
1117  1031  239
1117  1406  240
1116  1407  240
1119  845   241
1121  845   241
1118  845   241
1122  860   242
1122  860   242
1121  860   242
1122  860   242
1121  860   242
1122  861   242
1118  860   243
1118  860   243
1118  860   243
1119  856   244
1119  856   244
1118  856   244
1119  854   244
1117  875   245
1118  876   245
1117  1108  246
1117  1109  246
1118  1734  247
1119  1734  247
1118  557   248
1118  557   248
1120  565   249
1119  562   249
1119  564   249
1118  560   249
1119  566   249
1119  1430  250
1119  1430  250
1119  1751  251
1120  1752  251
1124  909   252
1124  909   252
1124  909   252
1124  910   252
1124  909   252
1124  910   252
1124  909   252
1124  910   252
1122  910   252
1125  909   252
1122  910   252
1124  909   252
1124  910   252
1121  909   252
1125  909   252
1122  910   252
1124  907   252
1126  908   252
1123  905   252
1121  909   252
1121  1239  253
1121  1240  253
1126  900   254
1125  899   254
1126  982   255
1125  983   255
1128  926   256
1130  925   256
1128  925   256
1127  788   257
1127  788   257
1127  787   257
1127  811   258
1127  813   258
1127  1063  259
1128  1063  259
1129  842   260
1128  843   260
1131  1015  261
1131  1015  261
1132  1226  262
1131  1226  262
1134  824   263
1134  823   263
1134  711   264
1134  711   264
1135  939   265
1135  939   265
1135  971   266
1135  971   266
1136  1005  267
1137  1005  267
1139  783   268
1139  783   268
1139  783   268
1139  783   268
1140  783   268
1139  783   268
1140  783   268
1139  783   268
1140  783   268
1139  782   268
1140  783   268
1139  782   268
1140  783   268
1138  1117  269
1138  1117  269
1138  1783  270
1138  1782  270
1140  1782  270
1140  829   271
1140  830   271
1139  1021  272
1139  1021  272
1142  653   273
1140  654   273
1143  652   273
1140  933   274
1141  932   274
1146  1053  275
1146  1051  275
1143  1054  276
1143  1052  276
1146  801   277
1147  800   277
1146  801   277
1148  801   277
1148  798   277
1146  802   277
1149  800   277
1147  800   277
1146  560   278
1146  560   278
1146  559   278
1148  614   279
1147  613   279
1149  638   280
1148  638   280
1150  639   280
1148  768   281
1148  766   281
1149  767   281
1149  724   282
1149  724   282
1150  644   283
1150  644   283
1152  929   284
1150  929   284
1152  943   285
1152  943   285
1152  948   286
1152  948   286
1151  969   287
1152  970   287
1153  885   288
1152  884   288
1154  861   289
1153  862   289
1155  935   290
1155  934   290
1156  732   291
1155  733   291
1156  926   292
1156  927   292
1157  596   293
1156  596   293
1158  1008  294
1158  1009  294
1158  1008  294
1158  1009  294
1158  639   295
1158  638   295
1159  730   296
1161  730   296
1160  1789  297
1159  1790  297
1162  832   298
1160  831   298
1162  923   299
1161  921   299
1162  929   300
1163  929   300
1163  1357  301
1163  1358  301
1163  1357  301
1161  1357  301
1164  1357  301
1164  733   302
1163  733   302
1164  944   303
1164  944   303
1164  1053  304
1164  1054  304
1168  639   305
1169  640   305
1168  639   305
1170  641   305
1170  639   305
1169  641   305
1168  638   305
1167  640   305
1170  642   305
1166  643   305
1170  639   305
1167  638   305
1168  643   305
1170  643   305
1168  641   305
1168  619   306
1167  619   306
1167  1041  307
1168  1043  307
1168  731   308
1168  730   308
1171  1000  309
1171  1000  309
1171  647   310
1171  648   310
1171  656   311
1172  657   311
1172  805   312
1171  805   312
1172  938   313
1171  938   313
1175  694   314
1175  694   314
1173  928   315
1173  929   315
1174  586   316
1174  587   316
1173  826   317
1174  828   317
1173  1749  318
1174  1748  318
1176  820   319
1174  820   319
1177  1057  320
1177  1057  320
1177  759   321
1177  758   321
1181  938   322
1179  939   322
1182  937   322
1178  1112  323
1179  1112  323
1180  709   324
1179  707   324
1182  1377  325
1182  1379  325
1185  667   326
1188  665   326
1187  666   326
1186  1793  327
1187  1794  327
1186  935   328
1186  935   328
1187  1038  329
1187  1038  329
1187  817   330
1188  819   330
1188  946   331
1187  947   331
1190  1799  332
1191  1797  332
1190  1801  332
1192  1796  332
1191  761   333
1190  762   333
1192  941   334
1191  940   334
1193  949   335
1194  951   335
1191  949   335
1193  1009  336
1193  1009  336
1192  607   337
1192  607   337
1192  1346  338
1193  1346  338
1192  810   339
1194  809   339
1194  732   340
1194  732   340
1197  733   341
1199  733   341
1195  800   342
1196  801   342
1196  783   343
1196  783   343
1196  655   344
1197  657   344
1200  743   345
1200  744   345
1203  711   346
1202  713   346
1204  968   347
1204  968   347
1204  968   347
1204  968   347
1204  968   347
1204  968   347
1204  968   347
1204  968   347
1203  967   347
1204  968   347
1203  967   347
1204  969   347
1202  969   347
1206  968   347
1204  822   348
1203  821   348
1207  767   349
1207  766   349
1207  767   349
1207  830   350
1208  830   350
1207  830   350
1210  1636  351
1210  1636  351
1210  1636  351
1210  1636  351
1210  1636  351
1208  1636  351
1210  1636  351
1208  1636  351
1210  1636  351
1208  1635  351
1208  1637  351
1209  1634  351
1211  1637  351
1206  1634  351
1211  1633  351
1210  1639  351
1207  1638  351
1210  1004  352
1209  1005  352
1211  763   353
1212  763   353
1213  769   354
1213  768   354
1213  770   354
1215  956   355
1216  956   355
1215  726   356
1217  726   356
1215  974   357
1215  974   357
1214  972   357
1216  972   357
1216  666   358
1215  666   358
1217  788   359
1216  787   359
1217  707   360
1217  707   360
1221  736   361
1221  736   361
1221  735   361
1222  735   361
1221  736   361
1220  736   361
1223  735   361
1221  735   361
1220  737   361
1221  955   362
1220  957   362
1220  1015  363
1219  1015  363
1224  499   364
1225  501   364
1225  700   365
1225  702   365
1226  1689  366
1226  1691  366
1227  1767  367
1225  1766  367
1228  812   368
1228  812   368
1229  992   369
1229  992   369
1231  1041  370
1233  1040  370
1231  1042  370
1232  836   371
1233  837   371
1233  757   372
1233  756   372
1237  1687  373
1238  1686  373
1238  669   374
1237  670   374
1239  1177  375
1239  1177  375
1239  1178  375
1238  1177  375
1240  1178  375
1241  690   376
1240  691   376
1241  690   376
1240  691   376
1242  693   377
1243  693   377
1241  1008  378
1240  1007  378
1242  740   379
1243  739   379
1241  739   379
1245  634   380
1245  634   380
1245  1054  381
1244  1055  381
1247  783   382
1246  784   382
1246  1119  383
1246  1117  383
1247  717   384
1247  717   384
1247  1017  385
1248  1015  385
1250  1016  385
1246  1042  386
1247  1042  386
1248  647   387
1248  648   387
1250  1677  388
1250  1678  388
1251  1679  388
1253  691   389
1255  690   389
1253  1669  390
1255  1669  390
1252  1667  390
1254  766   391
1253  767   391
1259  1718  392
1259  1718  392
1259  1719  392
1260  1718  392
1258  1719  392
1258  1717  392
1258  1041  393
1257  1039  393
1261  697   394
1260  698   394
1262  738   395
1262  739   395
1262  738   395
1263  739   395
1262  738   395
1263  739   395
1262  739   395
1263  738   395
1263  737   395
1262  739   395
1261  824   396
1261  825   396
1261  1035  397
1260  1036  397
1263  1036  397
1267  1054  398
1269  1055  398
1269  798   399
1268  800   399
1271  775   400
1271  775   400
1270  931   401
1270  931   401
1273  499   402
1274  498   402
1273  500   402
1273  498   402
1274  505   403
1273  506   403
1274  505   403
1274  507   403
1272  507   403
1273  817   404
1273  818   404
1273  1237  405
1274  1237  405
1273  1386  406
1274  1386  406
1274  680   407
1274  682   407
1274  900   408
1274  898   408
1279  717   409
1278  715   409
1281  1708  410
1282  1707  410
1283  1182  411
1283  1183  411
1284  1180  411
1284  609   412
1283  609   412
1285  674   413
1285  672   413
1285  814   414
1284  814   414
1286  1154  415
1287  1154  415
1286  1341  416
1287  1340  416
1288  648   417
1288  649   417
1287  648   417
1288  719   418
1288  719   418
1288  719   418
1288  719   418
1289  718   418
1287  805   419
1289  804   419
1288  615   420
1289  614   420
1290  690   421
1291  688   421
1296  709   422
1296  708   422
1297  709   422
1298  1837  423
1298  1838  423
1297  1837  423
1297  509   424
1298  509   424
1300  733   425
1300  732   425
1300  733   425
1299  735   425
1301  802   426
1301  802   426
1303  1820  427
1302  1821  427
1307  699   428
1307  698   428
1307  1753  429
1308  1753  429
1306  1753  429
1308  638   430
1308  639   430
1310  653   431
1312  653   431
1309  729   432
1309  729   432
1312  798   433
1311  797   433
1313  664   434
1313  662   434
1313  685   435
1315  684   435
1317  669   436
1317  670   436
1319  1805  437
1317  1805  437
1324  764   438
1323  765   438
1325  811   439
1325  811   439
1325  1802  440
1324  1801  440
1326  1320  441
1326  1320  441
1326  1711  442
1325  1713  442
1329  1821  443
1329  1822  443
1329  1821  443
1328  1821  443
1330  1822  443
1327  1821  443
1329  1824  443
1330  1819  443
1325  1822  443
1327  781   444
1328  780   444
1328  1766  445
1329  1768  445
1330  514   446
1329  516   446
1330  792   447
1331  792   447
1331  430   448
1331  428   448
1331  498   449
1331  498   449
1333  1698  450
1333  1698  450
1333  1698  450
1333  1702  451
1335  1703  451
1332  1702  451
1335  1703  451
1335  1701  451
1332  630   452
1333  629   452
1334  483   453
1333  484   453
1339  713   454
1339  712   454
1341  1743  455
1342  1745  455
1344  1745  455
1342  821   456
1342  820   456
1343  1721  457
1343  1722  457
1344  1727  458
1343  1728  458
1345  1726  458
1346  728   459
1345  729   459
1349  693   460
1350  692   460
1351  1704  461
1352  1703  461
1355  503   462
1358  502   462
1357  504   462
1364  693   463
1364  691   463
1365  1789  464
1364  1791  464
1367  1790  464
1376  527   465
1376  528   465
1377  1295  466
1376  1297  466
1378  1294  466
1377  1729  467
1379  1728  467
1380  1790  468
1380  1791  468
1384  499   469
1383  501   469
1383  817   470
1382  818   470
1386  444   471
1385  445   471
1388  1293  472
1389  1294  472
1390  1669  473
1390  1670  473
1394  700   474
1394  699   474
1395  1758  475
1395  1758  475
1396  536   476
1396  536   476
1397  1842  477
1398  1842  477
1400  1837  478
1399  1838  478
1398  1836  478
1399  1832  479
1399  1833  479
1402  1839  480
1401  1840  480
1400  1667  481
1399  1665  481
1401  1733  482
1401  1733  482
1402  822   483
1402  823   483
1402  772   484
1402  773   484
1404  815   485
1404  815   485
1407  1794  486
1408  1795  486
1406  1793  486
1408  1775  487
1408  1776  487
1410  1669  488
1409  1669  488
1415  652   489
1415  653   489
1414  765   490
1415  765   490
1418  508   491
1416  509   491
1418  510   491
1417  543   492
1416  544   492
1420  837   493
1418  836   493
1425  550   494
1425  551   494
1425  550   494
1425  551   494
1426  550   494
1425  551   494
1426  550   494
1425  551   494
1424  549   494
1424  553   494
1427  551   494
1423  550   494
1426  552   494
1427  549   494
1423  552   494
1425  550   494
1424  796   495
1423  797   495
1424  1833  496
1425  1833  496
1425  1756  497
1426  1758  497
1436  533   498
1435  534   498
1436  533   498
1435  534   498
1436  533   498
1437  532   498
1435  534   498
1437  532   498
1435  534   498
1434  535   498
1438  532   498
1437  535   498
1436  531   498
1435  533   498
1439  531   498
1434  536   498
1433  815   499
1433  815   499
1437  1774  500
1438  1775  500
1437  1774  500
1437  757   501
1438  758   501
1439  1705  502
1439  1706  502
1438  1706  502
1439  1705  502
1437  1704  502
1440  687   503
1440  687   503
1441  686   503
1441  1785  504
1440  1785  504
1441  1785  504
1440  1786  504
1446  557   505
1447  556   505
1447  840   506
1447  840   506
1451  645   507
1452  644   507
1453  821   508
1453  821   508
1456  760   509
1457  759   509
1465  1802  510
1463  1803  510
1465  1803  510
1467  745   511
1468  745   511
1471  701   512
1469  702   512
1471  701   512
1470  940   513
1470  940   513
1471  649   514
1472  650   514
1474  682   515
1474  682   515
1475  571   516
1475  572   516
1479  549   517
1479  549   517
1479  548   517
1482  627   518
1484  628   518
1483  1819  519
1483  1819  519
1484  1198  520
1485  1198  520
1490  785   521
1489  786   521
1491  869   522
1491  868   522
1493  1824  523
1491  1824  523
1493  1782  524
1492  1783  524
1495  1748  525
1494  1749  525
1500  849   526
1499  851   526
1501  593   527
1500  594   527
1501  808   528
1500  808   528
1509  872   529
1508  871   529
1521  1707  530
1521  1707  530
1521  1707  530
1522  1707  530
1521  1707  530
1522  1707  530
1521  1707  530
1522  1707  530
1522  1708  530
1521  1706  530
1522  1708  530
1521  1706  530
1522  1708  530
1524  1707  530
1519  1707  530
1526  1706  530
1524  1709  530
1521  1706  530
1521  731   531
1520  733   531
1522  856   532
1523  854   532
1524  849   533
1525  849   533
1526  627   534
1526  627   534
1526  929   535
1526  927   535
1526  931   535
1532  1007  536
1530  1007  536
1533  1720  537
1532  1722  537
1533  583   538
1535  582   538
1537  791   539
1537  791   539
1537  791   539
1537  790   539
1537  791   539
1538  790   539
1535  792   539
1536  791   539
1540  790   539
1537  790   539
1536  793   539
1539  792   539
1545  899   540
1545  899   540
1545  900   540
1544  899   540
1544  900   540
1545  899   540
1543  900   540
1545  900   540
1545  805   541
1544  806   541
1545  882   542
1547  882   542
1545  884   542
1553  1601  543
1553  1601  543
1560  952   544
1560  952   544
1562  740   545
1561  741   545
1564  1601  546
1563  1600  546
1586  710   547
1584  710   547
1589  634   548
1590  632   548
1588  636   548
1590  652   549
1590  652   549
1599  618   550
1600  617   550
1600  682   551
1600  680   551
1621  652   552
1622  653   552
1667  568   553
1666  568   553
1670  698   554
1671  700   554
1678  490   555
1677  492   555
1683  592   556
1685  593   556
1687  620   557
1688  619   557
1687  620   557
1688  618   557
1686  622   557
1689  619   557
1687  620   557
1689  617   557
1686  622   557
1689  619   557
1686  620   557
1690  617   557
1688  621   557
1688  618   557
1686  623   557
1685  621   557
1686  619   557
1691  617   557
1687  622   557
1689  619   557
1684  623   557
1686  618   557
1689  617   557
1688  621   557
1691  615   557
1685  625   557
1685  620   557
1692  566   558
1691  565   558
1701  541   559
1703  539   559
1700  542   559
1703  540   559
1704  538   559
1701  541   559
1703  537   559
1699  543   559
1703  540   559
1704  543   559
1701  541   559
1703  537   559
1705  539   559
1699  543   559
1705  541   559
1700  540   559
1703  543   559
1702  539   559
1700  542   559
1704  538   559
1703  541   559
1701  538   559
1705  543   559
1700  544   559
1705  536   559
1703  545   559
1705  540   559
1707  537   559
1703  537   559
1699  541   559