# Filename: CLN3-561nm_416_bidi_001.tif
# Puncta radius (pixels): (1.3888888888888888, 1.3888888888888888)
# Puncta radius (nm): (150, 150)
# Cluster threshold (nm): 300
# Min puncta per cluster: 2
# Voxel size (nm): (108, 108)
Y     X     NUM_PUNCTA    CLUSTER_ID
44    651   2             0
85    725   2             1
239   693   2             2
308   762   2             3
403   1111  2             4
513   877   2             5
682   1114  3             6
887   622   2             7
1130  738   2             8
1417  1113  2             9
1524  1199  2             10
1536  1245  2             11
1645  587   2             12
1646  577   2             13
1727  1296  3             14
1745  1344  2             15
1916  1437  2             16
8     685   45            17
13    767   2             18
18    722   4             19
25    601   2             20
35    836   3             21
44    808   4             22
60    722   2             23
126   826   2             24
128   823   3             25
150   1125  6             26
157   862   3             27
163   983   2             28
165   1140  2             29
166   642   2             30
204   607   2             31
206   1075  4             32
210   1118  3             33
217   719   2             34
217   874   2             35
226   925   2             36
233   839   2             37
235   1031  2             38
251   908   2             39
263   963   3             40
263   1026  2             41
265   925   2             42
265   1459  2             43
268   957   4             44
268   969   3             45
273   909   11            46
276   1055  2             47
278   1441  4             48
283   717   2             49
289   959   2             50
291   880   2             51
292   1379  3             52
295   1071  7             53
295   1363  4             54
301   789   2             55
304   1354  2             56
305   899   2             57
308   959   2             58
309   759   2             59
316   861   2             60
315   748   3             61
320   1088  2             62
320   1107  2             63
326   1354  2             64
330   1073  6             65
329   729   2             66
331   1120  2             67
339   733   2             68
340   1120  2             69
344   1106  3             70
347   1081  2             71
351   1190  2             72
352   730   2             73
354   1085  2             74
355   754   2             75
357   1180  2             76
363   727   2             77
365   1139  2             78
380   1180  2             79
381   1200  2             80
392   737   6             81
396   1230  3             82
396   1088  3             83
397   730   2             84
398   1073  2             85
403   1067  2             86
403   1226  3             87
407   1052  2             88
408   1076  2             89
412   1117  2             90
412   1098  2             91
414   1170  2             92
419   763   2             93
426   1081  2             94
426   1254  3             95
431   762   2             96
435   1106  2             97
438   1197  2             98
440   757   4             99
441   1332  2             100
443   743   4             101
443   1308  2             102
446   1148  2             103
447   734   2             104
451   1264  2             105
451   866   2             106
455   949   2             107
457   928   2             108
461   959   2             109
461   1310  2             110
464   858   2             111
466   790   2             112
465   1148  2             113
469   1149  2             114
466   904   2             115
467   1158  2             116
467   736   2             117
469   844   2             118
469   914   2             119
471   761   2             120
475   758   2             121
472   938   3             122
473   1146  2             123
475   956   2             124
478   911   2             125
479   939   2             126
480   1336  2             127
486   709   2             128
487   876   2             129
496   747   2             130
496   850   2             131
499   705   2             132
501   868   2             133
505   1145  2             134
511   708   2             135
511   833   2             136
513   1155  2             137
513   1185  2             138
519   1165  2             139
523   712   5             140
526   1331  2             141
540   685   2             142
544   1340  2             143
549   933   2             144
544   1193  2             145
548   728   5             146
570   722   2             147
576   716   7             148
553   729   3             149
559   727   2             150
574   725   2             151
549   1179  3             152
553   703   5             153
549   705   2             154
550   1321  2             155
553   1188  3             156
571   679   10            157
571   1330  2             158
579   1342  2             159
586   971   2             160
596   718   2             161
592   717   2             162
590   1336  2             163
600   705   10            164
599   1028  2             165
603   1334  2             166
605   1017  2             167
613   1344  2             168
620   1033  2             169
626   1062  2             170
626   1359  2             171
630   1039  2             172
633   1034  2             173
633   1063  2             174
634   1336  2             175
636   1351  2             176
641   1039  3             177
649   641   2             178
650   1052  2             179
649   1081  2             180
654   1102  2             181
656   1056  2             182
658   1114  2             183
665   1072  2             184
666   1127  2             185
669   1090  3             186
672   1096  2             187
676   1129  2             188
681   663   2             189
685   1105  3             190
683   1108  2             191
688   640   4             192
696   640   2             193
690   1135  2             194
694   630   2             195
696   664   2             196
707   635   2             197
713   633   2             198
717   621   2             199
723   591   2             200
731   621   2             201
742   651   3             202
747   652   2             203
749   615   2             204
750   578   2             205
753   569   2             206
756   622   2             207
758   543   3             208
764   642   6             209
765   645   2             210
772   634   3             211
779   634   3             212
773   641   2             213
789   657   2             214
805   633   2             215
817   641   2             216
822   625   2             217
818   622   2             218
824   651   3             219
825   637   3             220
833   616   3             221
835   610   2             222
836   604   2             223
839   496   2             224
847   626   2             225
859   621   2             226
863   609   2             227
870   622   2             228
872   589   2             229
875   601   2             230
881   611   2             231
882   641   2             232
888   589   4             233
886   643   2             234
891   628   3             235
896   642   2             236
902   670   2             237
903   657   2             238
905   637   2             239
912   654   2             240
914   591   2             241
925   687   11            242
923   694   2             243
928   709   2             244
933   722   2             245
937   731   2             246
939   696   4             247
943   744   4             248
944   711   2             249
946   703   2             250
954   681   3             251
952   755   2             252
960   751   2             253
971   584   4             254
980   568   2             255
985   755   2             256
986   777   2             257
987   793   2             258
991   600   7             259
990   581   2             260
997   787   2             261
998   763   2             262
1004  811   2             263
1008  595   2             264
1021  592   3             265
1021  826   4             266
1028  610   2             267
1029  834   2             268
1035  832   2             269
1038  826   3             270
1039  815   2             271
1046  638   2             272
1046  641   2             273
1057  828   2             274
1065  847   2             275
1069  630   2             276
1070  672   3             277
1085  686   2             278
1089  904   2             279
1094  877   2             280
1096  656   2             281
1100  917   2             282
1104  691   2             283
1105  667   2             284
1115  732   2             285
1118  680   2             286
1117  722   2             287
1117  740   2             288
1118  755   2             289
1130  756   2             290
1141  780   3             291
1142  775   2             292
1146  795   3             293
1149  755   4             294
1154  777   2             295
1157  768   2             296
1164  785   3             297
1168  838   2             298
1179  855   4             299
1187  887   2             300
1196  865   2             301
1195  884   2             302
1197  830   2             303
1200  893   2             304
1204  889   2             305
1217  884   2             306
1218  896   2             307
1218  916   2             308
1228  881   2             309
1236  930   2             310
1240  956   2             311
1239  883   2             312
1240  887   2             313
1241  943   3             314
1244  941   2             315
1244  966   2             316
1250  980   2             317
1252  926   6             318
1254  928   2             319
1253  960   2             320
1257  956   3             321
1257  971   2             322
1262  961   3             323
1264  980   2             324
1265  991   4             325
1267  1000  2             326
1268  929   2             327
1273  949   3             328
1274  965   2             329
1284  1028  2             330
1288  991   2             331
1291  967   2             332
1291  1003  2             333
1291  999   2             334
1301  1040  7             335
1302  1005  2             336
1308  1052  2             337
1308  1004  2             338
1314  999   2             339
1315  1057  2             340
1320  1069  2             341
1326  1067  2             342
1336  1084  2             343
1332  1086  3             344
1333  1048  2             345
1344  1071  2             346
1350  1050  2             347
1354  1073  2             348
1358  1105  2             349
1358  1124  3             350
1361  1067  2             351
1362  1109  3             352
1366  1084  4             353
1365  1100  2             354
1374  1125  4             355
1373  1095  2             356
1372  1084  2             357
1375  1117  2             358
1376  1142  2             359
1386  1150  2             360
1388  1098  2             361
1396  1112  9             362
1397  1131  2             363
1406  1136  3             364
1412  1137  2             365
1415  1122  2             366
1421  1119  2             367
1430  1169  2             368
1432  1132  2             369
1438  1145  2             370
1442  1144  2             371
1445  1156  3             372
1449  1159  2             373
1453  1180  9             374
1458  1172  2             375
1464  1195  4             376
1465  1166  2             377
1470  1198  2             378
1470  1156  2             379
1471  1177  2             380
1481  1165  2             381
1482  1177  2             382
1485  1215  2             383
1487  1203  4             384
1502  1211  2             385
1505  1189  2             386
1509  1184  2             387
1508  1198  2             388
1516  1211  3             389
1518  1227  2             390
1528  1238  2             391
1533  1226  2             392
1534  1213  2             393
1552  1242  2             394
1577  1217  2             395
1583  1255  2             396
1595  1248  3             397
1604  1226  3             398
1606  1254  2             399
1610  1253  2             400
1621  494   3             401
1630  531   2             402
1639  507   2             403
1643  1258  2             404
1661  1233  2             405
1670  1267  2             406
1679  1232  2             407
1684  1207  2             408
1687  1264  2             409
1702  1201  18            410
1698  1214  2             411
1701  1218  2             412
1701  1282  2             413
1708  1188  2             414
1712  1281  2             415
1732  1164  19            416
1740  797   30            417
1738  1160  2             418
1747  1326  2             419
1749  1345  7             420
1752  812   2             421
1759  1126  3             422
1762  831   15            423
1765  1353  2             424
1772  1363  3             425
1775  1366  6             426
1771  1367  2             427
1778  846   19            428
1775  787   2             429
1782  774   2             430
1789  1372  2             431
1795  855   5             432
1807  860   5             433
1817  868   16            434
1834  865   5             435
1874  893   7             436
1881  1021  2             437
1897  1218  9             438
1899  1247  10            439
1904  1151  24            440
1901  1188  2             441
1903  1428  3             442
1907  1286  7             443
1909  1435  2             444
1915  1110  16            445
1918  1321  6             446
1928  1061  18            447
1929  1354  2             448
1936  994   3             449