# Filename: CLN3-561nm_416_bidi_023.tif
# Puncta radius (pixels): (1.3888888888888888, 1.3888888888888888)
# Puncta radius (nm): (150, 150)
# Cluster threshold (nm): 300
# Voxel size (nm): (108, 108)
Y     X
430   1162
447   1148
457   1155
484   1176
491   1310
496   1156
499   1152
499   1170
499   1295
501   1319
505   1313
506   1137
511   1139
518   1303
519   1264
519   1296
522   1272
523   1146
523   1162
528   1256
535   1167
536   1144
536   1246
536   1279
540   1302
541   1201
541   1214
542   1286
546   1296
549   1222
549   1246
549   1285
549   1289
553   1236
553   1298
554   1265
555   1161
556   1228
557   1142
557   1256
557   1261
558   1248
559   1271
561   1180
561   1229
561   1258
562   1308
563   1195
565   1217
565   1242
568   1177
568   1282
570   1184
571   1295
572   1288
573   1237
573   1271
576   1213
578   1293
579   1154
583   1207
585   1239
587   1256
589   1273
590   1255
594   1240
597   1279
598   1256
599   1252
604   1218
604   1267
611   1192
615   1045
616   1230
617   1234
618   1251
621   1240
623   1033
625   1046
626   1256
630   1165
632   1086
634   1198
634   1258
635   1051
635   1238
636   1162
637   1060
641   1107
641   1170
641   1278
644   1263
645   1054
645   1097
645   1272
647   1105
649   1122
650   1193
650   1254
651   1057
651   1083
652   1148
652   1165
653   1284
654   1195
655   1176
657   1122
659   1105
659   1148
661   1255
662   1274
664   1193
667   1074
667   1184
668   1166
671   1119
672   1160
672   1174
673   1135
675   797
675   1145
675   1309
676   1119
677   1186
677   1226
678   1301
682   1179
683   1130
684   1188
686   1261
688   1147
689   1255
690   1115
690   1165
691   1178
691   1295
692   1183
694   1112
694   1122
695   1103
695   1135
696   1193
696   1217
696   1300
697   1087
697   1128
697   1231
699   1082
699   1179
699   1207
700   1134
701   1153
701   1157
702   1086
702   1224
703   1167
704   1246
706   1159
709   1193
709   1303
710   1101
711   1158
711   1217
712   1322
713   1176
713   1238
714   1198
714   1294
715   1110
716   1101
716   1164
716   1309
718   1134
722   1198
723   1147
724   1307
726   1163
727   1086
727   1311
727   1328
728   1140
728   1147
729   1196
730   1126
732   1120
732   1313
732   1324
739   1147
740   1135
740   1164
740   1295
742   1082
746   1284
749   1300
751   1055
752   1065
752   1182
753   1153
754   1138
754   1177
754   1194
757   1292
757   1302
761   1101
761   1116
761   1147
763   1127
764   1046
764   1080
764   1120
764   1144
765   1071
765   1138
768   1148
768   1160
768   1319
769   1116
771   1053
771   1088
771   1138
771   1301
772   1166
773   1081
774   1184
775   1044
779   1095
780   1114
780   1138
780   1265
780   1306
782   1034
782   1173
782   1286
783   1039
783   1084
783   1088
784   1164
785   1026
787   1021
790   1157
790   1170
794   1162
795   1097
795   1282
796   1126
797   1020
797   1139
799   1151
800   1099
800   1106
800   1167
803   1045
804   1096
805   1272
807   1038
809   1147
812   1096
821   1135
823   1143
832   1129
834   1028
836   1073
839   1150
845   1024
845   1150
849   1028
849   1057
855   1117
856   1035
856   1077
856   1138
861   1111
863   1012
864   1138
866   1015
868   1101
869   1120
870   1131
871   1015
871   1109
872   996
874   1091
876   1021
877   988
877   1003
877   1120
883   1021
884   1098
884   1120
886   1102
887   986
889   1097
890   994
894   988
898   1064
899   1043
901   995
901   1088
901   1106
904   972
907   1005
907   1075
908   987
910   1058
911   1011
912   960
914   983
916   1057
917   1042
917   1101
918   1066
919   960
921   1098
921   1108
922   995
922   1016
925   563
925   954
925   967
926   1079
927   1103
929   1071
933   1071
934   1063
934   1082
936   1059
938   955
938   1092
939   1001
943   981
943   1063
945   560
947   1071
948   995
949   955
950   1085
952   992
958   990
958   1003
958   1009
961   1068
965   977
965   998
965   1070
967   1005
972   954
972   991
972   1052
974   979
983   1016
984   1030
986   1061
989   1016
989   1046
989   1055
991   999
993   989
994   1014
998   1038
999   1042
1009  989
1009  1016
1010  979
1012  959
1012  1063
1013  1048
1014  954
1015  1015
1017  1055
1018  1065
1020  998
1021  991
1023  957
1029  1001
1032  992
1033  1039
1035  978
1036  1008
1037  952
1037  1050
1038  1044
1042  976
1042  994
1043  960
1046  1022
1046  1053
1047  969
1047  1045
1053  999
1054  1009
1055  986
1057  961
1062  968
1062  974
1063  1001
1068  1013
1074  989
1076  974
1091  946
1095  981
1101  968
1107  935
1117  991
1120  927
1123  943
1124  932
1131  923
1134  956
1135  942
1148  1003
1154  982
1160  923
1164  980
1171  936
1174  928
1175  916
1181  922
1185  885
1186  917
1193  886
1193  924
1194  974
1198  969
1203  985
1211  946
1212  968
1219  878
1227  954
1228  959
1228  973
1233  926
1239  931
1240  941
1256  920
1256  949
1259  969
1266  935
1267  966
1281  941
1286  906
1286  939
1288  910
1293  923
1293  966
1298  899
1299  935
1300  894
1301  964
1309  893
1313  939
1315  896
1319  948
1337  904
1337  923
1342  882
1350  943
1359  933
1360  892
1364  944
1368  895
1374  911
1384  892
1387  924
1398  1147
1402  880
1406  936
1415  891
1415  907
1418  914
1419  897
1443  905
1466  853
1466  871
1467  893
1471  853
1471  912
1480  857
1480  904
1484  915
1491  875
1494  886
1498  909
1499  850
1505  873
1516  849
1519  903
1526  874
1528  900
1556  870
1561  882
1565  902
1574  837
1578  896
1579  857
1582  862
1582  881
1584  847
1591  904
1596  879
1597  834
1602  844
1608  867
1622  838
1628  841
1631  820
1639  837
1643  824
1648  804
1649  863
1660  870
1681  810
1682  802
1682  823
1686  848
1690  816
1691  794
1695  848
1697  833
1699  843
1702  814
1703  853
1706  838
1712  810
1714  794
1717  841
1719  800
1719  828
1729  830
1730  835
1755  818
1880  1149
1883  1159
1884  1130
1887  1133
1890  1165
1894  1154
1950  1477
1982  1444
1985  1458
1996  1420
2008  1461
2013  1437
2015  1410
2015  1431
2021  1422
2021  1445
2026  1405
2026  1433
2031  1427
2032  1442
2038  1412