# Filename: CLN3-561nm_416_bidi_012.tif
# Puncta radius (pixels): (1.3888888888888888, 1.3888888888888888)
# Puncta radius (nm): (150, 150)
# Cluster threshold (nm): 300
# Min puncta per cluster: 2
# Voxel size (nm): (108, 108)
Y     X     NUM_PUNCTA    CLUSTER_ID
254   789   2             0
504   652   2             1
569   633   4             2
676   429   2             3
783   1338  2             4
789   634   2             5
792   1316  3             6
806   636   3             7
841   587   2             8
854   407   2             9
932   817   3             10
1371  445   2             11
1458  1478  2             12
1484  1486  2             13
1522  1599  2             14
1553  1517  2             15
1555  1495  2             16
1615  1594  2             17
1674  1482  2             18
1682  274   2             19
304   1089  2             20
311   717   2             21
344   1054  2             22
347   709   2             23
407   1018  2             24
410   692   2             25
459   661   5             26
462   593   2             27
464   572   2             28
470   651   2             29
475   970   2             30
481   570   14            31
480   495   2             32
509   628   2             33
537   879   2             34
547   617   2             35
551   620   2             36
581   522   2             37
583   850   2             38
591   617   2             39
601   601   2             40
600   618   2             41
606   828   2             42
626   600   2             43
653   817   2             44
656   628   2             45
667   625   2             46
667   811   2             47
669   630   2             48
680   679   4             49
682   599   4             50
680   603   2             51
684   420   2             52
684   628   2             53
685   424   2             54
686   622   2             55
696   684   11            56
703   677   4             57
701   679   3             58
695   581   2             59
702   705   3             60
704   603   2             61
704   655   5             62
702   787   2             63
706   701   2             64
710   646   3             65
717   641   3             66
715   690   2             67
711   606   2             68
711   524   3             69
712   753   2             70
713   764   2             71
717   667   3             72
720   629   4             73
720   711   2             74
725   530   14            75
724   667   2             76
725   520   2             77
725   562   2             78
725   787   2             79
732   743   2             80
736   429   3             81
735   767   2             82
741   621   12            83
736   693   2             84
742   319   2             85
748   742   19            86
747   773   2             87
750   441   3             88
748   726   2             89
751   687   2             90
752   501   3             91
752   588   2             92
754   539   2             93
757   769   2             94
757   1434  2             95
760   1438  2             96
760   1442  2             97
762   615   2             98
763   426   2             99
763   1397  2             100
763   1425  2             101
765   1451  3             102
767   1390  2             103
765   1393  2             104
768   490   2             105
766   658   2             106
767   763   2             107
770   1403  2             108
770   591   3             109
770   769   3             110
770   1440  3             111
771   451   2             112
773   613   2             113
773   625   4             114
774   1398  2             115
774   1448  3             116
775   471   2             117
776   327   2             118
778   612   2             119
779   511   3             120
778   733   2             121
784   1359  2             122
780   1360  3             123
788   1362  2             124
785   1372  2             125
781   1373  2             126
781   1349  3             127
779   1434  2             128
781   1441  3             129
781   1447  3             130
782   758   2             131
782   1427  2             132
782   1378  2             133
784   754   3             134
789   1344  3             135
786   1340  2             136
784   1397  2             137
786   666   2             138
789   1449  3             139
787   638   3             140
788   1413  3             141
788   459   2             142
790   1348  2             143
794   1331  7             144
794   1327  3             145
791   1457  2             146
794   608   13            147
798   454   2             148
797   576   2             149
798   1297  2             150
802   1294  2             151
806   1295  2             152
801   1400  5             153
799   555   2             154
802   372   2             155
802   610   2             156
801   1302  3             157
802   1377  2             158
803   1439  2             159
802   1478  2             160
806   1313  5             161
806   375   2             162
806   510   2             163
808   1351  9             164
812   1350  2             165
811   1356  2             166
808   619   2             167
809   628   2             168
808   749   2             169
809   723   2             170
809   1307  2             171
810   1322  4             172
812   1298  6             173
815   1303  2             174
812   1444  3             175
814   1450  2             176
813   1485  2             177
815   449   2             178
816   1359  2             179
817   445   2             180
820   1334  2             181
819   1398  2             182
817   1390  2             183
820   1378  2             184
821   619   2             185
821   1346  2             186
821   525   2             187
823   552   2             188
824   1354  2             189
826   582   2             190
827   1336  2             191
828   1392  2             192
829   1462  2             193
831   1336  3             194
833   1356  8             195
837   1392  4             196
833   1400  3             197
840   1390  2             198
834   1394  2             199
832   1387  2             200
840   741   2             201
840   656   2             202
841   1361  2             203
844   1371  8             204
849   1369  2             205
845   1379  2             206
846   746   2             207
846   603   2             208
848   704   2             209
849   380   4             210
850   1357  5             211
848   1362  2             212
848   1385  2             213
849   440   2             214
849   1351  2             215
852   568   2             216
855   625   3             217
856   618   4             218
860   736   2             219
864   791   2             220
861   1431  2             221
863   806   2             222
864   799   2             223
870   386   2             224
868   648   2             225
872   646   2             226
873   582   2             227
875   677   2             228
876   424   2             229
878   562   2             230
878   734   2             231
878   818   2             232
880   1409  3             233
884   617   2             234
886   836   2             235
887   372   2             236
891   511   6             237
889   612   2             238
893   387   2             239
895   551   3             240
896   576   2             241
897   736   2             242
906   491   2             243
907   758   2             244
912   605   2             245
912   530   2             246
916   591   2             247
920   609   2             248
920   1374  2             249
923   593   2             250
926   405   2             251
926   576   2             252
928   387   2             253
931   598   2             254
932   668   2             255
937   753   6             256
939   545   3             257
938   576   2             258
942   584   2             259
945   529   5             260
944   490   2             261
948   801   2             262
948   823   2             263
950   485   2             264
949   494   2             265
952   430   2             266
952   463   2             267
962   406   2             268
963   518   2             269
966   575   2             270
968   580   3             271
968   653   3             272
972   817   3             273
979   653   2             274
979   779   2             275
979   784   2             276
986   756   2             277
991   621   3             278
993   438   2             279
992   441   2             280
993   635   2             281
998   524   2             282
1000  622   2             283
1002  591   2             284
1003  485   2             285
1013  537   2             286
1015  612   2             287
1014  636   2             288
1022  788   2             289
1028  793   2             290
1034  588   2             291
1035  606   2             292
1036  615   2             293
1038  426   2             294
1040  614   2             295
1048  505   2             296
1047  576   2             297
1056  768   2             298
1057  753   3             299
1061  757   2             300
1065  594   2             301
1074  504   4             302
1074  778   2             303
1084  762   2             304
1087  752   2             305
1087  563   2             306
1089  513   2             307
1096  724   2             308
1109  707   3             309
1111  719   2             310
1112  731   2             311
1114  668   2             312
1117  666   2             313
1116  733   2             314
1117  679   2             315
1123  661   2             316
1127  673   2             317
1129  514   3             318
1137  552   2             319
1136  686   2             320
1142  673   2             321
1147  701   2             322
1148  647   2             323
1150  501   2             324
1153  576   4             325
1152  687   2             326
1157  626   2             327
1161  668   3             328
1165  857   3             329
1168  564   3             330
1169  396   2             331
1168  553   2             332
1173  618   2             333
1175  585   2             334
1182  630   3             335
1181  499   2             336
1183  656   2             337
1191  594   2             338
1207  359   2             339
1209  571   2             340
1214  591   2             341
1219  606   2             342
1231  386   5             343
1233  371   2             344
1242  382   2             345
1246  568   3             346
1268  362   3             347
1283  398   2             348
1282  661   2             349
1297  372   2             350
1304  386   2             351
1304  405   2             352
1304  416   2             353
1324  581   2             354
1327  396   2             355
1332  435   2             356
1337  419   2             357
1357  431   2             358
1352  430   2             359
1353  415   3             360
1353  420   2             361
1354  618   2             362
1358  459   2             363
1358  503   2             364
1371  431   2             365
1375  476   3             366
1377  451   2             367
1380  472   2             368
1388  462   2             369
1392  456   2             370
1395  476   18            371
1403  490   2             372
1404  1421  3             373
1407  480   26            374
1408  1471  2             375
1415  511   4             376
1417  469   2             377
1420  1426  3             378
1428  508   5             379
1442  1457  3             380
1447  508   2             381
1452  512   3             382
1456  492   2             383
1473  506   2             384
1480  1496  2             385
1482  1523  2             386
1486  1357  2             387
1497  518   2             388
1498  513   3             389
1512  1422  2             390
1522  513   2             391
1527  1460  2             392
1530  497   2             393
1538  1384  2             394
1540  1414  3             395
1549  1439  2             396
1557  1412  2             397
1562  498   13            398
1563  1361  2             399
1561  1570  2             400
1565  1601  2             401
1576  1492  2             402
1577  1614  2             403
1578  1395  2             404
1581  1511  2             405
1593  1595  2             406
1622  505   2             407
1649  1679  2             408
1652  499   2             409
1686  1563  2             410
1698  1420  4             411
1709  1558  2             412
1759  1550  2             413
2025  122   2             414