# Filename: CLN3-561nm_416_bidi_014.tif
# Puncta radius (pixels): (1.3888888888888888, 1.3888888888888888)
# Puncta radius (nm): (150, 150)
# Cluster threshold (nm): 300
# Min puncta per cluster: 2
# Voxel size (nm): (108, 108, 200)
Y     X     CLUSTER_ID
0     302   -1
0     1577  -1
0     1592  -1
0     1622  -1
0     1636  -1
2     1597  -1
4     274   -1
4     1567  -1
5     1613  -1
7     1562  -1
7     1606  -1
7     1636  -1
9     1620  -1
9     1627  -1
11    1594  -1
12    1579  -1
13    1568  -1
13    1585  -1
13    1613  -1
13    1625  -1
15    277   -1
15    1573  -1
16    1594  -1
17    1606  -1
19    278   -1
20    1625  -1
21    299   -1
23    1558  -1
23    1563  -1
25    285   -1
26    302   -1
27    310   -1
30    292   -1
30    302   -1
32    1559  -1
34    314   -1
34    1587  -1
34    1637  -1
34    1659  -1
37    289   -1
37    300   -1
37    1605  -1
38    1623  -1
38    1640  -1
40    281   -1
41    306   -1
41    1660  -1
43    1634  -1
44    310   -1
44    1583  -1
44    1620  -1
46    299   -1
46    1612  -1
46    1648  -1
47    292   -1
47    1566  -1
47    1575  -1
47    1594  -1
47    1603  -1
52    1621  -1
52    1658  -1
53    309   -1
54    275   -1
54    1588  -1
55    298   -1
55    1663  -1
56    269   -1
56    287   -1
57    1584  -1
60    286   -1
62    1608  -1
63    233   -1
63    298   -1
63    1637  -1
64    278   -1
64    306   -1
65    1655  -1
67    255   -1
68    1615  -1
69    250   -1
69    308   -1
71    289   -1
73    275   -1
73    301   -1
74    1155  -1
75    234   -1
76    288   -1
78    214   -1
78    295   -1
80    275   -1
80    303   -1
82    240   -1
84    223   -1
86    288   -1
88    281   -1
90    304   -1
92    420   -1
93    277   -1
95    229   -1
95    290   -1
95    425   -1
98    303   -1
102   275   -1
103   296   -1
103   447   -1
105   301   -1
105   1007  -1
106   175   -1
109   444   -1
111   213   -1
113   300   -1
114   461   -1
116   268   -1
117   187   -1
118   284   -1
118   296   -1
119   267   -1
119   275   -1
120   177   -1
120   200   -1
122   307   -1
122   1795  -1
123   297   -1
124   181   -1
124   271   -1
125   304   -1
126   206   -1
126   1754  -1
126   1763  -1
127   286   -1
127   294   -1
127   1758  -1
130   172   -1
130   260   -1
131   516   -1
133   279   -1
134   174   -1
135   475   -1
136   232   -1
137   184   -1
137   286   -1
137   299   -1
137   461   -1
139   251   -1
140   198   -1
140   259   -1
140   1789  -1
141   218   -1
143   302   -1
144   205   -1
144   525   -1
145   193   -1
145   258   -1
145   1754  -1
146   211   -1
146   291   -1
148   303   -1
149   265   -1
149   272   -1
149   294   -1
149   356   -1
149   484   -1
149   490   -1
150   181   -1
151   203   -1
151   301   -1
153   177   -1
153   259   -1
153   297   -1
154   254   -1
154   524   -1
154   1755  -1
155   268   -1
156   212   -1
156   236   -1
156   517   -1
157   174   -1
157   264   -1
157   485   -1
158   165   -1
158   229   -1
158   273   -1
158   474   -1
159   289   -1
160   493   -1
160   504   -1
162   257   -1
162   359   -1
162   521   -1
163   323   -1
164   267   -1
164   281   -1
164   481   -1
165   189   -1
165   230   -1
165   505   -1
167   252   -1
168   302   -1
169   232   -1
170   164   -1
170   515   -1
171   272   -1
171   288   -1
176   175   -1
176   311   -1
177   186   -1
177   320   -1
177   339   -1
178   508   -1
178   1476  -1
179   219   -1
180   261   -1
180   265   -1
181   302   -1
181   520   -1
182   357   -1
183   1544  -1
184   272   -1
184   1523  -1
186   305   -1
186   352   -1
186   496   -1
187   1515  -1
188   248   -1
189   188   -1
189   251   -1
189   310   -1
192   283   -1
193   303   -1
194   243   -1
194   260   -1
194   1482  -1
196   299   -1
196   362   -1
196   1543  -1
197   179   -1
197   252   -1
198   281   -1
200   246   -1
200   290   -1
200   351   -1
202   266   -1
204   244   -1
205   361   -1
205   530   -1
208   252   -1
209   1503  -1
211   254   -1
211   573   -1
211   1520  -1
212   176   -1
213   230   -1
214   195   -1
214   260   -1
214   353   -1
216   536   -1
218   247   -1
218   558   -1
219   575   -1
222   541   -1
225   237   -1
225   548   -1
226   556   -1
227   185   -1
229   254   -1
230   248   -1
230   262   -1
230   567   -1
230   586   -1
232   561   -1
233   1089  -1
235   589   -1
236   256   -1
237   557   -1
239   1108  -1
240   240   -1
240   358   -1
241   185   -1
241   265   -1
242   597   -1
244   983   -1
245   244   -1
248   234   -1
248   262   -1
249   1083  -1
251   187   -1
252   255   -1
253   582   -1
255   1107  -1
256   594   -1
258   255   -1
260   267   -1
261   583   -1
263   273   -1
264   247   -1
266   1077  -1
267   228   -1
267   630   -1
268   270   -1
269   202   -1
270   276   -1
270   343   -1
270   606   -1
271   1103  -1
272   236   -1
275   244   -1
275   273   -1
276   211   -1
277   624   -1
278   230   -1
279   190   -1
280   1205  -1
281   218   -1
282   272   -1
283   237   -1
283   1716  -1
284   197   -1
284   223   -1
285   218   -1
285   1712  -1
286   246   -1
286   621   -1
286   1732  -1
287   1727  -1
288   281   -1
288   1721  -1
289   256   -1
290   231   -1
290   240   -1
290   1743  -1
291   244   -1
291   263   -1
291   1708  -1
292   283   -1
292   1226  -1
294   618   -1
295   279   -1
295   633   -1
295   1332  -1
296   260   -1
296   1717  -1
297   206   -1
299   249   -1
299   272   -1
300   232   -1
302   661   -1
302   1645  -1
303   622   -1
303   1729  -1
304   631   -1
304   647   -1
304   1676  -1
304   1717  -1
305   189   -1
305   1696  -1
305   1706  -1
307   213   -1
307   221   -1
308   235   -1
308   626   -1
308   1630  -1
309   648   -1
310   227   -1
310   267   -1
310   1613  -1
310   1626  -1
310   1711  -1
311   276   -1
312   231   -1
312   655   -1
312   1597  -1
312   1692  -1
313   1632  -1
313   1638  -1
314   206   -1
314   626   -1
314   1349  -1
314   1704  -1
315   268   -1
315   661   -1
316   192   -1
316   289   -1
317   647   -1
318   285   -1
318   1603  -1
318   1646  -1
320   209   -1
321   158   -1
323   1660  -1
324   1595  -1
324   1634  -1
325   150   -1
325   209   -1
325   630   -1
325   683   -1
326   159   -1
327   172   -1
328   180   -1
329   1618  -1
330   1628  -1
330   1635  -1
331   658   -1
333   167   -1
333   179   -1
333   673   -1
334   185   -1
334   1579  -1
335   1635  -1
336   199   -1
336   1619  -1
338   691   -1
338   1594  -1
339   664   -1
339   676   -1
340   188   -1
340   650   -1
342   1578  -1
343   170   -1
343   183   -1
345   1564  -1
346   682   -1
346   687   -1
347   677   -1
348   160   -1
348   1602  -1
349   197   -1
351   185   -1
351   1258  -1
351   1595  -1
352   158   -1
352   710   -1
355   171   -1
357   199   -1
357   672   -1
358   699   -1
359   189   -1
359   708   -1
365   1552  -1
365   1584  -1
366   165   -1
366   681   -1
367   727   -1
370   718   -1
370   1237  -1
372   1582  -1
374   1574  -1
375   748   -1
376   167   -1
379   1234  -1
379   1265  -1
379   1564  -1
380   160   -1
380   1193  -1
380   1245  -1
383   177   -1
384   1313  -1
385   759   -1
386   1216  -1
388   163   -1
388   739   -1
388   1237  -1
389   1571  -1
391   174   -1
391   719   -1
392   1559  -1
393   155   -1
403   158   -1
403   751   -1
405   167   -1
405   1560  -1
406   744   -1
407   182   -1
407   1535  -1
407   1574  -1
409   1187  -1
410   173   -1
410   1521  -1
411   165   -1
413   1341  -1
413   1577  -1
414   190   -1
414   1280  -1
414   1553  -1
414   1567  -1
416   747   -1
417   188   -1
417   1289  -1
418   163   -1
418   728   -1
419   173   -1
420   1221  -1
421   746   -1
421   1292  -1
422   770   -1
423   1260  -1
423   1320  -1
423   1330  -1
423   1507  -1
424   159   -1
424   1280  -1
424   1295  -1
425   697   -1
425   1573  -1
426   1334  -1
427   734   -1
427   1277  -1
428   172   -1
429   1320  -1
429   1369  -1
431   732   -1
431   1230  -1
431   1286  -1
431   1497  -1
432   163   -1
432   1291  -1
433   1377  -1
434   1210  -1
434   1221  -1
435   168   -1
435   788   -1
435   1255  -1
435   1279  -1
435   1555  -1
437   1394  -1
438   721   -1
438   1335  -1
439   1166  -1
439   1247  -1
439   1251  -1
439   1257  -1
439   1281  -1
439   1365  -1
440   1189  -1
440   1231  -1
441   740   -1
441   764   -1
441   1128  -1
441   1272  -1
442   1125  -1
442   1298  -1
442   1373  -1
443   748   -1
443   1108  -1
443   1236  -1
443   1240  -1
443   1254  -1
444   1226  -1
444   1269  -1
444   1277  -1
444   1293  -1
445   1026  -1
445   1122  -1
445   1140  -1
445   1164  -1
445   1182  -1
445   1189  -1
445   1263  -1
446   1003  -1
446   1017  -1
446   1149  -1
446   1215  -1
446   1383  -1
448   1012  -1
448   1229  -1
449   1023  -1
449   1207  -1
449   1243  -1
449   1375  -1
449   1420  -1
450   1136  -1
450   1146  -1
450   1238  -1
450   1272  -1
451   1070  -1
451   1086  -1
451   1109  -1
451   1152  -1
451   1176  -1
451   1298  -1
452   1162  -1
452   1424  -1
453   1008  -1
453   1118  -1
453   1126  -1
453   1373  -1
453   1494  -1
454   1063  -1
454   1398  -1
455   1132  -1
455   1204  -1
455   1209  -1
455   1422  -1
456   1018  -1
456   1104  -1
456   1108  -1
456   1253  -1
456   1259  -1
456   1563  -1
457   843   -1
457   1035  -1
457   1040  -1
457   1189  -1
457   1288  -1
457   1297  -1
457   1382  -1
458   665   -1
458   808   -1
458   1123  -1
460   1067  -1
460   1173  -1
460   1294  -1
461   1070  -1
461   1131  -1
461   1300  -1
461   1394  -1
462   812   -1
462   1052  -1
462   1120  -1
462   1225  -1
462   1330  -1
463   783   -1
463   1420  -1
464   621   -1
464   1090  -1
464   1184  -1
465   1059  -1
465   1130  -1
465   1179  -1
466   1145  -1
467   1044  -1
467   1063  -1
467   1067  -1
467   1151  -1
467   1191  -1
468   679   -1
468   1048  -1
468   1106  -1
468   1121  -1
468   1186  -1
468   1224  -1
468   1290  -1
469   644   -1
469   661   -1
469   718   -1
469   771   -1
469   1028  -1
469   1437  -1
470   653   -1
470   1173  -1
470   1178  -1
470   1213  -1
470   1408  -1
471   752   -1
471   1164  -1
472   868   -1
472   1067  -1
472   1121  -1
472   1255  -1
472   1271  -1
473   1045  -1
473   1131  -1
473   1297  -1
473   1419  -1
473   1432  -1
474   628   -1
474   863   -1
474   1173  -1
474   1191  -1
475   879   -1
475   1027  -1
475   1074  -1
475   1082  -1
475   1126  -1
475   1410  -1
476   1149  -1
476   1185  -1
476   1273  -1
476   1286  -1
477   1042  -1
477   1056  -1
477   1242  -1
478   1168  -1
479   686   -1
479   842   -1
479   1235  -1
479   1249  -1
479   1269  -1
479   1294  -1
479   1488  -1
480   738   -1
480   1083  -1
480   1153  -1
480   1197  -1
480   1440  -1
481   637   -1
481   670   -1
481   772   -1
481   1221  -1
481   1245  -1
481   1433  -1
482   661   -1
482   677   -1
482   1497  -1
483   642   -1
483   1143  -1
483   1277  -1
484   699   -1
484   1193  -1
485   892   -1
485   1118  -1
486   955   -1
487   698   -1
487   1043  -1
487   1438  -1
488   615   -1
488   1074  -1
488   1077  -1
488   1106  -1
488   1133  -1
488   1166  -1
488   1203  -1
488   1559  -1
489   629   -1
489   753   -1
489   1062  -1
489   1068  -1
489   1120  -1
489   1255  -1
489   1268  -1
489   1286  -1
490   607   -1
490   938   -1
490   1261  -1
491   641   -1
491   1156  -1
491   1225  -1
491   1307  -1
491   1500  -1
492   680   -1
492   693   -1
492   946   -1
492   1275  -1
492   1310  -1
492   1419  -1
493   1082  -1
494   707   -1
494   1296  -1
495   1292  -1
495   1436  -1
495   1522  -1
495   1540  -1
496   890   -1
496   1058  -1
496   1127  -1
496   1470  -1
497   703   -1
497   868   -1
497   1062  -1
497   1097  -1
497   1141  -1
497   1288  -1
497   1419  -1
498   856   -1
498   882   -1
498   1170  -1
498   1476  -1
499   620   -1
499   644   -1
499   660   -1
499   681   -1
499   763   -1
499   878   -1
499   1053  -1
499   1058  -1
499   1076  -1
500   1291  -1
500   1428  -1
501   1107  -1
501   1120  -1
502   651   -1
502   888   -1
502   1091  -1
502   1557  -1
503   1066  -1
503   1241  -1
503   1321  -1
504   850   -1
504   1073  -1
504   1117  -1
504   1305  -1
505   654   -1
505   1058  -1
505   1176  -1
505   1445  -1
506   1205  -1
506   1339  -1
506   1420  -1
506   1522  -1
506   1596  -1
507   1254  -1
507   1511  -1
508   863   -1
508   875   -1
508   1327  -1
509   748   -1
509   1056  -1
510   930   -1
510   1043  -1
510   1421  -1
510   1526  -1
511   1052  -1
511   1065  -1
511   1170  -1
511   1177  -1
511   1182  -1
511   1305  -1
511   1441  -1
512   757   -1
512   1084  -1
513   747   -1
513   769   -1
513   1095  -1
513   1339  -1
513   1426  -1
514   853   -1
514   1331  -1
514   1523  -1
514   1567  -1
515   1057  -1
515   1137  -1
515   1334  -1
516   1075  -1
516   1172  -1
516   1213  -1
516   1314  -1
516   1418  -1
516   1459  -1
516   1516  -1
517   1079  -1
517   1127  -1
517   1223  -1
518   680   -1
518   1108  -1
518   1438  -1
519   1050  -1
519   1453  -1
520   654   -1
520   683   -1
520   1091  -1
520   1256  -1
520   1423  -1
520   1547  -1
521   1151  -1
522   1075  -1
522   1084  -1
522   1185  -1
523   1053  -1
523   1068  -1
524   669   -1
524   714   -1
524   885   -1
524   1045  -1
524   1417  -1
525   1137  -1
525   1428  -1
525   1449  -1
525   1459  -1
525   1530  -1
525   1538  -1
526   1129  -1
526   1151  -1
526   1155  -1
527   1070  -1
527   1329  -1
529   1207  -1
529   1219  -1
529   1224  -1
529   1423  -1
530   1073  -1
530   1081  -1
530   1127  -1
530   1143  -1
531   1522  -1
532   660   -1
532   703   -1
532   906   -1
533   1054  -1
533   1059  -1
533   1129  -1
533   1340  -1
534   1142  -1
534   1428  -1
536   1044  -1
536   1494  -1
537   1512  -1
538   1059  -1
538   1186  -1
538   1206  -1
539   1064  -1
539   1326  -1
539   1506  -1
540   1054  -1
540   1098  -1
541   1440  -1
542   1344  -1
542   1359  -1
543   1444  -1
543   1481  -1
544   904   -1
544   1082  -1
544   1218  -1
544   1424  -1
544   1470  -1
545   720   -1
545   1058  -1
545   1435  -1
546   907   -1
546   959   -1
546   1108  -1
547   730   -1
547   1209  -1
547   1479  -1
549   1142  -1
549   1228  -1
549   1345  -1
549   1403  -1
549   1450  -1
550   1083  -1
550   1098  -1
550   1443  -1
551   650   -1
551   1044  -1
551   1123  -1
551   1432  -1
552   917   -1
552   1132  -1
553   1393  -1
553   1436  -1
553   1503  -1
554   1472  -1
555   1207  -1
555   1340  -1
555   1460  -1
556   913   -1
557   1101  -1
557   1491  -1
558   1051  -1
558   1091  -1
558   1204  -1
558   1467  -1
559   1222  -1
560   1218  -1
561   650   -1
562   1084  -1
562   1375  -1
562   1382  -1
562   1479  -1
563   1055  -1
564   749   -1
564   1455  -1
565   675   -1
565   827   -1
565   969   -1
566   1029  -1
566   1465  -1
567   1056  -1
567   1470  -1
568   1201  -1
568   1368  -1
569   1089  -1
569   1500  -1
570   980   -1
570   1005  -1
570   1463  -1
571   1363  -1
571   1378  -1
571   1486  -1
572   986   -1
573   822   -1
575   948   -1
575   1025  -1
576   982   -1
576   1356  -1
577   1445  -1
577   1489  -1
578   1392  -1
578   1420  -1
578   1429  -1
579   1370  -1
580   1095  -1
581   973   -1
581   1083  -1
582   1022  -1
582   1207  -1
582   1463  -1
583   1034  -1
584   821   -1
584   998   -1
584   1087  -1
585   1465  -1
586   961   -1
586   1378  -1
587   1368  -1
589   1060  -1
589   1091  -1
590   973   -1
590   1101  -1
591   1227  -1
592   1012  -1
593   932   -1
593   968   -1
593   995   -1
594   1016  -1
594   1211  -1
595   1031  -1
597   1077  -1
597   1101  -1
598   903   -1
598   1092  -1
599   934   -1
599   968   -1
599   1388  -1
601   1174  -1
604   822   -1
604   1067  -1
607   661   -1
607   675   -1
608   949   -1
609   847   -1
612   1208  -1
614   1065  -1
616   908   -1
616   1397  -1
623   1443  -1
625   1159  -1
625   1556  -1
631   1433  -1
633   935   -1
633   1455  -1
643   938   -1
644   1089  -1
645   923   -1
646   1463  -1
647   655   -1
648   1081  -1
648   1100  -1
652   663   -1
652   943   -1
658   1091  -1
660   913   -1
663   1069  -1
664   1078  -1
667   903   -1
668   1078  -1
668   1087  -1
672   1095  -1
675   919   -1
675   1087  -1
676   954   -1
678   961   -1
679   895   -1
680   1107  -1
683   851   -1
687   1091  -1
687   1100  -1
691   922   -1
692   1093  -1
695   1018  -1
695   1091  -1
697   997   -1
699   957   -1
702   903   -1
702   1010  -1
704   855   -1
705   924   -1
705   1111  -1
707   873   -1
707   885   -1
708   350   -1
708   1091  -1
710   1086  -1
711   347   -1
711   1148  -1
712   1065  -1
712   1134  -1
713   359   -1
715   870   -1
715   1008  -1
715   1080  -1
716   366   -1
717   820   -1
718   355   -1
718   856   -1
718   1139  -1
719   360   -1
719   1075  -1
719   1097  -1
720   1013  -1
721   1060  -1
722   1044  -1
723   829   -1
723   838   -1
725   878   -1
726   382   -1
727   1035  -1
728   845   -1
731   378   -1
733   1037  -1
735   872   -1
736   1064  -1
738   1103  -1
739   808   -1
739   1059  -1
740   1054  -1
741   894   -1
742   361   -1
743   1143  -1
744   1042  -1
747   712   -1
747   1101  -1
751   1094  -1
751   1100  -1
753   374   -1
756   385   -1
761   390   -1
762   379   -1
763   789   -1
768   798   -1
771   803   -1
776   898   -1
779   1143  -1
780   436   -1
781   410   -1
781   714   -1
786   432   -1
788   986   -1
788   1115  -1
789   441   -1
792   430   -1
792   482   -1
792   735   -1
794   439   -1
795   435   -1
795   1040  -1
797   420   -1
797   438   -1
798   452   -1
800   896   -1
801   481   -1
801   736   -1
802   443   -1
804   452   -1
805   412   -1
805   432   -1
805   717   -1
806   1024  -1
806   1049  -1
807   420   -1
807   1055  -1
808   476   -1
810   1018  -1
812   446   -1
814   1027  -1
817   516   -1
817   708   -1
817   1020  -1
817   1026  -1
817   1056  -1
819   470   -1
819   496   -1
819   723   -1
819   1046  -1
820   424   -1
820   446   -1
820   478   -1
820   1062  -1
820   1103  -1
821   435   -1
821   1027  -1
822   527   -1
822   1031  -1
823   451   -1
824   460   -1
824   499   -1
824   523   -1
824   679   -1
825   439   -1
825   814   -1
826   1041  -1
826   1054  -1
826   1064  -1
827   427   -1
828   352   -1
828   512   -1
828   1022  -1
829   393   -1
830   360   -1
830   421   -1
830   1054  -1
831   499   -1
832   526   -1
832   1067  -1
833   539   -1
833   1025  -1
834   474   -1
834   533   -1
835   923   -1
839   1066  -1
840   493   -1
840   517   -1
841   354   -1
842   370   -1
843   497   -1
843   533   -1
844   341   -1
845   336   -1
845   513   -1
847   501   -1
847   669   -1
847   840   -1
849   497   -1
849   856   -1
850   355   -1
850   530   -1
853   316   -1
853   336   -1
853   840   -1
854   535   -1
854   608   -1
856   323   -1
856   494   -1
856   591   -1
857   367   -1
858   576   -1
858   579   -1
859   649   -1
860   725   -1
861   717   -1
862   524   -1
864   636   -1
865   309   -1
865   331   -1
866   285   -1
867   323   -1
868   602   -1
868   823   -1
869   318   -1
869   345   -1
870   593   -1
870   1184  -1
871   266   -1
871   1162  -1
872   738   -1
873   290   -1
873   618   -1
873   846   -1
874   842   -1
875   276   -1
875   284   -1
875   514   -1
876   308   -1
877   272   -1
877   304   -1
877   313   -1
878   248   -1
878   280   -1
878   595   -1
879   286   -1
879   572   -1
880   518   -1
881   300   -1
882   273   -1
882   321   -1
882   832   -1
884   45    -1
884   239   -1
884   295   -1
885   56    -1
886   50    -1
886   259   -1
886   594   -1
887   67    -1
887   277   -1
887   313   -1
888   272   -1
890   75    -1
890   96    -1
890   231   -1
890   251   -1
891   52    -1
891   91    -1
891   256   -1
891   307   -1
892   42    -1
892   248   -1
893   63    -1
893   1175  -1
894   81    -1
897   103   -1
897   110   -1
897   252   -1
897   262   -1
897   721   -1
898   201   -1
898   280   -1
899   40    -1
899   57    -1
899   86    -1
899   92    -1
899   155   -1
899   221   -1
899   575   -1
899   750   -1
900   65    -1
901   47    -1
902   50    -1
902   161   -1
902   165   -1
902   242   -1
902   247   -1
902   266   -1
903   186   -1
904   99    -1
904   107   -1
904   113   -1
905   127   -1
905   223   -1
906   132   -1
906   163   -1
906   745   -1
907   78    -1
907   109   -1
907   137   -1
907   189   -1
907   203   -1
907   228   -1
907   574   -1
908   74    -1
908   83    -1
908   584   -1
908   822   -1
909   92    -1
909   102   -1
909   211   -1
909   220   -1
910   50    -1
910   57    -1
910   158   -1
910   226   -1
910   589   -1
910   603   -1
910   967   -1
911   161   -1
912   96    -1
913   72    -1
913   88    -1
913   128   -1
913   182   -1
913   948   -1
914   105   -1
914   111   -1
914   140   -1
914   189   -1
914   208   -1
914   1180  -1
915   121   -1
915   163   -1
915   231   -1
915   606   -1
916   81    -1
916   102   -1
916   167   -1
916   730   -1
917   938   -1
919   91    -1
919   97    -1
919   214   -1
920   135   -1
920   151   -1
920   158   -1
920   196   -1
921   107   -1
921   110   -1
921   166   -1
921   611   -1
922   584   -1
923   147   -1
924   157   -1
925   115   -1
925   164   -1
926   755   -1
927   153   -1
927   586   -1
928   181   -1
930   188   -1
930   832   -1
932   592   -1
932   842   -1
932   951   -1
934   1210  -1
935   599   -1
937   950   -1
937   960   -1
938   936   -1
939   649   -1
944   576   -1
948   728   -1
956   582   -1
960   674   -1
960   718   -1
962   584   -1
963   569   -1
963   580   -1
964   819   -1
965   572   -1
966   589   -1
969   945   -1
969   1208  -1
971   661   -1
978   661   -1
985   1198  -1
986   701   -1
988   576   -1
990   687   -1
994   802   -1
996   1211  -1
1002  582   -1
1003  570   -1
1012  399   -1
1013  1362  -1
1014  985   -1
1016  559   -1
1019  1216  -1
1019  1307  -1
1020  2032  -1
1021  974   -1
1022  1345  -1
1022  1378  -1
1025  407   -1
1025  1331  -1
1027  2023  -1
1029  1340  -1
1031  423   -1
1031  1296  -1
1033  971   -1
1033  1317  -1
1034  1282  -1
1036  1318  -1
1037  1401  -1
1039  1999  -1
1040  1393  -1
1041  429   -1
1041  1389  -1
1043  777   -1
1043  1001  -1
1043  1332  -1
1044  980   -1
1044  1227  -1
1045  1252  -1
1045  1311  -1
1045  1390  -1
1046  1327  -1
1047  2007  -1
1048  2031  -1
1050  1394  -1
1051  1375  -1
1052  1383  -1
1053  996   -1
1053  1245  -1
1053  1299  -1
1054  424   -1
1055  1255  -1
1056  1219  -1
1058  2017  -1
1059  980   -1
1059  1979  -1
1060  770   -1
1060  1386  -1
1061  1209  -1
1061  1242  -1
1061  1391  -1
1063  1197  -1
1063  1220  -1
1063  1385  -1
1063  1988  -1
1067  1198  -1
1068  1412  -1
1068  1981  -1
1069  432   -1
1069  765   -1
1073  996   -1
1073  1242  -1
1074  1218  -1
1074  1226  -1
1075  432   -1
1075  575   -1
1075  1024  -1
1077  1253  -1
1078  1405  -1
1079  426   -1
1079  436   -1
1080  1122  -1
1082  1206  -1
1083  1115  -1
1083  1220  -1
1084  1234  -1
1085  545   -1
1085  1110  -1
1085  1405  -1
1086  1068  -1
1087  435   -1
1087  552   -1
1087  1078  -1
1087  1144  -1
1088  1713  -1
1089  1218  -1
1090  1147  -1
1091  1063  -1
1091  1390  -1
1091  1401  -1
1092  417   -1
1093  1417  -1
1094  1144  -1
1094  1389  -1
1095  1030  -1
1095  1421  -1
1095  1726  -1
1097  410   -1
1100  1093  -1
1100  1118  -1
1100  1395  -1
1102  532   -1
1102  1036  -1
1102  1131  -1
1102  1398  -1
1105  1093  -1
1108  1420  -1
1110  782   -1
1111  1037  -1
1112  1424  -1
1114  549   -1
1115  446   -1
1116  1400  -1
1118  421   -1
1118  433   -1
1119  456   -1
1120  546   -1
1122  533   -1
1123  438   -1
1123  541   -1
1126  1398  -1
1127  536   -1
1128  546   -1
1129  552   -1
1130  528   -1
1132  533   -1
1139  757   -1
1141  1403  -1
1142  444   -1
1151  587   -1
1151  1419  -1
1153  526   -1
1154  541   -1
1155  533   -1
1158  1407  -1
1161  1416  -1
1161  1659  -1
1162  536   -1
1163  970   -1
1164  593   -1
1166  1409  -1
1168  540   -1
1170  1420  -1
1172  1405  -1
1175  1409  -1
1176  523   -1
1178  1396  -1
1179  533   -1
1179  1668  -1
1183  1408  -1
1185  985   -1
1187  1405  -1
1188  1398  -1
1188  1678  -1
1190  1411  -1
1190  1428  -1
1194  519   -1
1197  1406  -1
1201  1423  -1
1205  980   -1
1205  1403  -1
1208  1408  -1
1212  952   -1
1212  1409  -1
1214  1405  -1
1218  427   -1
1219  434   -1
1221  1414  -1
1228  1408  -1
1229  1394  -1
1231  456   -1
1233  1403  -1
1236  1425  -1
1242  1410  -1
1248  1697  -1
1249  946   -1
1251  1406  -1
1253  953   -1
1253  1411  -1
1254  442   -1
1261  1406  -1
1261  1414  -1
1265  945   -1
1265  1419  -1
1268  930   -1
1271  1386  -1
1271  1416  -1
1272  1391  -1
1273  1406  -1
1274  424   -1
1274  1401  -1
1277  428   -1
1279  1405  -1
1280  1388  -1
1284  1403  -1
1285  917   -1
1290  922   -1
1290  1409  -1
1290  1416  -1
1296  1404  -1
1297  618   -1
1300  920   -1
1300  1410  -1
1306  1414  -1
1308  1400  -1
1309  1391  -1
1312  1402  -1
1313  411   -1
1315  1392  -1
1318  1404  -1
1320  623   -1
1320  929   -1
1320  1974  -1
1321  1411  -1
1323  1990  -1
1325  1393  -1
1327  1403  -1
1329  1984  -1
1330  907   -1
1330  1385  -1
1333  438   -1
1334  1391  -1
1337  925   -1
1338  1402  -1
1339  1386  -1
1340  419   -1
1344  2037  -1
1345  1983  -1
1346  1976  -1
1347  1392  -1
1350  934   -1
1351  1957  -1
1351  1964  -1
1353  1392  -1
1358  1377  -1
1359  1957  -1
1359  1961  -1
1359  1984  -1
1361  406   -1
1361  1399  -1
1364  1390  -1
1365  767   -1
1365  1399  -1
1365  1940  -1
1366  758   -1
1366  1404  -1
1367  1376  -1
1367  2032  -1
1369  1935  -1
1370  739   -1
1370  1388  -1
1372  1940  -1
1373  1976  -1
1373  2036  -1
1374  1928  -1
1374  2007  -1
1375  782   -1
1375  1378  -1
1376  768   -1
1377  922   -1
1379  2005  -1
1380  1395  -1
1380  1925  -1
1380  1934  -1
1380  1981  -1
1380  2009  -1
1381  779   -1
1382  1974  -1
1383  936   -1
1384  1389  -1
1384  1968  -1
1385  942   -1
1385  1370  -1
1386  914   -1
1388  704   -1
1388  1393  -1
1389  753   -1
1391  1400  -1
1392  2005  -1
1393  1386  -1
1394  923   -1
1394  1397  -1
1395  1379  -1
1396  2008  -1
1397  1385  -1
1398  1388  -1
1398  1954  -1
1399  2013  -1
1400  1907  -1
1403  731   -1
1403  742   -1
1403  1393  -1
1404  749   -1
1405  944   -1
1406  928   -1
1407  1938  -1
1408  1942  -1
1409  716   -1
1409  722   -1
1409  770   -1
1410  752   -1
1410  1910  -1
1412  709   -1
1414  739   -1
1416  1368  -1
1419  765   -1
1419  777   -1
1420  1380  -1
1420  1894  -1
1421  791   -1
1422  1386  -1
1423  693   -1
1423  702   -1
1423  738   -1
1423  1371  -1
1424  768   -1
1424  1393  -1
1424  1902  -1
1426  1384  -1
1428  782   -1
1429  703   -1
1429  1364  -1
1429  1906  -1
1431  791   -1
1432  766   -1
1432  934   -1
1432  1900  -1
1433  1358  -1
1434  1885  -1
1435  1908  -1
1436  774   -1
1438  796   -1
1438  1365  -1
1439  1894  -1
1440  800   -1
1443  694   -1
1444  781   -1
1445  673   -1
1445  700   -1
1445  756   -1
1446  760   -1
1446  1354  -1
1446  1871  -1
1446  1907  -1
1448  1389  -1
1449  766   -1
1449  1917  -1
1450  804   -1
1451  693   -1
1451  783   -1
1452  698   -1
1452  797   -1
1453  1359  -1
1454  746   -1
1454  790   -1
1454  801   -1
1454  929   -1
1455  1868  -1
1455  1873  -1
1457  790   -1
1457  806   -1
1458  676   -1
1458  1361  -1
1458  1914  -1
1460  768   -1
1460  798   -1
1461  667   -1
1461  791   -1
1462  1162  -1
1464  642   -1
1464  809   -1
1464  1359  -1
1464  1860  -1
1464  1909  -1
1465  660   -1
1466  616   -1
1466  647   -1
1466  1351  -1
1466  1867  -1
1466  1875  -1
1467  814   -1
1467  1370  -1
1468  1380  -1
1469  665   -1
1469  749   -1
1469  1361  -1
1471  616   -1
1472  577   -1
1472  664   -1
1472  767   -1
1472  783   -1
1472  822   -1
1472  1909  -1
1473  611   -1
1473  641   -1
1473  658   -1
1473  1157  -1
1473  1176  -1
1474  949   -1
1475  944   -1
1476  1896  -1
1477  759   -1
1478  604   -1
1478  672   -1
1478  807   -1
1478  1370  -1
1479  766   -1
1479  827   -1
1480  593   -1
1480  618   -1
1480  664   -1
1480  787   -1
1480  813   -1
1481  774   -1
1482  766   -1
1482  1911  -1
1483  1351  -1
1483  1372  -1
1484  1380  -1
1484  1874  -1
1485  794   -1
1485  805   -1
1485  1857  -1
1486  687   -1
1487  1358  -1
1487  1847  -1
1488  1867  -1
1489  667   -1
1489  777   -1
1489  1185  -1
1490  1362  -1
1490  1367  -1
1491  680   -1
1491  784   -1
1491  795   -1
1492  773   -1
1492  1843  -1
1493  686   -1
1493  800   -1
1494  764   -1
1495  770   -1
1495  789   -1
1495  1176  -1
1495  1356  -1
1495  1364  -1
1496  783   -1
1496  1150  -1
1497  648   -1
1497  755   -1
1497  1182  -1
1498  832   -1
1498  1977  -1
1499  763   -1
1499  1359  -1
1499  1380  -1
1499  1905  -1
1501  757   -1
1501  809   -1
1502  774   -1
1503  1169  -1
1503  1969  -1
1504  817   -1
1504  1900  -1
1505  660   -1
1505  1879  -1
1507  671   -1
1507  771   -1
1507  1969  -1
1508  849   -1
1508  1170  -1
1508  1363  -1
1509  679   -1
1509  779   -1
1509  1355  -1
1510  785   -1
1510  831   -1
1510  1351  -1
1511  772   -1
1511  1190  -1
1511  1871  -1
1511  1997  -1
1512  1977  -1
1512  1985  -1
1513  1162  -1
1513  1181  -1
1514  1993  -1
1515  759   -1
1515  793   -1
1515  812   -1
1516  1853  -1
1516  1873  -1
1517  2008  -1
1518  775   -1
1518  1368  -1
1519  762   -1
1519  782   -1
1519  2017  -1
1520  1994  -1
1521  797   -1
1521  835   -1
1522  2011  -1
1523  1161  -1
1523  1360  -1
1523  1846  -1
1523  1983  -1
1524  766   -1
1524  1164  -1
1524  1894  -1
1525  860   -1
1525  1170  -1
1525  1355  -1
1526  1987  -1
1526  2026  -1
1527  759   -1
1527  797   -1
1527  836   -1
1528  774   -1
1528  1368  -1
1529  790   -1
1529  1377  -1
1530  1171  -1
1530  1364  -1
1532  843   -1
1532  2010  -1
1533  799   -1
1533  2027  -1
1533  2044  -1
1534  761   -1
1535  592   -1
1535  774   -1
1535  1992  -1
1536  667   -1
1536  794   -1
1536  800   -1
1536  1171  -1
1537  682   -1
1537  808   -1
1537  1218  -1
1539  678   -1
1539  779   -1
1539  797   -1
1539  2017  -1
1539  2024  -1
1540  761   -1
1540  1358  -1
1540  1876  -1
1541  805   -1
1541  1883  -1
1541  2032  -1
1542  859   -1
1542  1350  -1
1542  2007  -1
1543  1180  -1
1544  770   -1
1544  848   -1
1544  854   -1
1545  667   -1
1545  1880  -1
1546  773   -1
1546  792   -1
1546  1186  -1
1546  2032  -1
1547  1867  -1
1547  2017  -1
1548  655   -1
1548  1345  -1
1548  2039  -1
1550  1192  -1
1550  1364  -1
1551  791   -1
1551  2035  -1
1552  671   -1
1552  2025  -1
1553  676   -1
1553  769   -1
1554  685   -1
1554  864   -1
1554  872   -1
1554  1207  -1
1554  2043  -1
1555  785   -1
1556  779   -1
1556  798   -1
1556  1855  -1
1557  1195  -1
1558  656   -1
1558  2047  -1
1559  664   -1
1560  672   -1
1560  790   -1
1561  1344  -1
1562  795   -1
1562  896   -1
1564  889   -1
1565  660   -1
1565  1223  -1
1567  673   -1
1567  818   -1
1567  1849  -1
1568  679   -1
1568  810   -1
1568  1322  -1
1569  795   -1
1569  1235  -1
1571  874   -1
1571  1170  -1
1571  1174  -1
1571  1229  -1
1571  1338  -1
1572  776   -1
1573  807   -1
1573  886   -1
1573  1866  -1
1574  683   -1
1574  791   -1
1575  1176  -1
1576  679   -1
1576  785   -1
1576  1863  -1
1577  817   -1
1577  1168  -1
1577  1202  -1
1577  1335  -1
1577  1857  -1
1578  687   -1
1578  1181  -1
1578  1330  -1
1579  671   -1
1579  683   -1
1579  792   -1
1579  805   -1
1580  784   -1
1580  1321  -1
1581  1103  -1
1581  1124  -1
1581  1161  -1
1581  1863  -1
1582  1143  -1
1582  1146  -1
1582  1195  -1
1582  1219  -1
1583  683   -1
1584  1129  -1
1584  1180  -1
1584  1854  -1
1585  1339  -1
1586  789   -1
1586  1105  -1
1587  777   -1
1587  1192  -1
1588  1132  -1
1588  1322  -1
1589  1300  -1
1590  1178  -1
1591  789   -1
1591  1158  -1
1591  1185  -1
1591  1201  -1
1592  663   -1
1592  826   -1
1592  1311  -1
1593  683   -1
1593  915   -1
1593  1228  -1
1594  1319  -1
1595  978   -1
1595  1862  -1
1596  679   -1
1596  694   -1
1596  907   -1
1596  1174  -1
1597  571   -1
1597  670   -1
1597  1118  -1
1599  1136  -1
1600  885   -1
1600  1112  -1
1600  1169  -1
1600  1211  -1
1600  1323  -1
1601  174   -1
1601  182   -1
1601  1270  -1
1602  665   -1
1602  915   -1
1602  1308  -1
1603  1137  -1
1603  1159  -1
1603  1189  -1
1603  1203  -1
1603  1836  -1
1604  165   -1
1604  821   -1
1604  903   -1
1604  966   -1
1605  160   -1
1605  176   -1
1605  672   -1
1606  825   -1
1606  1271  -1
1607  138   -1
1607  172   -1
1607  667   -1
1607  929   -1
1607  1307  -1
1607  1863  -1
1608  185   -1
1608  1260  -1
1609  698   -1
1609  1249  -1
1609  1278  -1
1610  1217  -1
1610  1228  -1
1610  1842  -1
1611  166   -1
1611  814   -1
1611  914   -1
1611  1124  -1
1611  1135  -1
1611  1294  -1
1612  684   -1
1612  1175  -1
1612  1189  -1
1612  1280  -1
1613  1202  -1
1613  1270  -1
1614  669   -1
1614  678   -1
1614  931   -1
1615  128   -1
1615  192   -1
1616  160   -1
1616  183   -1
1616  1155  -1
1616  1293  -1
1617  145   -1
1617  687   -1
1617  1251  -1
1618  122   -1
1618  187   -1
1619  201   -1
1619  934   -1
1620  167   -1
1620  1151  -1
1621  146   -1
1621  176   -1
1621  680   -1
1621  1246  -1
1622  133   -1
1622  156   -1
1622  557   -1
1622  689   -1
1623  196   -1
1624  190   -1
1624  1145  -1
1624  1230  -1
1624  1845  -1
1625  1180  -1
1625  1209  -1
1626  137   -1
1627  166   -1
1627  186   -1
1627  575   -1
1627  1222  -1
1627  1232  -1
1627  1836  -1
1628  130   -1
1628  146   -1
1628  193   -1
1628  696   -1
1628  1240  -1
1628  1263  -1
1629  108   -1
1629  153   -1
1629  176   -1
1629  201   -1
1629  553   -1
1629  564   -1
1629  915   -1
1630  699   -1
1631  1145  -1
1632  942   -1
1633  103   -1
1633  211   -1
1634  1207  -1
1635  697   -1
1636  198   -1
1636  1166  -1
1637  129   -1
1637  947   -1
1637  981   -1
1638  210   -1
1638  1142  -1
1639  192   -1
1639  1163  -1
1639  1869  -1
1640  134   -1
1640  685   -1
1640  1154  -1
1640  1226  -1
1641  1148  -1
1641  1247  -1
1642  91    -1
1642  102   -1
1642  142   -1
1642  953   -1
1643  947   -1
1645  97    -1
1646  104   -1
1646  124   -1
1647  142   -1
1647  208   -1
1647  213   -1
1648  1055  -1
1648  1658  -1
1649  80    -1
1649  113   -1
1649  1142  -1
1650  105   -1
1650  681   -1
1650  689   -1
1650  940   -1
1650  1002  -1
1651  122   -1
1652  195   -1
1653  203   -1
1655  81    -1
1655  119   -1
1655  198   -1
1655  1148  -1
1655  1155  -1
1656  186   -1
1656  684   -1
1657  100   -1
1657  213   -1
1657  1090  -1
1657  1165  -1
1657  1857  -1
1658  68    -1
1658  964   -1
1659  974   -1
1660  114   -1
1660  214   -1
1660  688   -1
1660  702   -1
1661  61    -1
1661  79    -1
1661  88    -1
1661  200   -1
1661  206   -1
1661  1098  -1
1662  72    -1
1662  683   -1
1662  1682  -1
1662  1875  -1
1663  689   -1
1664  186   -1
1664  695   -1
1664  1146  -1
1665  100   -1
1665  963   -1
1666  190   -1
1666  211   -1
1666  682   -1
1667  202   -1
1667  217   -1
1667  686   -1
1667  1048  -1
1667  1878  -1
1668  1843  -1
1669  70    -1
1669  88    -1
1669  1224  -1
1670  45    -1
1670  1192  -1
1671  57    -1
1671  699   -1
1671  709   -1
1672  678   -1
1672  1848  -1
1673  193   -1
1673  209   -1
1673  1672  -1
1673  1857  -1
1673  1880  -1
1674  1664  -1
1675  684   -1
1676  696   -1
1677  44    -1
1677  198   -1
1678  216   -1
1678  1879  -1
1679  28    -1
1679  195   -1
1679  209   -1
1680  31    -1
1680  87    -1
1680  999   -1
1680  1868  -1
1681  534   -1
1681  691   -1
1683  64    -1
1682  684   -1
1683  47    -1
1683  212   -1
1683  559   -1
1684  192   -1
1685  200   -1
1685  1865  -1
1686  180   -1
1687  681   -1
1687  691   -1
1688  1006  -1
1689  207   -1
1690  701   -1
1691  49    -1
1691  180   -1
1691  195   -1
1691  686   -1
1691  975   -1
1692  40    -1
1692  201   -1
1692  708   -1
1692  1676  -1
1693  190   -1
1696  213   -1
1696  1141  -1
1696  1675  -1
1697  685   -1
1697  696   -1
1697  702   -1
1698  708   -1
1698  993   -1
1699  690   -1
1699  1008  -1
1700  41    -1
1700  1712  -1
1702  20    -1
1702  31    -1
1702  179   -1
1702  1683  -1
1703  193   -1
1703  204   -1
1703  1139  -1
1704  2     -1
1704  1147  -1
1704  1708  -1
1705  26    -1
1705  711   -1
1707  689   -1
1707  1069  -1
1708  9     -1
1708  683   -1
1708  1022  -1
1709  184   -1
1709  981   -1
1709  1028  -1
1710  179   -1
1711  193   -1
1711  200   -1
1712  1068  -1
1714  0     -1
1714  203   -1
1714  534   -1
1714  1712  -1
1714  1723  -1
1714  1889  -1
1715  26    -1
1715  992   -1
1715  1078  -1
1716  187   -1
1716  194   -1
1716  686   -1
1716  1032  -1
1718  180   -1
1718  1007  -1
1719  1693  -1
1719  1878  -1
1720  17    -1
1720  991   -1
1720  1874  -1
1721  707   -1
1722  21    -1
1722  31    -1
1722  202   -1
1723  209   -1
1723  711   -1
1723  1882  -1
1724  1020  -1
1724  1690  -1
1724  1871  -1
1725  174   -1
1726  199   -1
1727  545   -1
1728  0     -1
1728  688   -1
1728  1054  -1
1728  1726  -1
1729  1887  -1
1730  208   -1
1731  184   -1
1731  195   -1
1731  1705  -1
1732  23    -1
1732  203   -1
1732  711   -1
1732  1047  -1
1733  1008  -1
1733  1063  -1
1733  1883  -1
1734  192   -1
1735  178   -1
1735  1722  -1
1736  686   -1
1736  690   -1
1736  702   -1
1736  1730  -1
1737  1027  -1
1737  1874  -1
1737  1886  -1
1738  698   -1
1739  201   -1
1739  709   -1
1741  176   -1
1741  203   -1
1741  1736  -1
1742  695   -1
1742  1712  -1
1742  1866  -1
1743  707   -1
1743  713   -1
1743  1721  -1
1744  1729  -1
1744  1738  -1
1745  684   -1
1745  699   -1
1747  688   -1
1747  1886  -1
1748  194   -1
1748  717   -1
1749  0     -1
1751  178   -1
1752  184   -1
1752  714   -1
1752  1847  -1
1752  1872  -1
1754  694   -1
1756  197   -1
1756  1017  -1
1756  1731  -1
1757  537   -1
1759  176   -1
1759  1735  -1
1759  1847  -1
1760  182   -1
1762  188   -1
1762  1872  -1
1764  1023  -1
1767  695   -1
1768  180   -1
1769  176   -1
1769  186   -1
1770  711   -1
1772  1751  -1
1772  1854  -1
1774  698   -1
1775  193   -1
1775  1864  -1
1776  171   -1
1777  1779  -1
1777  1844  -1
1778  196   -1
1778  1757  -1
1779  182   -1
1779  1746  -1
1779  1772  -1
1781  163   -1
1781  713   -1
1781  1032  -1
1781  1828  -1
1782  524   -1
1784  170   -1
1784  195   -1
1786  166   -1
1786  190   -1
1786  1777  -1
1786  1801  -1
1787  180   -1
1787  1037  -1
1788  1832  -1
1789  184   -1
1789  693   -1
1790  160   -1
1790  1844  -1
1791  707   -1
1792  179   -1
1793  170   -1
1793  1759  -1
1794  1787  -1
1796  191   -1
1796  1041  -1
1796  1779  -1
1797  164   -1
1797  705   -1
1798  1031  -1
1799  1791  -1
1799  1800  -1
1800  168   -1
1800  1841  -1
1802  694   -1
1805  509   -1
1805  708   -1
1806  169   -1
1806  174   -1
1806  1788  -1
1807  160   -1
1807  1016  -1
1809  1784  -1
1809  1822  -1
1810  180   -1
1810  1031  -1
1810  1802  -1
1812  163   -1
1812  175   -1
1812  702   -1
1814  1019  -1
1814  1024  -1
1816  174   -1
1816  1029  -1
1820  159   -1
1820  171   -1
1820  700   -1
1821  167   -1
1823  1025  -1
1824  153   -1
1826  173   -1
1826  1024  -1
1827  160   -1
1827  1016  -1
1828  169   -1
1829  1013  -1
1831  147   -1
1832  168   -1
1833  1010  -1
1835  1015  -1
1836  153   -1
1836  161   -1
1838  147   -1
1838  510   -1
1839  506   -1
1840  166   -1
1841  173   -1
1844  157   -1
1844  996   -1
1844  1010  -1
1844  1020  -1
1846  493   -1
1848  149   -1
1849  163   -1
1851  1030  -1
1852  168   -1
1853  522   -1
1854  147   -1
1855  157   -1
1856  140   -1
1856  1006  -1
1859  167   -1
1859  1013  -1
1859  1026  -1
1860  150   -1
1860  160   -1
1864  167   -1
1864  1010  -1
1866  137   -1
1866  1018  -1
1874  140   -1
1874  158   -1
1875  999   -1
1877  167   -1
1877  1021  -1
1881  158   -1
1882  506   -1
1884  1012  -1
1888  1008  -1
1892  145   -1
1894  163   -1
1895  1004  -1
1897  1014  -1
1898  132   -1
1899  152   -1
1902  159   -1
1903  142   -1
1904  129   -1
1907  995   -1
1908  1005  -1
1910  978   -1
1911  135   -1
1913  992   -1
1915  140   -1
1916  146   -1
1919  984   -1
1920  134   -1
1921  988   -1
1922  141   -1
1922  1804  -1
1924  132   -1
1925  153   -1
1925  961   -1
1925  978   -1
1927  989   -1
1928  993   -1
1929  981   -1
1932  126   -1
1932  147   -1
1933  983   -1
1941  122   -1
1941  990   -1
1943  136   -1
1944  144   -1
1944  151   -1
1945  126   -1
1949  140   -1
1953  968   -1
1954  145   -1
1955  980   -1
1956  135   -1
1956  962   -1
1958  121   -1
1958  141   -1
1962  138   -1
1962  993   -1
1963  131   -1
1963  976   -1
1966  124   -1
1967  127   -1
1970  969   -1
1972  981   -1
1975  958   -1
1977  1791  -1
1985  985   -1
1989  974   -1
1991  466   -1
1993  952   -1
1994  946   -1
1995  486   -1
1996  977   -1
1998  950   -1
1998  959   -1
1999  456   -1
2003  963   -1
2007  962   -1
2008  938   -1
2012  949   -1
2013  943   -1
2014  932   -1
2017  949   -1
2018  964   -1
2020  957   -1
2024  938   -1
2025  452   -1
2029  929   -1
2034  937   -1
2037  922   -1
2038  941   -1
2047  922   -1
2047  936   -1
84    1008  -1
109   275   -1
177   249   -1
205   1475  -1
227   1056  -1
238   348   -1
275   1725  -1
296   1727  -1
300   224   -1
316   635   -1
319   640   -1
327   643   -1
338   697   -1
348   1253  -1
357   665   -1
361   668   -1
361   1334  -1
370   1220  -1
370   1312  -1
371   1318  -1
373   695   -1
375   735   -1
374   1191  -1
375   709   -1
377   751   -1
385   1208  -1
387   1337  -1
389   1225  -1
393   758   -1
396   1237  -1
397   1571  -1
400   756   -1
399   1254  -1
402   742   -1
403   714   -1
408   755   -1
408   766   -1
408   1205  -1
422   760   -1
423   1549  -1
425   1347  -1
429   749   -1
429   1239  -1
431   1373  -1
430   769   -1
431   1337  -1
433   1239  -1
433   792   -1
436   730   -1
437   1288  -1
438   660   -1
438   676   -1
439   791   -1
440   1012  -1
440   1143  -1
441   1219  -1
442   1152  -1
441   1343  -1
441   1401  -1
443   1193  -1
442   1508  -1
444   754   -1
444   775   -1
444   1133  -1
445   792   -1
446   799   -1
446   1113  -1
446   1079  -1
447   1076  -1
448   691   -1
448   1031  -1
448   1093  -1
448   1157  -1
448   1253  -1
448   1556  -1
449   735   -1
450   656   -1
450   1132  -1
451   1191  -1
452   1410  -1
453   1078  -1
454   1091  -1
454   1044  -1
455   1051  -1
457   778   -1
456   1101  -1
456   1214  -1
458   1224  -1
457   1076  -1
458   994   -1
459   677   -1
459   1044  -1
460   1079  -1
460   1194  -1
461   1108  -1
464   1108  -1
461   1163  -1
464   1245  -1
461   1246  -1
461   1076  -1
462   816   -1
462   998   -1
464   722   -1
463   768   -1
463   1155  -1
465   853   -1
466   1394  -1
466   1114  -1
467   1429  -1
468   603   -1
468   765   -1
467   1039  -1
468   1077  -1
470   1127  -1
467   1126  -1
468   1169  -1
468   819   -1
469   1010  -1
468   1051  -1
469   1116  -1
469   742   -1
470   824   -1
469   1019  -1
471   621   -1
471   1086  -1
471   650   -1
472   849   -1
472   1155  -1
471   1400  -1
472   840   -1
473   1089  -1
472   1193  -1
474   1033  -1
474   1247  -1
474   1339  -1
475   1030  -1
475   1266  -1
475   1425  -1
476   1314  -1
477   762   -1
477   1163  -1
479   874   -1
478   1034  -1
478   1106  -1
481   1106  -1
484   1281  -1
480   1411  -1
481   1160  -1
485   612   -1
481   1202  -1
483   875   -1
484   630   -1
483   848   -1
483   949   -1
484   1169  -1
485   1243  -1
486   882   -1
486   1055  -1
485   1230  -1
485   1421  -1
485   1431  -1
486   602   -1
486   855   -1
486   1252  -1
487   715   -1
489   713   -1
488   1238  -1
487   1412  -1
489   1112  -1
490   892   -1
490   1144  -1
490   1208  -1
494   737   -1
491   896   -1
490   1272  -1
493   951   -1
491   949   -1
492   1214  -1
492   1231  -1
492   1281  -1
493   847   -1
493   878   -1
493   941   -1
493   1108  -1
493   1184  -1
494   1429  -1
495   851   -1
495   1349  -1
496   1314  -1
496   942   -1
497   1215  -1
497   1087  -1
497   1211  -1
497   1225  -1
498   1247  -1
498   872   -1
498   1041  -1
500   1132  -1
500   1234  -1
499   1415  -1
500   1203  -1
500   1446  -1
500   1618  -1
502   944   -1
501   962   -1
501   1303  -1
501   1315  -1
503   1143  -1
502   1295  -1
503   730   -1
503   1180  -1
504   701   -1
506   1164  -1
508   1119  -1
508   1297  -1
508   951   -1
509   959   -1
508   1050  -1
510   1090  -1
508   1092  -1
509   1211  -1
508   1425  -1
510   857   -1
510   936   -1
509   1073  -1
510   1140  -1
510   1247  -1
510   1451  -1
511   687   -1
511   652   -1
511   907   -1
512   734   -1
513   1283  -1
513   1576  -1
515   693   -1
516   1163  -1
515   1324  -1
516   1473  -1
517   881   -1
519   879   -1
517   905   -1
517   716   -1
518   760   -1
518   889   -1
518   1261  -1
518   738   -1
519   743   -1
518   1064  -1
519   1098  -1
520   766   -1
520   1061  -1
519   1145  -1
519   1329  -1
520   1430  -1
521   1509  -1
521   907   -1
522   1216  -1
522   900   -1
527   1442  -1
525   1092  -1
525   1089  -1
525   1617  -1
527   1615  -1
525   789   -1
526   1191  -1
525   1200  -1
527   723   -1
527   1186  -1
528   1104  -1
529   752   -1
530   1261  -1
530   1122  -1
532   1327  -1
532   1345  -1
533   843   -1
532   944   -1
532   1046  -1
533   1191  -1
533   1420  -1
534   1122  -1
535   1218  -1
535   911   -1
535   1106  -1
536   877   -1
537   883   -1
537   951   -1
536   1109  -1
536   1202  -1
538   917   -1
538   1084  -1
538   1215  -1
538   1144  -1
538   1433  -1
541   951   -1
540   1150  -1
541   775   -1
541   1132  -1
543   1143  -1
544   773   -1
544   1117  -1
546   1454  -1
547   737   -1
547   794   -1
546   810   -1
546   1100  -1
547   1494  -1
546   1517  -1
547   674   -1
548   725   -1
547   1050  -1
551   843   -1
551   1199  -1
552   964   -1
552   1111  -1
553   1115  -1
554   794   -1
554   987   -1
554   1216  -1
554   756   -1
555   1345  -1
556   1358  -1
556   737   -1
557   1042  -1
556   1120  -1
557   1057  -1
559   1113  -1
557   1444  -1
560   1442  -1
558   1475  -1
557   1480  -1
558   951   -1
561   1459  -1
563   961   -1
559   1395  -1
560   1330  -1
562   1047  -1
561   1200  -1
563   1027  -1
563   1075  -1
564   1094  -1
566   1096  -1
563   1395  -1
565   900   -1
565   911   -1
566   918   -1
569   1342  -1
567   1340  -1
567   1337  -1
568   1107  -1
572   914   -1
570   1429  -1
571   1024  -1
571   1045  -1
571   1357  -1
572   959   -1
572   1000  -1
572   1227  -1
574   804   -1
574   904   -1
574   1029  -1
574   1015  -1
575   1094  -1
575   915   -1
575   953   -1
576   1227  -1
577   661   -1
577   940   -1
578   1099  -1
580   924   -1
579   1350  -1
581   961   -1
580   1037  -1
582   1367  -1
586   981   -1
583   1213  -1
584   934   -1
583   990   -1
587   991   -1
586   926   -1
584   928   -1
585   1076  -1
586   846   -1
585   940   -1
586   955   -1
585   1225  -1
587   910   -1
586   1096  -1
587   1018  -1
588   831   -1
588   1014  -1
588   1208  -1
589   927   -1
589   943   -1
592   1078  -1
590   1076  -1
591   1123  -1
593   1053  -1
594   973   -1
597   1383  -1
597   1219  -1
599   822   -1
599   825   -1
599   850   -1
600   944   -1
599   1010  -1
599   1084  -1
599   1138  -1
601   1059  -1
601   987   -1
602   1196  -1
603   649   -1
603   1006  -1
602   1137  -1
602   1218  -1
603   938   -1
604   1248  -1
604   1383  -1
604   1146  -1
607   1160  -1
607   1195  -1
610   992   -1
609   995   -1
609   1002  -1
609   1088  -1
609   1151  -1
610   1095  -1
610   1142  -1
610   1182  -1
610   1199  -1
613   981   -1
613   1023  -1
616   1023  -1
612   1163  -1
615   969   -1
615   977   -1
615   1008  -1
618   1104  -1
618   1455  -1
619   1071  -1
618   1192  -1
618   1450  -1
619   978   -1
623   1064  -1
625   1195  -1
626   1485  -1
630   1061  -1
631   1105  -1
630   1494  -1
631   1091  -1
632   1189  -1
634   1168  -1
635   1049  -1
636   948   -1
637   1152  -1
639   1462  -1
641   1084  -1
642   1197  -1
645   904   -1
649   919   -1
648   948   -1
648   1154  -1
649   672   -1
651   1084  -1
653   905   -1
660   890   -1
661   936   -1
662   906   -1
662   1134  -1
666   1138  -1
668   885   -1
670   854   -1
670   1070  -1
671   1073  -1
672   884   -1
672   897   -1
673   910   -1
674   876   -1
677   867   -1
676   874   -1
680   940   -1
686   903   -1
687   1075  -1
687   1142  -1
689   851   -1
690   1020  -1
695   1103  -1
696   978   -1
698   891   -1
698   988   -1
697   1105  -1
698   1122  -1
702   893   -1
702   970   -1
703   861   -1
704   896   -1
704   868   -1
704   1106  -1
706   967   -1
707   1099  -1
709   917   -1
709   987   -1
710   906   -1
711   851   -1
711   874   -1
712   1077  -1
711   1105  -1
713   887   -1
713   1028  -1
713   1094  -1
713   1100  -1
715   835   -1
715   913   -1
715   1000  -1
716   1061  -1
715   1072  -1
716   839   -1
716   890   -1
717   1053  -1
717   885   -1
723   1070  -1
721   841   -1
720   1083  -1
723   898   -1
724   907   -1
725   1072  -1
727   1043  -1
726   1097  -1
728   368   -1
727   1054  -1
729   892   -1
728   1003  -1
728   1079  -1
730   1135  -1
731   823   -1
733   1077  -1
733   1084  -1
734   1096  -1
734   1051  -1
737   1089  -1
737   787   -1
739   839   -1
740   783   -1
742   1068  -1
739   1069  -1
740   834   -1
743   1035  -1
742   827   -1
745   376   -1
744   783   -1
746   686   -1
746   826   -1
746   895   -1
748   1034  -1
749   1149  -1
751   769   -1
756   400   -1
757   1083  -1
758   1130  -1
760   741   -1
763   738   -1
760   753   -1
762   811   -1
763   747   -1
762   798   -1
764   722   -1
766   905   -1
764   907   -1
766   705   -1
768   785   -1
769   815   -1
771   415   -1
774   415   -1
771   763   -1
770   1122  -1
771   391   -1
773   778   -1
773   1120  -1
775   759   -1
776   401   -1
778   808   -1
781   824   -1
783   404   -1
784   462   -1
785   719   -1
784   761   -1
785   907   -1
785   730   -1
786   1032  -1
787   471   -1
789   479   -1
788   487   -1
788   717   -1
788   917   -1
789   1099  -1
791   724   -1
791   995   -1
791   424   -1
792   925   -1
793   463   -1
796   494   -1
798   1096  -1
798   490   -1
801   501   -1
803   473   -1
803   493   -1
806   828   -1
806   1144  -1
808   493   -1
807   709   -1
808   734   -1
808   698   -1
809   746   -1
809   489   -1
811   427   -1
810   439   -1
813   463   -1
811   465   -1
811   459   -1
811   828   -1
813   1160  -1
813   409   -1
814   482   -1
816   739   -1
818   460   -1
817   527   -1
818   912   -1
820   704   -1
820   730   -1
820   457   -1
821   501   -1
822   418   -1
822   513   -1
823   711   -1
824   825   -1
826   373   -1
826   1094  -1
827   503   -1
827   528   -1
828   538   -1
826   540   -1
826   834   -1
827   397   -1
827   904   -1
829   688   -1
830   386   -1
830   523   -1
830   532   -1
832   677   -1
832   351   -1
835   835   -1
832   835   -1
832   1160  -1
833   400   -1
837   416   -1
833   504   -1
835   382   -1
835   908   -1
835   517   -1
836   345   -1
837   680   -1
837   693   -1
836   816   -1
836   827   -1
838   702   -1
837   718   -1
841   376   -1
839   562   -1
839   687   -1
838   690   -1
839   578   -1
841   459   -1
841   721   -1
842   1169  -1
842   411   -1
843   710   -1
843   831   -1
849   362   -1
845   353   -1
845   509   -1
846   529   -1
845   571   -1
847   381   -1
847   492   -1
850   540   -1
850   543   -1
850   555   -1
849   585   -1
850   623   -1
850   320   -1
850   568   -1
851   628   -1
851   561   -1
852   638   -1
854   815   -1
853   1142  -1
854   473   -1
854   502   -1
854   726   -1
855   723   -1
854   830   -1
856   352   -1
855   508   -1
855   597   -1
856   705   -1
857   607   -1
860   608   -1
858   716   -1
859   708   -1
859   938   -1
861   347   -1
861   1173  -1
861   605   -1
862   325   -1
863   289   -1
863   825   -1
864   577   -1
864   585   -1
865   1165  -1
864   1178  -1
867   508   -1
866   607   -1
867   555   -1
868   639   -1
871   638   -1
868   299   -1
868   339   -1
868   492   -1
869   1153  -1
871   284   -1
873   304   -1
873   494   -1
873   628   -1
873   824   -1
874   333   -1
876   256   -1
875   323   -1
876   931   -1
876   937   -1
877   941   -1
879   508   -1
879   254   -1
880   559   -1
880   310   -1
883   309   -1
882   248   -1
882   836   -1
882   856   -1
883   306   -1
883   849   -1
884   527   -1
887   291   -1
889   38    -1
893   275   -1
893   841   -1
893   939   -1
894   595   -1
895   847   -1
898   151   -1
898   933   -1
899   121   -1
902   122   -1
899   194   -1
901   219   -1
901   566   -1
902   585   -1
904   592   -1
903   725   -1
904   568   -1
908   144   -1
906   1199  -1
906   172   -1
908   579   -1
910   556   -1
911   119   -1
911   727   -1
912   752   -1
913   245   -1
912   733   -1
913   195   -1
913   239   -1
914   597   -1
915   562   -1
919   952   -1
919   825   -1
921   570   -1
922   729   -1
923   204   -1
926   204   -1
922   591   -1
923   141   -1
924   597   -1
924   118   -1
928   169   -1
930   192   -1
930   624   -1
933   962   -1
934   940   -1
937   622   -1
936   634   -1
939   1188  -1
939   1191  -1
940   635   -1
940   836   -1
940   1179  -1
940   725   -1
941   827   -1
943   583   -1
944   736   -1
944   823   -1
948   937   -1
948   961   -1
948   566   -1
950   742   -1
951   965   -1
950   1187  -1
952   573   -1
952   936   -1
957   657   -1
957   834   -1
958   734   -1
959   577   -1
962   638   -1
959   813   -1
958   825   -1
961   700   -1
961   937   -1
963   682   -1
963   749   -1
962   963   -1
964   671   -1
965   1213  -1
965   717   -1
966   734   -1
969   643   -1
971   640   -1
970   746   -1
971   1197  -1
971   1183  -1
973   594   -1
973   1209  -1
974   1197  -1
975   633   -1
977   653   -1
977   676   -1
977   716   -1
978   944   -1
978   1209  -1
979   645   -1
978   695   -1
980   590   -1
980   973   -1
983   656   -1
981   832   -1
983   714   -1
985   664   -1
986   707   -1
987   565   -1
988   677   -1
989   823   -1
989   670   -1
991   668   -1
994   692   -1
992   1190  -1
993   579   -1
992   1197  -1
994   681   -1
996   806   -1
995   1221  -1
1001  575   -1
1003  564   -1
1004  1209  -1
1007  591   -1
1007  1356  -1
1010  1333  -1
1011  1368  -1
1012  780   -1
1012  813   -1
1012  423   -1
1012  804   -1
1013  788   -1
1015  1325  -1
1016  963   -1
1016  1373  -1
1018  579   -1
1020  577   -1
1019  1229  -1
1020  564   -1
1020  1313  -1
1021  1359  -1
1021  1297  -1
1022  1339  -1
1022  1396  -1
1025  955   -1
1026  966   -1
1028  1349  -1
1029  1217  -1
1030  1396  -1
1031  1382  -1
1033  413   -1
1032  1325  -1
1033  1009  -1
1033  1302  -1
1035  562   -1
1035  1223  -1
1035  1300  -1
1035  1376  -1
1036  1287  -1
1036  2026  -1
1038  1213  -1
1039  1338  -1
1040  995   -1
1041  1347  -1
1040  1359  -1
1041  1008  -1
1044  1355  -1
1041  1367  -1
1042  549   -1
1043  560   -1
1043  573   -1
1043  1295  -1
1044  782   -1
1043  1218  -1
1043  1231  -1
1045  791   -1
1044  968   -1
1044  1269  -1
1045  1322  -1
1045  1345  -1
1044  1361  -1
1046  546   -1
1045  1006  -1
1048  1398  -1
1049  422   -1
1051  569   -1
1052  982   -1
1052  979   -1
1052  1316  -1
1053  1232  -1
1055  1251  -1
1059  781   -1
1059  1227  -1
1060  1299  -1
1060  561   -1
1060  571   -1
1060  1412  -1
1064  425   -1
1066  1011  -1
1068  1408  -1
1070  569   -1
1071  427   -1
1071  1141  -1
1072  1213  -1
1074  1211  -1
1073  424   -1
1073  631   -1
1073  1126  -1
1073  1399  -1
1074  1257  -1
1076  1197  -1
1075  1415  -1
1077  415   -1
1077  1422  -1
1079  573   -1
1079  1260  -1
1079  420   -1
1080  1134  -1
1082  539   -1
1083  1144  -1
1082  1186  -1
1083  1397  -1
1082  1409  -1
1082  1740  -1
1083  1007  -1
1085  1390  -1
1085  1045  -1
1085  1074  -1
1087  1100  -1
1090  442   -1
1089  1104  -1
1089  1168  -1
1089  1176  -1
1090  1035  -1
1091  542   -1
1091  1206  -1
1092  1408  -1
1093  434   -1
1096  1018  -1
1095  452   -1
1096  552   -1
1097  1416  -1
1098  430   -1
1098  1048  -1
1099  1107  -1
1100  1162  -1
1100  762   -1
1102  547   -1
1102  1149  -1
1101  1165  -1
1102  1031  -1
1104  416   -1
1104  1086  -1
1104  1158  -1
1106  1008  -1
1107  610   -1
1107  1028  -1
1106  1153  -1
1108  1397  -1
1109  422   -1
1109  434   -1
1110  548   -1
1109  1402  -1
1110  455   -1
1111  543   -1
1111  1394  -1
1112  436   -1
1113  765   -1
1114  1413  -1
1114  1064  -1
1116  1028  -1
1116  1675  -1
1118  772   -1
1118  540   -1
1120  1406  -1
1121  753   -1
1128  423   -1
1130  555   -1
1129  1416  -1
1131  443   -1
1133  1423  -1
1133  430   -1
1133  1392  -1
1134  549   -1
1134  771   -1
1135  1425  -1
1135  541   -1
1136  1412  -1
1139  1398  -1
1143  987   -1
1145  1419  -1
1146  1401  -1
1147  1416  -1
1150  546   -1
1148  1395  -1
1150  988   -1
1150  539   -1
1152  530   -1
1152  1400  -1
1154  1408  -1
1159  423   -1
1159  1424  -1
1162  1411  -1
1162  529   -1
1163  976   -1
1167  546   -1
1169  525   -1
1171  1395  -1
1172  1654  -1
1174  1425  -1
1177  1427  -1
1178  958   -1
1178  955   -1
1178  971   -1
1182  522   -1
1181  1419  -1
1188  981   -1
1190  539   -1
1189  1418  -1
1192  528   -1
1191  1401  -1
1195  1415  -1
1199  950   -1
1200  1393  -1
1202  1390  -1
1204  1698  -1
1208  430   -1
1208  1396  -1
1211  450   -1
1211  960   -1
1212  440   -1
1217  1423  -1
1221  952   -1
1221  1389  -1
1224  438   -1
1226  957   -1
1227  1412  -1
1230  432   -1
1231  960   -1
1235  1389  -1
1238  1398  -1
1240  952   -1
1245  937   -1
1244  951   -1
1246  1403  -1
1248  586   -1
1255  1418  -1
1256  1401  -1
1260  440   -1
1270  424   -1
1271  447   -1
1273  437   -1
1273  1396  -1
1274  1419  -1
1275  931   -1
1275  1394  -1
1283  1396  -1
1284  1410  -1
1284  1416  -1
1289  431   -1
1289  942   -1
1291  1389  -1
1297  1419  -1
1298  1390  -1
1303  937   -1
1306  1418  -1
1310  1409  -1
1313  926   -1
1314  1381  -1
1317  1385  -1
1320  1396  -1
1322  1398  -1
1325  436   -1
1325  930   -1
1333  1986  -1
1335  1383  -1
1337  606   -1
1341  1416  -1
1344  1384  -1
1349  1399  -1
1358  620   -1
1358  1381  -1
1362  780   -1
1362  1406  -1
1364  1384  -1
1367  783   -1
1367  598   -1
1370  754   -1
1370  929   -1
1372  595   -1
1374  909   -1
1375  743   -1
1377  749   -1
1380  589   -1
1380  731   -1
1380  788   -1
1381  1380  -1
1381  726   -1
1382  737   -1
1383  1378  -1
1384  1397  -1
1385  733   -1
1385  1385  -1
1387  768   -1
1389  789   -1
1388  1398  -1
1393  729   -1
1393  739   -1
1398  915   -1
1401  735   -1
1401  1372  -1
1405  719   -1
1406  1378  -1
1408  1383  -1
1410  745   -1
1412  681   -1
1413  714   -1
1415  749   -1
1416  758   -1
1418  1391  -1
1420  691   -1
1419  711   -1
1419  930   -1
1421  918   -1
1420  1364  -1
1421  1361  -1
1424  680   -1
1424  934   -1
1425  709   -1
1427  698   -1
1429  758   -1
1430  672   -1
1431  1378  -1
1431  677   -1
1431  692   -1
1436  783   -1
1437  695   -1
1437  723   -1
1440  673   -1
1438  675   -1
1438  680   -1
1440  788   -1
1444  763   -1
1445  743   -1
1446  1364  -1
1445  1378  -1
1447  772   -1
1451  741   -1
1452  949   -1
1452  1372  -1
1457  782   -1
1458  1382  -1
1460  659   -1
1461  763   -1
1462  786   -1
1461  1374  -1
1462  818   -1
1464  683   -1
1465  698   -1
1466  1172  -1
1466  1183  -1
1466  754   -1
1466  946   -1
1467  1385  -1
1469  656   -1
1468  778   -1
1468  1374  -1
1473  604   -1
1472  629   -1
1473  1351  -1
1474  1365  -1
1474  1382  -1
1475  1347  -1
1480  650   -1
1481  1151  -1
1485  1158  -1
1488  1177  -1
1488  1377  -1
1490  1163  -1
1491  570   -1
1490  823   -1
1493  1166  -1
1492  1371  -1
1493  639   -1
1493  838   -1
1496  1171  -1
1499  680   -1
1498  1377  -1
1496  1375  -1
1498  1350  -1
1504  1152  -1
1501  1154  -1
1501  655   -1
1502  671   -1
1501  688   -1
1502  794   -1
1503  1159  -1
1505  1375  -1
1506  1148  -1
1508  1182  -1
1512  855   -1
1514  839   -1
1514  808   -1
1514  818   -1
1516  675   -1
1515  836   -1
1518  1149  -1
1519  665   -1
1519  1184  -1
1520  823   -1
1521  1355  -1
1521  1365  -1
1525  1183  -1
1527  821   -1
1526  854   -1
1530  678   -1
1531  1156  -1
1533  1229  -1
1534  670   -1
1536  1179  -1
1539  843   -1
1539  1194  -1
1540  775   -1
1540  847   -1
1541  1172  -1
1542  589   -1
1543  874   -1
1548  659   -1
1549  1336  -1
1551  659   -1
1553  868   -1
1552  1358  -1
1555  1182  -1
1559  884   -1
1561  1360  -1
1561  864   -1
1564  1240  -1
1564  1337  -1
1566  551   -1
1566  1359  -1
1567  1212  -1
1569  1210  -1
1567  1330  -1
1568  779   -1
1568  862   -1
1570  686   -1
1571  782   -1
1574  666   -1
1572  668   -1
1572  1161  -1
1574  1112  -1
1574  1199  -1
1576  811   -1
1577  1128  -1
1576  1155  -1
1577  1313  -1
1577  1189  -1
1579  893   -1
1580  1164  -1
1583  822   -1
1585  908   -1
1585  1139  -1
1585  1171  -1
1587  678   -1
1589  676   -1
1586  916   -1
1588  1209  -1
1589  1334  -1
1590  690   -1
1590  1118  -1
1591  1326  -1
1592  889   -1
1591  1294  -1
1592  1334  -1
1594  821   -1
1594  1299  -1
1597  1125  -1
1596  1288  -1
1598  918   -1
1598  1130  -1
1599  1144  -1
1599  1196  -1
1599  808   -1
1600  1316  -1
1607  150   -1
1612  907   -1
1612  1160  -1
1614  693   -1
1616  691   -1
1616  136   -1
1616  1285  -1
1618  1222  -1
1618  676   -1
1618  1175  -1
1620  1131  -1
1619  1286  -1
1619  1298  -1
1621  927   -1
1622  956   -1
1622  696   -1
1624  1300  -1
1625  1162  -1
1625  1273  -1
1626  667   -1
1630  930   -1
1629  1204  -1
1630  938   -1
1630  1278  -1
1633  1162  -1
1633  1259  -1
1633  930   -1
1634  1269  -1
1639  933   -1
1638  1177  -1
1640  1106  -1
1640  694   -1
1642  1004  -1
1645  1003  -1
1645  970   -1
1647  1168  -1
1649  945   -1
1649  704   -1
1650  1118  -1
1651  975   -1
1657  706   -1
1653  968   -1
1657  1042  -1
1657  1662  -1
1657  969   -1
1657  1177  -1
1661  1150  -1
1664  1125  -1
1667  1083  -1
1667  1156  -1
1669  975   -1
1671  1121  -1
1676  981   -1
1679  975   -1
1682  986   -1
1688  711   -1
1692  1680  -1
1693  990   -1
1694  558   -1
1697  1669  -1
1700  1155  -1
1706  1152  -1
1716  1024  -1
1732  689   -1
1744  1010  -1
1743  1022  -1
1746  1046  -1
1761  702   -1
1869  997   -1
1884  149   -1
1898  986   -1
441   996   0
442   996   0
444   1405  1
444   1406  1
460   1426  2
460   1427  2
482   1077  3
480   1078  3
488   1299  4
487   1298  4
531   1172  5
533   1173  5
540   1093  6
541   1090  6
542   1092  6
545   913   7
544   913   7
709   893   8
709   894   8
764   708   9
765   708   9
814   493   10
813   494   10
836   376   11
838   375   11
886   1190  12
886   1189  12
903   201   13
904   201   13
907   119   14
908   119   14
932   575   15
932   576   15
933   578   15
934   580   15
1024  2046  16
1026  2046  16
1162  524   17
1163  524   17
1376  1370  18
1377  1370  18
1381  1368  19
1379  1367  19
1427  1388  20
1428  1388  20
1469  640   21
1470  640   21
1488  801   22
1489  799   22
1522  771   23
1523  770   23
1570  774   24
1569  776   24
1574  904   25
1572  905   25
1588  877   26
1589  878   26
1647  1228  27
1648  1229  27
1741  690   28
1741  689   28
1887  163   29
1889  162   29
4     1584  30
4     1584  30
6     1584  30
2     1585  30
7     1583  30
296   266   31
295   267   31
298   222   32
298   220   32
381   715   33
383   715   33
399   731   34
400   731   34
407   1552  35
407   1552  35
408   1550  35
414   724   36
414   723   36
426   680   37
426   680   37
429   688   38
428   687   38
429   1355  39
429   1355  39
434   1264  40
434   1264  40
434   1263  40
432   1263  40
435   1264  40
431   1263  40
433   1265  40
434   1262  40
437   1263  40
445   1411  41
444   1413  41
445   666   42
446   666   42
446   824   43
445   823   43
447   1171  44
445   1171  44
447   1288  45
446   1287  45
447   1288  45
448   998   46
448   999   46
447   997   46
446   999   46
449   676   47
451   676   47
451   1167  48
450   1167  48
453   1030  49
453   1030  49
451   1031  49
452   805   50
453   805   50
454   815   51
453   815   51
454   1390  52
457   1390  52
458   1389  52
455   1391  52
454   1405  53
456   1404  53
459   1029  54
457   1028  54
457   1030  54
459   1144  55
460   1144  55
459   1144  55
460   1144  55
459   1144  55
460   1144  55
459   1144  55
460   1144  55
459   1144  55
460   1144  55
459   1144  55
460   1145  55
461   1144  55
458   1144  55
461   1144  55
457   1144  55
463   1145  55
459   1145  55
459   1143  55
463   1143  55
457   1157  56
457   1157  56
459   1057  57
461   1058  57
461   1278  58
460   1279  58
462   1278  58
459   1278  58
459   1218  59
460   1217  59
462   1023  60
463   1025  60
462   1023  60
463   1404  61
464   1402  61
465   1006  62
464   1007  62
466   1297  63
466   1298  63
470   729   64
470   728   64
470   1099  65
469   1100  65
471   1111  66
471   1113  66
473   1136  67
471   1135  67
472   1241  68
473   1240  68
473   1196  69
472   1196  69
474   746   70
474   746   70
473   1052  71
473   1052  71
475   1115  72
474   1114  72
474   1278  73
473   1278  73
476   1215  74
476   1214  74
476   1215  74
476   1214  74
474   1215  74
478   1214  74
478   828   75
478   827   75
478   883   76
478   882   76
478   1069  77
480   1069  77
480   720   78
481   717   78
482   719   78
481   1284  79
481   1283  79
480   1284  79
482   1283  79
480   1286  79
482   612   80
483   614   80
483   1216  81
485   1215  81
482   1217  81
485   633   82
486   634   82
488   1183  83
489   1182  83
486   1184  83
489   1183  83
486   1184  83
489   1182  83
486   870   84
486   872   84
490   1051  85
490   1051  85
490   1051  85
491   1051  85
488   1051  85
491   1052  85
487   1051  85
490   1050  85
490   1052  85
488   1293  86
487   1294  86
489   1293  86
489   1234  87
488   1233  87
489   745   88
491   745   88
490   845   89
489   844   89
491   734   90
491   734   90
492   1136  91
491   1137  91
493   1177  92
494   1178  92
493   1177  92
494   1177  92
493   1178  92
494   1178  92
493   1177  92
496   1178  92
493   1075  93
495   1075  93
494   758   94
493   758   94
495   1193  95
496   1191  95
497   864   96
496   863   96
498   752   97
498   752   97
498   931   98
499   932   98
501   1044  99
502   1042  99
498   1162  100
498   1162  100
500   1278  101
502   1277  101
504   1080  102
503   1081  102
504   1080  102
506   1084  103
508   1083  103
504   1437  104
502   1437  104
503   711   105
504   710   105
505   1193  106
503   1192  106
505   881   107
505   879   107
505   1310  108
506   1310  108
508   703   109
508   704   109
509   1099  110
509   1099  110
515   910   111
514   910   111
514   908   111
514   700   112
514   701   112
514   1289  113
514   1290  113
517   675   114
516   674   114
519   1590  115
517   1590  115
518   855   116
519   854   116
521   861   117
521   863   117
522   861   117
520   1139  118
521   1139  118
519   1165  119
520   1163  119
522   963   120
521   963   120
523   873   121
523   873   121
523   873   121
524   872   121
526   876   122
527   875   122
522   1209  123
521   1208  123
525   1436  124
525   1436  124
526   1435  124
525   1436  124
526   1435  124
525   1436  124
526   1435  124
525   1436  124
526   1435  124
529   1437  124
525   1437  124
527   1435  124
529   1437  124
526   1437  124
527   1434  124
525   1436  124
529   1437  124
527   1434  124
525   1437  124
529   1437  124
526   1435  124
524   1438  124
529   1434  124
526   1437  124
529   1437  124
527   1434  124
531   1437  124
524   1438  124
525   1434  124
527   1438  124
529   1434  124
527   1436  124
531   1436  124
531   1442  125
534   1442  125
532   1444  125
530   1441  125
534   1444  125
533   1440  125
526   1179  126
526   1178  126
527   1179  126
526   1214  127
525   1214  127
528   1315  128
527   1316  128
528   1315  128
528   1063  129
527   1064  129
529   1064  129
529   906   130
528   907   130
530   1334  131
529   1334  131
531   838   132
531   838   132
536   1182  133
535   1180  133
539   912   134
538   911   134
537   907   135
537   908   135
539   1110  136
539   1109  136
539   1446  137
539   1446  137
540   1075  138
544   1075  138
542   1075  138
542   920   139
541   919   139
544   1203  140
545   1203  140
545   1461  141
545   1462  141
546   1224  142
548   1223  142
551   1050  143
550   1048  143
556   748   144
556   749   144
556   747   144
556   1229  145
556   1228  145
557   812   146
557   812   146
557   1115  147
560   1117  147
559   1116  147
559   1105  148
558   1106  148
559   1457  149
559   1456  149
560   809   150
560   809   150
561   959   151
560   959   151
560   957   151
560   776   152
561   775   152
561   779   153
561   779   153
564   662   154
563   662   154
564   1121  155
563   1122  155
565   805   156
564   804   156
564   1215  157
565   1216  157
566   1123  158
567   1121  158
568   1121  158
568   799   159
568   800   159
568   1043  160
569   1043  160
569   931   161
569   932   161
570   916   162
570   916   162
573   1222  163
573   1220  163
574   1089  164
575   1089  164
575   1033  165
575   1034  165
578   816   166
578   815   166
578   997   167
579   998   167
583   979   168
584   977   168
583   981   168
584   977   168
588   1422  169
587   1421  169
590   953   170
590   954   170
596   999   171
595   1000  171
601   1180  172
601   1180  172
603   1047  173
603   1047  173
603   1063  174
605   1063  174
607   1029  175
607   1029  175
608   953   176
608   954   176
607   965   177
608   967   177
608   1008  178
608   1007  178
609   1249  179
607   1249  179
609   1044  180
611   1045  180
609   1044  180
612   952   181
611   953   181
614   1186  182
614   1187  182
613   1405  183
614   1406  183
621   1176  184
620   1176  184
628   1140  185
628   1141  185
631   1117  186
632   1116  186
633   1093  187
635   1093  187
644   1211  188
644   1210  188
646   933   189
646   932   189
647   930   189
645   1106  190
646   1107  190
651   670   191
652   668   191
653   1144  192
654   1144  192
659   1080  193
656   1082  193
658   1082  193
664   1097  194
665   1097  194
663   1096  194
669   943   195
670   942   195
675   950   196
676   949   196
679   1097  197
678   1097  197
679   1096  197
682   932   198
682   932   198
683   1079  199
682   1078  199
686   1145  200
686   1145  200
690   897   201
688   897   201
691   1127  202
690   1127  202
690   1145  203
692   1142  203
691   1143  203
694   1085  204
692   1085  204
694   934   205
693   933   205
694   1096  206
696   1095  206
693   1098  206
695   868   207
694   868   207
707   877   208
709   877   208
711   1014  209
711   1014  209
710   1013  209
711   1014  209
710   1013  209
711   1014  209
710   1013  209
711   1014  209
709   1016  210
709   1016  210
710   1079  211
711   1080  211
711   1116  212
711   1116  212
717   813   213
718   814   213
719   1090  214
718   1088  214
718   1090  214
720   1068  215
720   1069  215
720   1068  215
721   873   216
720   872   216
721   823   217
720   824   217
722   975   218
722   974   218
725   1080  219
725   1081  219
728   834   220
728   835   220
730   1089  221
729   1089  221
731   1106  222
731   1106  222
732   1105  222
732   384   223
732   382   223
735   1099  224
736   1098  224
736   817   225
735   816   225
737   794   226
736   794   226
738   802   227
738   801   227
739   877   228
738   876   228
740   1092  229
742   1093  229
742   1032  230
741   1031  230
752   792   231
752   792   231
751   792   231
752   792   231
755   759   232
756   759   232
756   1116  233
755   1115  233
757   719   234
758   719   234
761   770   235
761   770   235
761   898   236
761   899   236
764   809   237
764   809   237
764   809   237
765   809   237
764   385   238
762   385   238
764   700   239
764   699   239
764   397   240
764   396   240
768   1126  241
768   1126  241
770   383   242
769   384   242
769   702   243
771   702   243
774   412   244
774   412   244
771   991   245
770   991   245
776   782   246
776   782   246
775   1017  247
775   1018  247
779   770   248
778   770   248
779   1124  249
780   1122  249
782   736   250
783   736   250
784   765   251
784   765   251
785   1128  252
784   1129  252
785   810   253
788   812   253
787   811   253
788   820   254
787   819   254
790   434   255
792   435   255
791   446   256
790   446   256
792   450   257
793   448   257
793   491   258
794   492   258
794   490   258
794   1152  259
793   1152  259
794   717   260
796   716   260
797   742   261
797   742   261
796   742   261
797   742   261
796   742   261
797   743   261
799   715   262
799   715   262
799   709   263
801   708   263
803   698   264
803   698   264
804   505   265
805   506   265
803   504   265
807   909   266
807   910   266
809   517   267
809   515   267
808   519   267
810   455   268
811   453   268
811   480   269
810   482   269
811   718   270
812   718   270
813   820   271
812   821   271
816   408   272
817   408   272
815   702   273
815   702   273
816   691   274
816   690   274
816   388   275
818   388   275
817   728   276
817   729   276
819   490   277
819   488   277
820   535   278
820   537   278
821   1058  279
823   1057  279
824   689   280
823   690   280
827   377   281
828   376   281
825   724   282
825   725   282
827   532   283
827   531   283
829   433   284
829   435   284
830   696   285
832   695   285
832   411   286
834   410   286
832   708   287
831   708   287
831   825   288
831   825   288
832   845   289
833   843   289
834   418   290
835   420   290
837   363   291
835   363   291
836   822   292
835   821   292
839   524   293
840   524   293
839   526   293
839   698   294
838   699   294
839   840   295
841   841   295
839   840   295
840   359   296
840   359   296
840   547   297
839   547   297
842   546   297
840   583   298
841   582   298
847   365   299
848   365   299
847   365   299
848   365   299
848   367   299
846   364   299
845   386   300
846   388   300
846   385   300
845   394   301
846   395   301
849   487   302
849   487   302
850   597   303
848   598   303
851   597   303
851   593   303
852   595   303
850   328   304
849   326   304
849   612   305
851   612   305
850   576   306
851   574   306
851   677   307
851   677   307
853   847   308
853   849   308
854   932   309
854   932   309
855   340   310
856   341   310
854   602   311
855   600   311
860   618   312
860   618   312
859   625   313
859   625   313
860   922   314
860   921   314
861   549   315
862   550   315
861   560   316
861   560   316
862   513   317
861   513   317
863   631   318
863   632   318
865   645   319
865   645   319
865   645   319
865   833   320
864   832   320
866   292   321
868   292   321
867   836   322
867   836   322
868   573   323
867   574   323
868   628   324
868   627   324
869   830   325
869   831   325
870   928   326
870   930   326
875   726   327
877   726   327
875   337   328
875   338   328
875   578   329
875   579   329
875   585   330
876   585   330
876   838   331
875   838   331
877   613   332
878   613   332
878   524   333
877   525   333
879   259   334
879   257   334
882   513   335
880   512   335
883   512   335
882   947   336
881   946   336
884   1185  337
884   1185  337
884   1185  337
884   1185  337
885   1184  337
886   304   338
888   305   338
884   722   339
884   721   339
889   101   340
891   100   340
889   282   341
891   281   341
891   59    342
891   57    342
890   739   343
891   738   343
892   265   344
892   267   344
894   241   345
893   243   345
894   733   346
894   733   346
895   146   347
896   145   347
895   553   348
896   553   348
895   837   349
895   837   349
897   541   350
896   541   350
898   944   351
897   943   351
898   947   352
897   947   352
900   72    353
900   72    353
900   74    353
899   71    353
902   72    353
902   74    353
901   134   354
900   132   354
899   135   354
902   136   354
900   843   355
899   843   355
903   59    356
903   61    356
903   535   357
903   534   357
903   932   358
902   933   358
909   147   359
908   147   359
909   147   359
908   147   359
909   149   359
908   147   359
909   149   359
909   147   359
909   151   359
908   147   359
909   149   359
910   146   359
909   151   359
911   148   359
907   147   359
907   150   359
911   150   359
906   146   359
906   851   360
906   850   360
907   940   361
906   941   361
907   834   362
908   833   362
910   550   363
910   549   363
914   172   364
914   174   364
918   592   365
918   593   365
920   597   366
918   596   366
919   759   367
919   758   367
920   603   368
919   605   368
921   181   369
922   182   369
925   198   370
926   196   370
925   200   370
930   604   371
930   606   371
930   965   372
929   966   372
933   932   373
933   932   373
934   727   374
935   728   374
936   739   375
936   739   375
935   738   375
950   832   376
950   832   376
948   832   376
951   831   376
949   622   377
951   623   377
950   810   378
950   809   378
950   811   378
954   612   379
954   612   379
954   720   380
954   718   380
959   637   381
959   638   381
961   727   382
960   727   382
963   694   383
963   696   383
967   693   384
966   695   384
969   693   384
964   808   385
964   809   385
965   664   386
966   663   386
967   664   386
965   966   387
966   966   387
970   572   388
970   573   388
975   955   389
974   955   389
978   705   390
978   707   390
978   704   390
978   682   391
979   683   391
981   823   392
982   824   392
982   653   393
982   653   393
982   672   394
981   673   394
983   648   395
983   648   395
983   721   396
983   721   396
992   671   397
992   671   397
992   672   397
991   691   398
991   691   398
994   982   399
993   983   399
997   566   400
997   568   400
996   566   400
1009  954   401
1007  953   401
1008  988   402
1008  988   402
1008  413   403
1008  415   403
1010  1229  404
1009  1228  404
1014  802   405
1014  802   405
1013  586   406
1013  585   406
1015  1378  407
1014  1378  407
1017  1316  408
1016  1317  408
1021  1317  409
1020  1316  409
1016  972   410
1017  974   410
1023  430   411
1023  432   411
1023  1215  412
1023  1216  412
1029  982   413
1029  982   413
1029  982   413
1028  982   413
1029  982   413
1028  984   413
1027  981   413
1032  796   414
1032  797   414
1034  1368  415
1034  1367  415
1035  1270  416
1035  1272  416
1036  1269  416
1036  1000  417
1036  999   417
1037  1002  417
1037  1005  418
1037  1006  418
1038  784   419
1037  785   419
1038  1232  420
1040  1232  420
1040  582   421
1040  583   421
1041  1270  422
1040  1271  422
1042  1353  423
1041  1355  423
1043  1405  424
1043  1404  424
1044  1405  424
1043  1315  425
1043  1314  425
1045  1015  426
1044  1015  426
1045  1274  427
1045  1273  427
1046  1377  428
1045  1377  428
1048  1389  429
1050  1389  429
1055  981   430
1056  981   430
1053  562   431
1055  563   431
1053  563   431
1053  786   432
1054  786   432
1054  1262  433
1053  1261  433
1056  1276  434
1055  1278  434
1055  1401  435
1055  1401  435
1058  1283  436
1057  1284  436
1056  1282  436
1060  576   437
1059  577   437
1063  1184  438
1063  1184  438
1064  1397  439
1066  1398  439
1064  1397  439
1066  1398  439
1064  1397  439
1065  988   440
1064  988   440
1065  1232  441
1065  1232  441
1067  1192  442
1068  1192  442
1067  1190  442
1067  1193  442
1067  1208  443
1066  1210  443
1066  1204  444
1068  1205  444
1071  1246  445
1070  1245  445
1072  1389  446
1072  1390  446
1073  1262  447
1073  1261  447
1075  550   448
1074  549   448
1076  1164  449
1080  1164  449
1074  1163  449
1078  1164  449
1078  1392  450
1076  1393  450
1077  1391  450
1078  557   451
1078  557   451
1081  1055  452
1083  1054  452
1082  1412  453
1082  1413  453
1083  1132  454
1083  1132  454
1085  1091  455
1085  1091  455
1088  1133  456
1089  1133  456
1090  445   457
1088  444   457
1089  564   458
1090  565   458
1090  1045  459
1090  1045  459
1095  432   460
1096  433   460
1095  1014  461
1095  1014  461
1095  1014  461
1095  1049  462
1095  1049  462
1095  1109  463
1094  1109  463
1095  1156  464
1095  1156  464
1096  778   465
1096  778   465
1100  1005  466
1099  1005  466
1099  1114  467
1100  1114  467
1100  1171  468
1100  1171  468
1101  1028  469
1101  1028  469
1107  760   470
1105  759   470
1108  760   470
1105  1076  471
1104  1075  471
1108  557   472
1108  559   472
1110  1408  473
1109  1408  473
1115  1017  474
1115  1017  474
1116  439   475
1117  441   475
1122  528   476
1121  526   476
1123  1421  477
1122  1423  477
1123  1425  477
1129  1424  478
1129  1425  478
1135  1011  479
1134  1010  479
1135  1011  479
1140  438   480
1139  439   480
1143  1398  481
1142  1396  481
1146  983   482
1145  983   482
1146  1411  483
1146  1409  483
1148  548   484
1147  547   484
1155  1659  485
1153  1660  485
1161  995   486
1161  995   486
1164  994   486
1163  994   486
1166  994   486
1162  447   487
1163  448   487
1163  533   488
1163  532   488
1166  528   489
1166  527   489
1178  519   490
1179  519   490
1180  1401  491
1179  1402  491
1184  541   492
1183  541   492
1190  1421  493
1190  1421  493
1191  983   494
1191  982   494
1196  1411  495
1197  1413  495
1200  528   496
1202  529   496
1199  529   496
1202  530   496
1200  1399  497
1200  1399  497
1202  955   498
1202  955   498
1205  1414  499
1206  1413  499
1208  1414  499
1210  1420  500
1209  1420  500
1211  1420  500
1209  1419  500
1222  1398  501
1220  1398  501
1231  1423  502
1231  1423  502
1231  447   503
1232  445   503
1248  1417  504
1246  1418  504
1249  1416  504
1265  1409  505
1266  1411  505
1267  420   506
1268  421   506
1276  942   507
1276  941   507
1292  926   508
1292  925   508
1294  1395  509
1294  1396  509
1316  1416  510
1316  1416  510
1324  1382  511
1325  1383  511
1329  1414  512
1330  1416  512
1329  1413  512
1329  1417  512
1328  933   513
1329  933   513
1338  1408  514
1336  1407  514
1343  430   515
1343  431   515
1347  917   516
1347  916   516
1351  1387  517
1349  1387  517
1369  914   518
1370  913   518
1386  747   519
1385  748   519
1387  781   520
1386  779   520
1388  781   520
1400  762   521
1402  761   521
1407  737   522
1408  738   522
1407  924   523
1407  924   523
1410  729   524
1410  731   524
1410  729   524
1413  773   525
1413  773   525
1414  771   525
1414  773   525
1415  770   525
1416  1374  526
1417  1376  526
1415  1373  526
1417  1376  526
1414  1375  526
1416  1374  526
1423  1364  527
1422  1366  527
1425  724   528
1426  724   528
1425  723   528
1427  774   529
1427  773   529
1427  774   529
1426  773   529
1428  774   529
1429  733   530
1429  732   530
1428  747   531
1430  747   531
1436  1375  532
1433  1374  532
1435  1375  532
1445  768   533
1445  768   533
1452  1365  534
1454  1366  534
1454  925   535
1454  925   535
1461  746   536
1462  746   536
1465  751   537
1463  752   537
1466  941   538
1465  942   538
1474  831   539
1474  832   539
1474  1171  540
1474  1170  540
1475  1162  541
1476  1162  541
1478  1159  542
1477  1159  542
1480  693   543
1479  691   543
1486  621   544
1485  620   544
1489  661   545
1489  661   545
1490  660   545
1491  647   546
1490  647   546
1490  649   546
1495  653   547
1493  654   547
1496  653   547
1497  1164  548
1493  1163  548
1495  1163  548
1498  685   549
1497  683   549
1502  1179  550
1501  1179  550
1503  1346  551
1501  1346  551
1514  1169  552
1512  1169  552
1514  1168  552
1515  1172  553
1515  1173  553
1517  1373  554
1517  1376  554
1519  1376  554
1516  1373  554
1515  1375  554
1517  855   555
1518  854   555
1517  838   556
1517  838   556
1520  1189  557
1520  1189  557
1529  1167  558
1531  1167  558
1532  837   559
1532  837   559
1532  837   559
1532  837   559
1531  784   560
1532  785   560
1532  1359  561
1534  1358  561
1541  1370  562
1539  1369  562
1542  1370  562
1542  1160  563
1542  1159  563
1546  1167  564
1544  1167  564
1547  1166  564
1547  1238  565
1546  1239  565
1552  855   566
1553  855   566
1558  1224  567
1560  1223  567
1561  1188  568
1561  1184  568
1561  1187  568
1562  1184  568
1561  1188  568
1560  1185  568
1562  1356  569
1561  1356  569
1563  1357  569
1568  1128  570
1569  1130  570
1571  1354  571
1572  1353  571
1575  1195  572
1577  1196  572
1576  1146  573
1576  1146  573
1576  1146  573
1574  1147  573
1574  1349  574
1575  1351  574
1578  1212  575
1577  1212  575
1579  896   576
1578  896   576
1579  823   577
1580  824   577
1580  695   578
1584  697   578
1582  696   578
1581  1107  579
1582  1107  579
1583  673   580
1584  672   580
1587  1169  581
1588  1170  581
1586  1237  582
1587  1238  582
1588  1859  583
1589  1858  583
1592  921   584
1592  922   584
1592  921   584
1594  1097  585
1594  1097  585
1596  1105  586
1594  1105  586
1597  1154  587
1596  1153  587
1601  686   588
1602  685   588
1602  683   588
1601  686   588
1602  686   588
1602  683   588
1599  687   588
1601  686   588
1604  684   588
1600  684   588
1602  683   588
1600  688   588
1603  686   588
1604  682   588
1602  1300  589
1600  1301  589
1613  1182  590
1612  1182  590
1613  1182  590
1611  1182  590
1618  1273  591
1617  1273  591
1616  1279  592
1617  1278  592
1630  683   593
1630  684   593
1632  682   593
1635  114   594
1635  114   594
1635  114   594
1636  112   594
1634  116   594
1634  114   594
1636  112   594
1634  116   594
1634  113   594
1633  116   594
1633  112   594
1636  113   594
1632  118   594
1636  116   594
1636  111   594
1634  118   594
1637  114   594
1634  114   594
1638  110   594
1640  187   595
1642  186   595
1644  1192  596
1644  1193  596
1647  1158  597
1647  1158  597
1648  1232  598
1646  1232  598
1654  706   599
1652  705   599
1679  703   600
1683  703   600
1679  703   600
1683  704   600
1679  702   600
1678  704   600
1682  702   600
1683  704   600
1680  703   600
1684  702   600
1676  704   600
1681  705   600
1678  702   600
1681  701   600
1677  706   600
1698  1106  601
1697  1106  601
1711  699   602
1714  697   602
1712  698   602
1728  702   603
1726  703   603
1729  716   604
1730  718   604
1741  188   605
1741  190   605
1761  689   606
1760  690   606
1813  154   607
1814  152   607
1872  149   608
1873  151   608
1872  149   608
1875  150   608
1881  143   609
1881  143   609
1881  145   609
1883  142   609
1880  145   609
1883  145   609
1886  147   609
1879  147   609
1879  143   609
1881  147   609
1885  145   609
1881  141   609
1888  146   609