# Filename: BNI1-640nm_416_ctrl_60x_003.tif
# Puncta radius (pixels): (1.3888888888888888, 1.3888888888888888)
# Puncta radius (nm): (150, 150)
# Cluster radius (nm): 300
# Min puncta per cluster: 2
# Voxel size (nm): (108, 108, 200)
Y     X     CLUSTER_ID
33    1503  -1
52    1495  -1
55    1468  -1
56    1526  -1
73    398   -1
79    213   -1
84    1552  -1
90    739   -1
91    807   -1
98    1194  -1
107   733   -1
107   756   -1
110   1185  -1
117   1605  -1
152   632   -1
156   394   -1
157   616   -1
171   846   -1
172   466   -1
197   1139  -1
203   1148  -1
205   887   -1
217   1120  -1
221   851   -1
239   420   -1
254   486   -1
259   484   -1
262   1100  -1
265   886   -1
268   372   -1
276   1083  -1
277   866   -1
277   1074  -1
285   1809  -1
286   862   -1
289   903   -1
293   867   -1
298   865   -1
316   894   -1
323   869   -1
324   1022  -1
352   948   -1
354   884   -1
357   970   -1
371   862   -1
375   884   -1
376   919   -1
378   563   -1
379   876   -1
383   896   -1
385   67    -1
390   907   -1
394   699   -1
396   866   -1
396   906   -1
397   883   -1
398   622   -1
398   844   -1
405   638   -1
405   692   -1
407   781   -1
408   872   -1
412   764   -1
413   900   -1
415   772   -1
427   921   -1
449   112   -1
455   422   -1
455   884   -1
463   892   -1
463   914   -1
465   277   -1
480   896   -1
498   302   -1
501   915   -1
503   895   -1
510   896   -1
512   906   -1
533   924   -1
536   931   -1
543   1887  -1
545   924   -1
555   162   -1
556   921   -1
560   1116  -1
561   340   -1
561   934   -1
562   1126  -1
563   362   -1
566   951   -1
570   370   -1
572   951   -1
573   437   -1
574   930   -1
580   450   -1
582   955   -1
583   963   -1
584   946   -1
585   937   -1
587   289   -1
587   396   -1
589   1076  -1
591   896   -1
592   259   -1
592   537   -1
593   405   -1
594   494   -1
594   890   -1
594   1134  -1
595   179   -1
596   887   -1
598   1173  -1
600   545   -1
600   572   -1
602   942   -1
602   1232  -1
603   974   -1
604   169   -1
604   502   -1
605   1153  -1
606   956   -1
608   951   -1
609   882   -1
609   1245  -1
610   600   -1
610   1816  -1
611   965   -1
612   161   -1
612   575   -1
612   584   -1
613   1236  -1
614   925   -1
615   355   -1
616   599   -1
616   617   -1
618   1240  -1
619   896   -1
620   76    -1
620   147   -1
620   672   -1
620   715   -1
621   429   -1
622   680   -1
624   449   -1
624   561   -1
624   612   -1
625   575   -1
626   400   -1
626   1264  -1
628   434   -1
629   1181  -1
630   592   -1
633   400   -1
634   695   -1
634   699   -1
634   1213  -1
637   740   -1
638   71    -1
638   1813  -1
639   12    -1
639   654   -1
640   621   -1
641   708   -1
643   418   -1
643   1657  -1
644   406   -1
644   774   -1
645   1250  -1
646   629   -1
647   763   -1
648   943   -1
649   356   -1
649   653   -1
649   807   -1
650   707   -1
650   852   -1
652   1780  -1
653   31    -1
653   1553  -1
654   934   -1
654   1793  -1
655   752   -1
656   1785  -1
659   1468  -1
660   844   -1
660   1719  -1
661   634   -1
662   1759  -1
663   648   -1
663   775   -1
664   1772  -1
665   817   -1
667   1522  -1
667   1725  -1
668   1553  -1
669   627   -1
669   631   -1
669   715   -1
669   742   -1
669   1375  -1
670   1435  -1
672   384   -1
673   671   -1
674   813   -1
675   434   -1
675   1368  -1
675   1485  -1
676   348   -1
676   698   -1
676   1306  -1
677   676   -1
677   753   -1
679   424   -1
680   730   -1
681   351   -1
682   746   -1
684   1432  -1
687   638   -1
688   669   -1
688   728   -1
691   1660  -1
692   776   -1
695   938   -1
695   1794  -1
696   324   -1
698   768   -1
699   410   -1
699   1664  -1
700   317   -1
700   747   -1
701   46    -1
703   750   -1
704   320   -1
705   784   -1
706   54    -1
706   641   -1
706   1436  -1
709   681   -1
711   1320  -1
714   1406  -1
716   643   -1
716   773   -1
716   1656  -1
718   1260  -1
719   211   -1
721   1319  -1
721   1362  -1
723   945   -1
723   1430  -1
725   954   -1
727   638   -1
728   1677  -1
729   136   -1
729   1329  -1
729   1429  -1
729   1821  -1
730   101   -1
730   287   -1
730   410   -1
730   1320  -1
731   167   -1
733   220   -1
733   1350  -1
733   1398  -1
734   278   -1
735   1632  -1
736   949   -1
737   1844  -1
738   195   -1
739   1393  -1
740   671   -1
740   771   -1
740   1683  -1
742   809   -1
743   1383  -1
744   813   -1
749   821   -1
749   859   -1
750   877   -1
751   231   -1
752   144   -1
753   222   -1
755   169   -1
758   889   -1
759   796   -1
761   1640  -1
763   1285  -1
764   1638  -1
765   877   -1
766   405   -1
767   91    -1
769   223   -1
770   235   -1
770   1636  -1
773   1455  -1
774   89    -1
776   1269  -1
780   921   -1
782   784   -1
782   888   -1
785   197   -1
785   910   -1
785   1301  -1
790   1687  -1
790   2040  -1
795   257   -1
796   794   -1
798   1641  -1
799   560   -1
800   439   -1
803   433   -1
805   1296  -1
806   1007  -1
807   1002  -1
808   1480  -1
809   803   -1
810   430   -1
813   1032  -1
814   445   -1
814   1015  -1
818   1466  -1
819   928   -1
820   1447  -1
824   372   -1
825   807   -1
826   387   -1
826   1327  -1
827   789   -1
827   984   -1
827   1652  -1
828   1074  -1
832   1276  -1
834   1625  -1
836   1587  -1
837   435   -1
837   457   -1
837   1306  -1
838   1595  -1
839   445   -1
841   1304  -1
847   1554  -1
849   1480  -1
851   1079  -1
851   1300  -1
851   1609  -1
851   1966  -1
852   979   -1
852   989   -1
854   1937  -1
856   1514  -1
860   1314  -1
860   1505  -1
863   1469  -1
864   1087  -1
864   1545  -1
865   342   -1
865   1465  -1
866   824   -1
868   1922  -1
869   458   -1
871   1596  -1
872   1931  -1
874   1210  -1
874   1483  -1
874   1572  -1
874   1588  -1
875   1599  -1
877   1059  -1
877   1298  -1
878   1096  -1
879   344   -1
879   499   -1
879   1126  -1
880   1457  -1
881   1521  -1
882   1630  -1
885   477   -1
886   500   -1
886   1239  -1
888   822   -1
888   1645  -1
890   480   -1
890   1227  -1
890   1260  -1
892   827   -1
893   1193  -1
896   1089  -1
897   1075  -1
898   1266  -1
898   1564  -1
899   1007  -1
899   1543  -1
900   830   -1
901   1026  -1
902   1123  -1
903   1073  -1
903   1108  -1
903   1212  -1
905   1118  -1
906   1517  -1
907   1203  -1
908   993   -1
909   1005  -1
911   1015  -1
913   1603  -1
914   1095  -1
915   522   -1
915   852   -1
916   1652  -1
917   1560  -1
918   1271  -1
918   1591  -1
919   1109  -1
919   1625  -1
921   1058  -1
921   1321  -1
923   532   -1
923   842   -1
923   1097  -1
924   546   -1
925   428   -1
925   515   -1
926   1173  -1
926   1654  -1
927   869   -1
927   1200  -1
930   1083  -1
932   878   -1
932   1264  -1
933   1297  -1
935   555   -1
935   857   -1
936   1233  -1
937   442   -1
938   1155  -1
938   1286  -1
940   1276  -1
940   1359  -1
942   581   -1
943   887   -1
944   553   -1
944   1132  -1
944   1228  -1
948   23    -1
948   426   -1
948   1243  -1
948   1355  -1
949   1255  -1
950   607   -1
951   914   -1
952   905   -1
953   1208  -1
954   1220  -1
955   886   -1
955   927   -1
955   1224  -1
956   1101  -1
958   1079  -1
959   1148  -1
959   1365  -1
961   620   -1
961   1309  -1
962   954   -1
963   1165  -1
966   938   -1
968   27    -1
968   635   -1
969   51    -1
969   1303  -1
971   943   -1
973   442   -1
974   634   -1
977   655   -1
977   1067  -1
977   1668  -1
978   948   -1
978   969   -1
979   1025  -1
981   1333  -1
982   1287  -1
983   1371  -1
983   1675  -1
984   961   -1
986   991   -1
986   1302  -1
987   443   -1
987   614   -1
988   1099  -1
990   1486  -1
992   45    -1
992   649   -1
992   906   -1
992   1336  -1
993   942   -1
994   1313  -1
994   1477  -1
996   93    -1
996   1011  -1
996   1212  -1
996   1282  -1
998   682   -1
998   1019  -1
998   1343  -1
999   1144  -1
1000  0     -1
1000  1025  -1
1000  1073  -1
1000  1636  -1
1002  936   -1
1002  1085  -1
1003  1693  -1
1004  698   -1
1005  1269  -1
1005  1408  -1
1007  1099  -1
1008  94    -1
1010  1129  -1
1010  1497  -1
1014  720   -1
1016  690   -1
1016  1234  -1
1016  1310  -1
1017  1130  -1
1018  1168  -1
1020  708   -1
1020  1676  -1
1021  899   -1
1021  1320  -1
1021  1352  -1
1022  1272  -1
1024  1383  -1
1025  93    -1
1025  1294  -1
1025  1337  -1
1026  708   -1
1026  1471  -1
1028  1392  -1
1030  1388  -1
1030  1508  -1
1030  1651  -1
1031  467   -1
1032  693   -1
1032  1344  -1
1032  1521  -1
1033  1168  -1
1034  1187  -1
1034  1716  -1
1035  1527  -1
1036  1119  -1
1037  1239  -1
1037  1397  -1
1038  1457  -1
1039  1362  -1
1040  1387  -1
1041  732   -1
1042  1193  -1
1042  1226  -1
1043  1186  -1
1043  1694  -1
1043  1722  -1
1044  132   -1
1046  1085  -1
1048  722   -1
1048  1467  -1
1048  1691  -1
1050  1212  -1
1050  1252  -1
1052  765   -1
1052  1337  -1
1052  1407  -1
1052  1650  -1
1054  892   -1
1054  1138  -1
1055  885   -1
1056  1304  -1
1056  1374  -1
1057  913   -1
1057  1163  -1
1058  1188  -1
1061  748   -1
1062  486   -1
1062  1121  -1
1062  1171  -1
1062  1214  -1
1066  1378  -1
1070  154   -1
1071  1258  -1
1072  790   -1
1072  1351  -1
1073  1423  -1
1074  877   -1
1074  1184  -1
1075  821   -1
1076  1176  -1
1076  1503  -1
1077  1298  -1
1077  1374  -1
1079  1446  -1
1080  817   -1
1081  1210  -1
1083  788   -1
1083  1346  -1
1085  1158  -1
1086  1199  -1
1087  794   -1
1087  1115  -1
1087  1352  -1
1089  1359  -1
1091  1366  -1
1091  1506  -1
1092  1280  -1
1093  1120  -1
1093  1414  -1
1093  1705  -1
1094  176   -1
1095  1393  -1
1095  1468  -1
1096  1287  -1
1098  820   -1
1099  6     -1
1100  1704  -1
1101  1089  -1
1102  1084  -1
1102  1167  -1
1102  1392  -1
1102  1547  -1
1104  1262  -1
1105  856   -1
1105  1218  -1
1106  1108  -1
1107  1214  -1
1107  1739  -1
1108  128   -1
1108  491   -1
1109  476   -1
1109  820   -1
1109  872   -1
1110  1097  -1
1110  1227  -1
1111  184   -1
1112  828   -1
1112  1167  -1
1114  1703  -1
1116  1106  -1
1116  1415  -1
1117  861   -1
1117  1224  -1
1117  1261  -1
1118  839   -1
1118  874   -1
1119  1275  -1
1122  1294  -1
1122  1302  -1
1122  1373  -1
1123  9     -1
1123  1383  -1
1124  1260  -1
1125  1157  -1
1126  165   -1
1126  833   -1
1126  874   -1
1126  1246  -1
1126  1611  -1
1127  1102  -1
1127  1116  -1
1127  1379  -1
1127  1454  -1
1129  144   -1
1129  1093  -1
1130  496   -1
1130  1064  -1
1131  1194  -1
1132  1327  -1
1134  151   -1
1135  1102  -1
1136  1227  -1
1138  201   -1
1138  1076  -1
1138  1457  -1
1138  1680  -1
1139  1354  -1
1140  1106  -1
1141  479   -1
1141  1394  -1
1142  879   -1
1142  1533  -1
1146  223   -1
1146  1464  -1
1147  1396  -1
1148  1284  -1
1149  1347  -1
1152  1413  -1
1152  1731  -1
1153  183   -1
1155  1213  -1
1156  1523  -1
1158  850   -1
1159  1358  -1
1161  191   -1
1163  1068  -1
1163  1342  -1
1164  468   -1
1164  850   -1
1164  1323  -1
1164  1614  -1
1167  885   -1
1168  207   -1
1171  1036  -1
1171  1322  -1
1171  1385  -1
1172  342   -1
1173  430   -1
1173  1515  -1
1173  1568  -1
1174  493   -1
1174  884   -1
1174  1463  -1
1176  861   -1
1176  1600  -1
1177  855   -1
1177  1400  -1
1178  387   -1
1178  897   -1
1178  1225  -1
1179  1270  -1
1180  850   -1
1180  1219  -1
1180  1556  -1
1181  1373  -1
1181  1611  -1
1182  281   -1
1182  343   -1
1183  1483  -1
1184  385   -1
1184  412   -1
1184  1413  -1
1184  1692  -1
1185  1216  -1
1185  1494  -1
1186  1419  -1
1187  314   -1
1187  1114  -1
1188  866   -1
1188  1672  -1
1191  423   -1
1191  1401  -1
1191  1545  -1
1191  1617  -1
1191  1689  -1
1192  436   -1
1193  377   -1
1194  1377  -1
1194  1595  -1
1195  1345  -1
1195  1481  -1
1196  405   -1
1197  1321  -1
1198  1141  -1
1199  1040  -1
1200  1406  -1
1200  1504  -1
1201  903   -1
1201  1220  -1
1202  482   -1
1203  1394  -1
1203  1444  -1
1203  1496  -1
1204  314   -1
1204  1379  -1
1204  1722  -1
1205  473   -1
1205  1126  -1
1205  1333  -1
1206  375   -1
1206  1263  -1
1206  1518  -1
1206  1557  -1
1207  390   -1
1207  1190  -1
1207  1435  -1
1207  1482  -1
1209  479   -1
1209  1383  -1
1209  1550  -1
1209  1681  -1
1211  1281  -1
1211  1331  -1
1213  899   -1
1214  1165  -1
1215  820   -1
1215  1255  -1
1215  1304  -1
1215  1442  -1
1215  1453  -1
1215  1471  -1
1215  1589  -1
1216  1267  -1
1216  1368  -1
1217  1406  -1
1217  1649  -1
1218  486   -1
1218  1151  -1
1218  1573  -1
1218  1616  -1
1219  1489  -1
1219  1499  -1
1221  1194  -1
1222  1476  -1
1222  1648  -1
1223  309   -1
1223  1333  -1
1224  1355  -1
1224  1471  -1
1225  1199  -1
1225  1551  -1
1226  465   -1
1227  1445  -1
1227  1503  -1
1227  1661  -1
1228  475   -1
1231  1056  -1
1233  1263  -1
1233  1288  -1
1234  1515  -1
1235  1447  -1
1236  1420  -1
1238  1364  -1
1238  1481  -1
1239  319   -1
1239  1287  -1
1239  1506  -1
1240  1401  -1
1241  263   -1
1241  299   -1
1242  908   -1
1242  1453  -1
1243  486   -1
1243  1170  -1
1243  1459  -1
1244  1124  -1
1244  1447  -1
1245  1570  -1
1246  893   -1
1246  1338  -1
1247  1254  -1
1247  1372  -1
1248  1128  -1
1248  1313  -1
1248  1441  -1
1249  1590  -1
1250  330   -1
1250  1619  -1
1251  252   -1
1251  1414  -1
1252  480   -1
1252  495   -1
1252  1457  -1
1253  1418  -1
1254  1431  -1
1254  1466  -1
1255  464   -1
1256  1072  -1
1256  1377  -1
1257  1168  -1
1257  1202  -1
1257  1338  -1
1258  1261  -1
1259  1373  -1
1260  884   -1
1260  1403  -1
1260  1653  -1
1261  470   -1
1262  1095  -1
1262  1438  -1
1263  277   -1
1264  1288  -1
1264  1303  -1
1264  1415  -1
1266  1115  -1
1266  1356  -1
1266  1457  -1
1267  1325  -1
1268  926   -1
1269  278   -1
1269  1158  -1
1269  1512  -1
1270  478   -1
1270  1173  -1
1270  1604  -1
1271  1350  -1
1271  1400  -1
1272  1307  -1
1272  1499  -1
1273  966   -1
1273  1408  -1
1274  1543  -1
1275  1277  -1
1275  1452  -1
1276  1199  -1
1276  1397  -1
1276  1446  -1
1277  1016  -1
1277  1652  -1
1278  1037  -1
1278  1304  -1
1278  1642  -1
1279  1222  -1
1280  1328  -1
1280  1373  -1
1282  322   -1
1282  1484  -1
1282  1620  -1
1283  1279  -1
1283  1390  -1
1283  1458  -1
1284  1126  -1
1285  474   -1
1286  1245  -1
1286  1337  -1
1286  1511  -1
1287  181   -1
1287  236   -1
1287  967   -1
1288  1352  -1
1289  1313  -1
1290  1504  -1
1291  1173  -1
1292  960   -1
1292  1153  -1
1292  1569  -1
1293  1112  -1
1294  1498  -1
1295  1221  -1
1295  1245  -1
1295  1607  -1
1296  481   -1
1296  1239  -1
1296  1259  -1
1296  1357  -1
1297  458   -1
1297  1457  -1
1298  1152  -1
1298  1336  -1
1298  1390  -1
1301  953   -1
1301  1110  -1
1301  1364  -1
1301  1383  -1
1302  1307  -1
1303  1243  -1
1304  1268  -1
1304  1323  -1
1304  1461  -1
1305  1294  -1
1305  1495  -1
1306  1355  -1
1306  1489  -1
1307  1378  -1
1307  1480  -1
1308  951   -1
1310  272   -1
1311  985   -1
1312  1009  -1
1313  1343  -1
1314  998   -1
1314  1216  -1
1314  1439  -1
1314  1464  -1
1315  196   -1
1315  1271  -1
1316  1391  -1
1317  268   -1
1317  1489  -1
1319  952   -1
1319  956   -1
1319  1408  -1
1320  915   -1
1320  1178  -1
1321  1137  -1
1321  1218  -1
1322  471   -1
1322  1145  -1
1324  1077  -1
1324  1174  -1
1324  1207  -1
1324  1240  -1
1324  1287  -1
1325  1447  -1
1326  1384  -1
1326  1473  -1
1327  1442  -1
1328  1150  -1
1329  102   -1
1329  1411  -1
1330  962   -1
1330  1177  -1
1331  472   -1
1331  1098  -1
1333  1296  -1
1334  1475  -1
1335  1231  -1
1335  1257  -1
1335  1278  -1
1336  1370  -1
1336  1535  -1
1337  1200  -1
1337  1392  -1
1338  145   -1
1339  1339  -1
1340  1432  -1
1341  281   -1
1341  1187  -1
1342  921   -1
1342  1294  -1
1344  1159  -1
1344  1212  -1
1346  885   -1
1346  1066  -1
1346  1167  -1
1346  1174  -1
1346  1525  -1
1347  1333  -1
1348  1188  -1
1349  1506  -1
1351  874   -1
1351  1248  -1
1352  1328  -1
1353  1035  -1
1353  1277  -1
1353  1337  -1
1354  991   -1
1354  1458  -1
1355  466   -1
1355  1004  -1
1355  1351  -1
1355  1358  -1
1356  1698  -1
1357  1425  -1
1358  1249  -1
1359  1539  -1
1360  1113  -1
1360  1202  -1
1361  1440  -1
1361  1555  -1
1361  1622  -1
1362  479   -1
1362  1077  -1
1362  1087  -1
1362  1397  -1
1363  463   -1
1363  1461  -1
1364  455   -1
1364  1499  -1
1365  1555  -1
1366  475   -1
1366  1454  -1
1367  1288  -1
1368  466   -1
1368  1531  -1
1369  1250  -1
1370  1033  -1
1370  1061  -1
1370  1526  -1
1371  1491  -1
1372  1210  -1
1372  1393  -1
1372  1544  -1
1373  1405  -1
1373  1516  -1
1374  67    -1
1374  263   -1
1375  1497  -1
1377  1143  -1
1377  1424  -1
1378  461   -1
1378  1340  -1
1379  1776  -1
1381  955   -1
1381  1115  -1
1382  1463  -1
1383  461   -1
1383  1257  -1
1383  1813  -1
1383  1838  -1
1384  1552  -1
1385  1061  -1
1385  1287  -1
1386  1101  -1
1388  1031  -1
1388  1379  -1
1389  938   -1
1390  37    -1
1390  945   -1
1390  1520  -1
1391  1246  -1
1391  1554  -1
1392  1325  -1
1394  1545  -1
1396  1270  -1
1396  1554  -1
1396  1736  -1
1397  965   -1
1397  1472  -1
1398  911   -1
1398  1578  -1
1399  223   -1
1399  1093  -1
1402  937   -1
1403  1177  -1
1403  1290  -1
1403  1599  -1
1404  1479  -1
1404  1711  -1
1405  469   -1
1406  1176  -1
1407  462   -1
1407  474   -1
1407  1201  -1
1407  1681  -1
1408  931   -1
1408  1399  -1
1410  476   -1
1410  1507  -1
1410  1864  -1
1411  1098  -1
1411  1486  -1
1412  175   -1
1412  1117  -1
1412  1495  -1
1412  1501  -1
1413  965   -1
1413  1374  -1
1415  1123  -1
1415  1257  -1
1416  1683  -1
1417  1144  -1
1418  1445  -1
1419  907   -1
1419  1034  -1
1419  1039  -1
1419  1477  -1
1420  1274  -1
1420  1351  -1
1421  1061  -1
1421  1503  -1
1422  192   -1
1422  1178  -1
1422  1284  -1
1422  1320  -1
1422  1381  -1
1423  1147  -1
1423  1161  -1
1424  1189  -1
1425  1267  -1
1426  970   -1
1426  1287  -1
1427  1403  -1
1428  1194  -1
1429  1076  -1
1429  1147  -1
1429  1164  -1
1429  1632  -1
1431  141   -1
1431  1058  -1
1431  1210  -1
1431  1409  -1
1432  1219  -1
1433  1193  -1
1434  1226  -1
1434  1653  -1
1435  1372  -1
1435  1613  -1
1436  1161  -1
1436  1189  -1
1436  1322  -1
1437  127   -1
1439  1128  -1
1439  1625  -1
1440  902   -1
1440  1102  -1
1440  1224  -1
1440  1289  -1
1440  1328  -1
1440  1390  -1
1442  1349  -1
1442  1612  -1
1443  1106  -1
1444  1142  -1
1444  1292  -1
1444  1413  -1
1446  968   -1
1446  1429  -1
1447  1150  -1
1447  1460  -1
1448  1203  -1
1449  1389  -1
1449  1698  -1
1450  1630  -1
1451  1368  -1
1451  1479  -1
1452  853   -1
1453  868   -1
1453  1120  -1
1453  1366  -1
1454  1531  -1
1456  851   -1
1456  1234  -1
1460  1243  -1
1462  1405  -1
1463  977   -1
1463  1126  -1
1463  1527  -1
1464  1334  -1
1464  1685  -1
1465  1252  -1
1465  1263  -1
1466  1225  -1
1467  1074  -1
1467  1326  -1
1469  1265  -1
1470  1174  -1
1470  1332  -1
1470  1559  -1
1471  847   -1
1471  864   -1
1471  1114  -1
1471  1208  -1
1471  1347  -1
1471  1406  -1
1475  1122  -1
1476  1384  -1
1476  1680  -1
1477  1417  -1
1477  1691  -1
1478  1291  -1
1479  1169  -1
1479  1311  -1
1480  1243  -1
1480  1406  -1
1481  1415  -1
1481  1448  -1
1483  1216  -1
1483  1383  -1
1483  1455  -1
1484  1096  -1
1486  861   -1
1486  1269  -1
1486  1468  -1
1487  1320  -1
1487  1361  -1
1488  1238  -1
1488  1416  -1
1489  1085  -1
1490  1228  -1
1491  1165  -1
1491  1671  -1
1493  1291  -1
1493  1337  -1
1495  1071  -1
1495  1397  -1
1496  1179  -1
1496  1245  -1
1497  1108  -1
1497  1224  -1
1498  1168  -1
1498  1603  -1
1499  1138  -1
1499  1567  -1
1500  1664  -1
1502  837   -1
1502  1099  -1
1503  1166  -1
1504  1025  -1
1505  1283  -1
1508  1380  -1
1511  821   -1
1511  1094  -1
1511  1222  -1
1511  1237  -1
1513  1316  -1
1515  1158  -1
1516  1238  -1
1517  1287  -1
1518  1192  -1
1518  1542  -1
1519  849   -1
1519  992   -1
1519  1056  -1
1519  1401  -1
1520  1005  -1
1521  1175  -1
1522  824   -1
1522  1134  -1
1523  1315  -1
1524  1558  -1
1524  1700  -1
1525  1181  -1
1525  1577  -1
1526  1171  -1
1527  1311  -1
1527  1390  -1
1528  1380  -1
1530  1685  -1
1532  1085  -1
1533  1126  -1
1533  1345  -1
1534  1306  -1
1534  1571  -1
1535  983   -1
1535  1289  -1
1535  1390  -1
1536  1662  -1
1537  1360  -1
1537  1407  -1
1538  1032  -1
1539  1141  -1
1539  1438  -1
1541  1025  -1
1541  1070  -1
1541  1209  -1
1541  1392  -1
1542  1651  -1
1543  1130  -1
1543  1280  -1
1544  1005  -1
1544  1177  -1
1545  1562  -1
1547  1076  -1
1547  1142  -1
1548  810   -1
1548  840   -1
1548  1083  -1
1548  1124  -1
1549  1326  -1
1549  1611  -1
1550  1289  -1
1550  1317  -1
1550  1387  -1
1550  1550  -1
1551  1563  -1
1552  984   -1
1552  1448  -1
1553  1337  -1
1554  1666  -1
1555  996   -1
1555  1165  -1
1555  1406  -1
1556  1341  -1
1556  1679  -1
1557  838   -1
1559  1062  -1
1559  1543  -1
1561  1462  -1
1561  1608  -1
1563  1213  -1
1564  1316  -1
1566  1162  -1
1566  1577  -1
1566  1621  -1
1567  1113  -1
1568  1157  -1
1568  1181  -1
1570  1286  -1
1571  1231  -1
1571  1250  -1
1571  1671  -1
1573  1665  -1
1575  1011  -1
1575  1054  -1
1575  1254  -1
1575  1607  -1
1578  1366  -1
1578  1486  -1
1579  826   -1
1579  1162  -1
1580  1187  -1
1580  1360  -1
1581  1602  -1
1583  1028  -1
1583  1611  -1
1583  1663  -1
1584  1119  -1
1584  1158  -1
1585  1390  -1
1585  1670  -1
1587  1136  -1
1589  1109  -1
1589  1397  -1
1590  1645  -1
1592  1635  -1
1593  1291  -1
1593  1656  -1
1594  1408  -1
1595  1088  -1
1596  1536  -1
1597  819   -1
1598  1156  -1
1598  1231  -1
1599  1349  -1
1599  1663  -1
1601  1357  -1
1601  1632  -1
1602  1176  -1
1602  1221  -1
1602  1646  -1
1603  1014  -1
1604  1250  -1
1605  1076  -1
1605  1130  -1
1605  1302  -1
1605  1583  -1
1606  800   -1
1606  1212  -1
1606  1455  -1
1607  1150  -1
1608  1011  -1
1608  1373  -1
1609  1498  -1
1609  1641  -1
1610  1122  -1
1611  1581  -1
1612  1160  -1
1612  1231  -1
1613  1219  -1
1613  1370  -1
1614  1290  -1
1614  1383  -1
1615  1362  -1
1616  1471  -1
1617  1208  -1
1618  1143  -1
1618  1483  -1
1619  1299  -1
1621  1120  -1
1622  1341  -1
1622  1515  -1
1624  1297  -1
1624  1476  -1
1624  1487  -1
1626  1046  -1
1626  1597  -1
1629  1276  -1
1630  1005  -1
1631  1171  -1
1631  1184  -1
1631  1215  -1
1631  1232  -1
1632  1032  -1
1633  1616  -1
1634  1535  -1
1635  1496  -1
1638  1192  -1
1638  1314  -1
1638  1360  -1
1640  1017  -1
1641  1617  -1
1643  1331  -1
1643  1514  -1
1647  1014  -1
1648  1190  -1
1649  1246  -1
1650  1223  -1
1652  1542  -1
1653  1526  -1
1655  993   -1
1656  1101  -1
1658  1070  -1
1658  1614  -1
1658  1694  -1
1660  1296  -1
1660  1600  -1
1662  1580  -1
1663  1263  -1
1664  1591  -1
1665  1097  -1
1666  1205  -1
1667  1087  -1
1668  1758  -1
1669  900   -1
1669  1386  -1
1670  1301  -1
1671  57    -1
1672  1348  -1
1672  1654  -1
1673  1766  -1
1674  1081  -1
1674  1668  -1
1674  1686  -1
1675  1410  -1
1676  439   -1
1676  1277  -1
1677  418   -1
1677  1599  -1
1678  1062  -1
1678  1300  -1
1679  1095  -1
1680  1397  -1
1681  1652  -1
1682  1575  -1
1683  1151  -1
1685  427   -1
1686  405   -1
1686  1072  -1
1688  708   -1
1688  1099  -1
1689  1387  -1
1690  1039  -1
1691  1024  -1
1691  1665  -1
1692  865   -1
1692  1551  -1
1693  859   -1
1693  1486  -1
1694  437   -1
1696  433   -1
1697  1302  -1
1698  1273  -1
1698  1282  -1
1699  1237  -1
1701  1924  -1
1702  1334  -1
1703  711   -1
1703  1307  -1
1704  1255  -1
1704  1313  -1
1704  1355  -1
1704  1648  -1
1706  1181  -1
1706  1557  -1
1707  463   -1
1707  1096  -1
1708  1370  -1
1708  1472  -1
1710  517   -1
1710  660   -1
1710  672   -1
1710  1093  -1
1711  687   -1
1711  1480  -1
1711  1502  -1
1712  1084  -1
1713  172   -1
1714  500   -1
1714  547   -1
1714  577   -1
1714  1107  -1
1714  1462  -1
1715  605   -1
1715  983   -1
1716  472   -1
1716  1396  -1
1718  566   -1
1718  1167  -1
1719  1293  -1
1719  1581  -1
1720  479   -1
1720  1025  -1
1720  1282  -1
1720  1474  -1
1721  596   -1
1722  1042  -1
1723  1102  -1
1723  1131  -1
1724  1350  -1
1724  1482  -1
1725  1428  -1
1725  1550  -1
1725  1579  -1
1725  1595  -1
1726  1623  -1
1727  1329  -1
1727  1449  -1
1728  630   -1
1730  510   -1
1730  528   -1
1730  1656  -1
1730  1915  -1
1732  1091  -1
1732  1535  -1
1734  664   -1
1734  1022  -1
1735  1457  -1
1735  1475  -1
1736  1359  -1
1737  1428  -1
1737  1625  -1
1738  515   -1
1739  1355  -1
1739  1396  -1
1739  1409  -1
1740  489   -1
1740  1038  -1
1740  1081  -1
1740  1167  -1
1741  998   -1
1741  1254  -1
1742  1224  -1
1743  1471  -1
1743  1568  -1
1744  1202  -1
1745  1335  -1
1746  1304  -1
1747  1279  -1
1748  2015  -1
1749  1487  -1
1749  1500  -1
1750  1392  -1
1750  1631  -1
1751  1140  -1
1751  1265  -1
1751  1551  -1
1751  1660  -1
1752  950   -1
1752  1077  -1
1752  1089  -1
1753  1411  -1
1754  480   -1
1756  535   -1
1756  1071  -1
1756  1243  -1
1757  1340  -1
1757  1543  -1
1759  1088  -1
1760  1544  -1
1762  942   -1
1762  1199  -1
1762  1358  -1
1763  1116  -1
1763  1273  -1
1763  1581  -1
1764  1029  -1
1765  1233  -1
1765  1593  -1
1766  1383  -1
1767  516   -1
1767  1310  -1
1767  1955  -1
1769  997   -1
1770  530   -1
1770  1553  -1
1770  1982  -1
1771  105   -1
1772  1124  -1
1772  1214  -1
1772  1339  -1
1773  1329  -1
1774  1565  -1
1775  1261  -1
1775  1363  -1
1777  524   -1
1777  1058  -1
1777  1423  -1
1778  1345  -1
1778  1506  -1
1780  1559  -1
1781  1322  -1
1783  1095  -1
1784  1623  -1
1785  1222  -1
1787  1044  -1
1788  938   -1
1788  944   -1
1788  1237  -1
1788  1558  -1
1788  1603  -1
1790  532   -1
1790  1527  -1
1791  1647  -1
1791  1709  -1
1792  553   -1
1792  1265  -1
1792  1496  -1
1792  1979  -1
1793  1436  -1
1794  1328  -1
1795  576   -1
1798  1553  -1
1800  918   -1
1802  985   -1
1805  939   -1
1805  1320  -1
1805  1767  -1
1807  1668  -1
1808  1503  -1
1809  1147  -1
1809  1432  -1
1810  1795  -1
1811  947   -1
1811  1174  -1
1811  1603  -1
1812  1459  -1
1812  1501  -1
1813  951   -1
1814  1004  -1
1814  1467  -1
1815  1244  -1
1815  1416  -1
1815  1613  -1
1817  1231  -1
1817  1665  -1
1818  1234  -1
1820  591   -1
1820  953   -1
1822  1423  -1
1823  913   -1
1823  1389  -1
1824  598   -1
1825  1149  -1
1827  1209  -1
1827  1964  -1
1830  1045  -1
1830  1343  -1
1832  1494  -1
1833  1238  -1
1833  1266  -1
1836  593   -1
1838  1219  -1
1838  1269  -1
1839  579   -1
1839  1239  -1
1840  1487  -1
1840  1663  -1
1841  1530  -1
1843  1365  -1
1845  1292  -1
1845  1545  -1
1846  596   -1
1846  1669  -1
1848  1326  -1
1848  1407  -1
1849  1219  -1
1849  1319  -1
1850  1336  -1
1851  1553  -1
1853  1224  -1
1854  842   -1
1856  613   -1
1856  1254  -1
1856  1452  -1
1858  877   -1
1861  653   -1
1861  1526  -1
1863  1342  -1
1863  1478  -1
1863  1509  -1
1864  1545  -1
1865  855   -1
1866  841   -1
1866  1945  -1
1867  1063  -1
1868  1219  -1
1869  849   -1
1872  1059  -1
1876  1198  -1
1878  1039  -1
1879  1456  -1
1883  1221  -1
1883  1541  -1
1884  1960  -1
1885  1217  -1
1886  880   -1
1888  1419  -1
1896  1024  -1
1899  1195  -1
1899  1566  -1
1903  631   -1
1906  833   -1
1907  617   -1
1909  2001  -1
1914  1689  -1
1916  1597  -1
1917  1219  -1
1918  1345  -1
1918  1490  -1
1919  1477  -1
1923  1625  -1
1923  1797  -1
1924  1215  -1
1927  1618  -1
1929  1078  -1
1929  1284  -1
1930  1247  -1
1931  1307  -1
1933  607   -1
1933  1335  -1
1936  1216  -1
1945  1199  -1
1949  1498  -1
1952  1392  -1
1954  824   -1
1956  1457  -1
1957  618   -1
1958  1208  -1
1959  1329  -1
1960  1726  -1
1961  569   -1
1961  1523  -1
1961  1827  -1
1964  721   -1
1966  1190  -1
1970  706   -1
1971  1248  -1
1973  624   -1
1973  1341  -1
1981  1115  -1
1981  1534  -1
1982  1313  -1
1983  1271  -1
1984  1285  -1
1985  1250  -1
1988  1257  -1
1988  1702  -1
1991  1577  -1
1993  726   -1
1995  1497  -1
1998  1382  -1
1999  1718  -1
2007  1314  -1
2016  740   -1
2018  1371  -1
2019  1122  -1
2021  1133  -1
2032  1379  -1
2035  531   -1
2039  1288  -1
2042  1228  -1
2047  1190  -1
98    1201  -1
109   441   -1
192   1147  -1
306   896   -1
324   995   -1
341   339   -1
345   314   -1
347   316   -1
343   312   -1
346   965   -1
360   921   -1
363   888   -1
376   848   -1
449   440   -1
476   441   -1
523   924   -1
527   306   -1
559   1088  -1
564   423   -1
574   473   -1
578   958   -1
595   1102  -1
595   908   -1
598   294   -1
602   471   -1
603   876   -1
604   508   -1
607   496   -1
610   974   -1
611   1134  -1
618   559   -1
622   354   -1
621   434   -1
626   420   -1
633   404   -1
634   616   -1
637   722   -1
638   711   -1
638   1225  -1
642   867   -1
647   951   -1
650   646   -1
654   1237  -1
653   1512  -1
655   349   -1
654   846   -1
655   947   -1
657   675   -1
661   1555  -1
663   1557  -1
663   835   -1
665   1549  -1
673   429   -1
672   1770  -1
675   741   -1
676   418   -1
677   319   -1
677   622   -1
680   953   -1
681   323   -1
680   1507  -1
684   1391  -1
689   731   -1
689   1409  -1
694   619   -1
692   621   -1
693   625   -1
694   691   -1
698   661   -1
700   174   -1
700   1263  -1
703   954   -1
705   791   -1
709   954   -1
711   793   -1
714   413   -1
723   306   -1
724   796   -1
725   818   -1
727   171   -1
728   948   -1
729   944   -1
733   226   -1
735   622   -1
732   826   -1
735   670   -1
734   936   -1
734   1418  -1
737   667   -1
743   947   -1
738   946   -1
738   678   -1
742   1296  -1
744   416   -1
747   267   -1
752   768   -1
756   420   -1
754   422   -1
754   1404  -1
758   272   -1
758   1268  -1
759   2011  -1
760   242   -1
763   242   -1
761   418   -1
764   265   -1
773   116   -1
773   94    -1
785   254   -1
786   794   -1
787   431   -1
791   933   -1
792   102   -1
792   900   -1
794   1012  -1
795   1007  -1
804   1015  -1
802   1278  -1
816   386   -1
821   1015  -1
823   398   -1
829   370   -1
829   425   -1
830   1323  -1
831   1023  -1
830   1644  -1
831   430   -1
837   375   -1
836   372   -1
835   787   -1
838   808   -1
840   810   -1
839   966   -1
839   1559  -1
842   1046  -1
843   1563  -1
845   436   -1
844   1039  -1
849   1053  -1
849   478   -1
852   1596  -1
854   1537  -1
855   311   -1
855   811   -1
857   459   -1
857   1526  -1
859   1336  -1
860   1536  -1
859   1969  -1
861   1924  -1
865   478   -1
871   818   -1
874   1321  -1
876   818   -1
877   1111  -1
879   1072  -1
884   1130  -1
884   470   -1
886   1148  -1
887   1256  -1
888   1159  -1
888   1332  -1
895   1208  -1
897   1613  -1
898   1042  -1
902   1184  -1
903   1062  -1
905   406   -1
905   1533  -1
906   1561  -1
908   408   -1
910   531   -1
911   1218  -1
912   1269  -1
912   1342  -1
921   1009  -1
923   868   -1
926   1120  -1
929   990   -1
934   1124  -1
933   1157  -1
935   593   -1
935   969   -1
934   973   -1
934   1618  -1
938   1238  -1
939   1106  -1
939   1634  -1
940   978   -1
942   960   -1
944   1618  -1
946   1317  -1
945   1343  -1
946   1120  -1
947   1139  -1
948   1183  -1
947   1187  -1
949   561   -1
953   560   -1
956   1137  -1
959   626   -1
958   987   -1
961   578   -1
962   1022  -1
966   609   -1
967   960   -1
967   1288  -1
967   1177  -1
969   1162  -1
971   1294  -1
973   962   -1
973   1143  -1
975   1208  -1
972   1256  -1
975   1232  -1
980   627   -1
980   1326  -1
982   441   -1
983   651   -1
985   1226  -1
986   1206  -1
986   461   -1
986   1241  -1
989   1016  -1
991   1049  -1
991   1148  -1
991   924   -1
996   1046  -1
995   1202  -1
998   669   -1
999   907   -1
1000  472   -1
1001  11    -1
1002  705   -1
1003  1477  -1
1007  918   -1
1004  1360  -1
1005  885   -1
1005  1632  -1
1006  896   -1
1010  1674  -1
1010  1470  -1
1012  108   -1
1011  476   -1
1013  710   -1
1017  472   -1
1019  724   -1
1017  726   -1
1019  1303  -1
1020  696   -1
1021  908   -1
1024  468   -1
1024  913   -1
1027  1203  -1
1033  1267  -1
1038  1351  -1
1038  1502  -1
1041  1405  -1
1041  759   -1
1041  1122  -1
1043  725   -1
1045  730   -1
1044  1208  -1
1046  1409  -1
1048  1239  -1
1049  1389  -1
1051  749   -1
1057  1101  -1
1055  1099  -1
1055  1422  -1
1055  1452  -1
1057  1172  -1
1058  1261  -1
1059  1274  -1
1059  1345  -1
1065  1725  -1
1066  1261  -1
1067  1436  -1
1068  1082  -1
1068  1343  -1
1069  1393  -1
1070  489   -1
1073  777   -1
1076  1438  -1
1077  783   -1
1078  473   -1
1079  892   -1
1079  882   -1
1080  1378  -1
1081  1106  -1
1084  35    -1
1084  1626  -1
1084  145   -1
1084  1097  -1
1086  1705  -1
1086  818   -1
1087  896   -1
1090  890   -1
1090  793   -1
1091  818   -1
1091  836   -1
1091  1344  -1
1092  833   -1
1092  1298  -1
1093  1302  -1
1094  889   -1
1096  157   -1
1096  160   -1
1097  886   -1
1098  832   -1
1098  1124  -1
1099  1408  -1
1101  813   -1
1102  810   -1
1108  1718  -1
1108  844   -1
1111  1671  -1
1112  481   -1
1114  853   -1
1117  1252  -1
1117  1067  -1
1119  1675  -1
1122  856   -1
1126  880   -1
1126  1164  -1
1125  1288  -1
1126  1176  -1
1127  855   -1
1129  871   -1
1129  1412  -1
1130  471   -1
1133  1109  -1
1132  1266  -1
1133  1303  -1
1133  1118  -1
1134  1170  -1
1134  1313  -1
1135  1567  -1
1138  866   -1
1138  1048  -1
1139  1641  -1
1139  869   -1
1139  1204  -1
1144  483   -1
1145  1223  -1
1146  866   -1
1146  1375  -1
1147  1132  -1
1150  468   -1
1151  1272  -1
1151  878   -1
1157  1129  -1
1157  1132  -1
1153  1131  -1
1154  1519  -1
1154  1306  -1
1155  891   -1
1157  893   -1
1157  867   -1
1159  1472  -1
1160  1712  -1
1160  271   -1
1165  1134  -1
1162  885   -1
1162  1240  -1
1165  1045  -1
1164  1730  -1
1167  1242  -1
1169  877   -1
1170  1389  -1
1172  852   -1
1171  1115  -1
1173  1232  -1
1172  1470  -1
1174  1493  -1
1175  1135  -1
1178  1134  -1
1176  1264  -1
1177  410   -1
1177  893   -1
1177  1429  -1
1178  1243  -1
1181  844   -1
1182  1195  -1
1184  892   -1
1184  1617  -1
1187  856   -1
1188  900   -1
1190  1444  -1
1192  1116  -1
1193  1119  -1
1192  1356  -1
1193  1045  -1
1193  879   -1
1202  426   -1
1200  424   -1
1200  493   -1
1203  848   -1
1203  370   -1
1205  1116  -1
1206  395   -1
1207  852   -1
1208  1119  -1
1208  902   -1
1210  848   -1
1209  885   -1
1212  842   -1
1212  914   -1
1215  1131  -1
1218  855   -1
1217  1681  -1
1221  1515  -1
1223  495   -1
1224  825   -1
1225  489   -1
1226  900   -1
1226  915   -1
1228  1332  -1
1228  1085  -1
1235  277   -1
1234  1478  -1
1235  1675  -1
1238  915   -1
1238  1155  -1
1239  1668  -1
1240  464   -1
1241  1472  -1
1241  1499  -1
1242  920   -1
1242  923   -1
1245  1135  -1
1248  1105  -1
1249  914   -1
1255  1148  -1
1257  1363  -1
1258  1309  -1
1258  1463  -1
1260  1346  -1
1260  1511  -1
1263  484   -1
1263  1170  -1
1263  1275  -1
1263  940   -1
1266  957   -1
1266  1209  -1
1266  1376  -1
1265  1618  -1
1269  1505  -1
1271  1266  -1
1271  1184  -1
1272  1046  -1
1273  1471  -1
1273  1316  -1
1276  1465  -1
1276  1596  -1
1279  1110  -1
1280  1409  -1
1286  1357  -1
1288  1254  -1
1287  1538  -1
1288  1234  -1
1291  1161  -1
1292  994   -1
1292  1423  -1
1291  1614  -1
1293  1326  -1
1295  1287  -1
1297  1370  -1
1298  1348  -1
1300  988   -1
1303  1332  -1
1306  470   -1
1304  1022  -1
1305  479   -1
1305  1566  -1
1306  1001  -1
1306  1456  -1
1309  1048  -1
1308  1393  -1
1307  1422  -1
1310  1301  -1
1313  459   -1
1314  482   -1
1314  980   -1
1315  1025  -1
1315  1521  -1
1318  1568  -1
1320  982   -1
1323  970   -1
1323  1203  -1
1324  1294  -1
1325  1192  -1
1324  1276  -1
1326  457   -1
1326  479   -1
1327  1374  -1
1327  476   -1
1330  1050  -1
1331  1069  -1
1330  1190  -1
1331  1373  -1
1332  1376  -1
1334  1288  -1
1335  1345  -1
1335  474   -1
1336  882   -1
1337  878   -1
1338  1429  -1
1340  1346  -1
1340  1509  -1
1341  451   -1
1342  889   -1
1342  1144  -1
1343  1535  -1
1344  1124  -1
1346  1385  -1
1346  464   -1
1349  1405  -1
1350  1541  -1
1351  1309  -1
1353  1190  -1
1356  1094  -1
1359  1568  -1
1361  1386  -1
1362  1451  -1
1363  1068  -1
1364  1325  -1
1364  1126  -1
1368  875   -1
1368  1136  -1
1368  1584  -1
1370  970   -1
1372  992   -1
1372  468   -1
1372  480   -1
1373  1150  -1
1372  1363  -1
1379  1632  -1
1381  941   -1
1382  1155  -1
1382  256   -1
1382  988   -1
1381  1509  -1
1383  1374  -1
1385  1197  -1
1386  968   -1
1389  975   -1
1387  973   -1
1388  1180  -1
1389  237   -1
1391  235   -1
1388  248   -1
1389  1005  -1
1391  200   -1
1392  473   -1
1392  1179  -1
1392  1413  -1
1393  1616  -1
1393  469   -1
1393  1184  -1
1394  204   -1
1394  1023  -1
1397  1186  -1
1397  1404  -1
1399  1145  -1
1399  1266  -1
1401  478   -1
1401  1336  -1
1405  1452  -1
1407  1188  -1
1409  1251  -1
1410  1020  -1
1413  482   -1
1415  1721  -1
1416  940   -1
1417  1282  -1
1418  464   -1
1423  468   -1
1422  482   -1
1420  467   -1
1419  1202  -1
1421  1369  -1
1423  920   -1
1425  882   -1
1425  1449  -1
1428  1136  -1
1429  1659  -1
1430  1281  -1
1430  1247  -1
1430  1624  -1
1437  1051  -1
1437  1207  -1
1439  1562  -1
1442  1206  -1
1442  1471  -1
1441  1575  -1
1444  1329  -1
1449  1169  -1
1451  1035  -1
1452  1224  -1
1451  1600  -1
1453  1086  -1
1454  1187  -1
1456  1101  -1
1456  1351  -1
1456  1435  -1
1458  1440  -1
1458  1465  -1
1461  1465  -1
1459  1706  -1
1468  1425  -1
1465  99    -1
1466  1209  -1
1467  981   -1
1466  1407  -1
1471  968   -1
1471  1679  -1
1473  1179  -1
1474  111   -1
1476  1089  -1
1476  1300  -1
1476  1157  -1
1478  1596  -1
1481  1154  -1
1481  1262  -1
1482  1002  -1
1482  1119  -1
1484  1225  -1
1484  1092  -1
1486  1305  -1
1486  1394  -1
1487  1550  -1
1486  1597  -1
1488  1425  -1
1491  994   -1
1494  1206  -1
1494  1352  -1
1497  1668  -1
1501  1210  -1
1504  1147  -1
1507  1422  -1
1508  1042  -1
1512  1257  -1
1512  1697  -1
1517  1088  -1
1520  1342  -1
1523  1282  -1
1524  1217  -1
1524  1347  -1
1524  1373  -1
1527  1259  -1
1532  1456  -1
1531  1640  -1
1533  1269  -1
1534  1103  -1
1535  1145  -1
1536  1416  -1
1539  1642  -1
1541  1334  -1
1540  972   -1
1540  1111  -1
1543  1480  -1
1543  1144  -1
1544  1642  -1
1546  1031  -1
1546  1633  -1
1552  1190  -1
1555  1016  -1
1556  1135  -1
1557  1237  -1
1556  1370  -1
1557  1130  -1
1560  1672  -1
1564  1408  -1
1565  1036  -1
1566  1124  -1
1569  1128  -1
1569  1147  -1
1572  1310  -1
1573  973   -1
1576  973   -1
1578  1138  -1
1577  1414  -1
1581  1052  -1
1580  1140  -1
1580  1415  -1
1579  1647  -1
1582  817   -1
1581  1065  -1
1583  985   -1
1583  1179  -1
1583  1263  -1
1583  1649  -1
1585  1469  -1
1588  1307  -1
1590  1620  -1
1593  1505  -1
1595  974   -1
1595  1226  -1
1594  1467  -1
1598  1141  -1
1605  786   -1
1611  1469  -1
1612  1647  -1
1615  1009  -1
1617  1337  -1
1615  1340  -1
1616  1090  -1
1618  773   -1
1621  1204  -1
1623  1173  -1
1625  989   -1
1626  1151  -1
1628  1255  -1
1631  1072  -1
1632  1165  -1
1632  1470  -1
1633  1634  -1
1632  1666  -1
1635  1097  -1
1639  1575  -1
1640  1499  -1
1644  1233  -1
1644  994   -1
1647  1081  -1
1647  1770  -1
1648  1123  -1
1652  1624  -1
1651  1851  -1
1657  1053  -1
1659  1366  -1
1666  736   -1
1665  1109  -1
1674  401   -1
1668  1234  -1
1670  406   -1
1670  416   -1
1669  951   -1
1671  1103  -1
1676  1522  -1
1678  430   -1
1680  888   -1
1685  724   -1
1686  1353  -1
1687  1263  -1
1691  1329  -1
1691  1579  -1
1699  472   -1
1698  1110  -1
1699  1371  -1
1700  980   -1
1703  1440  -1
1710  1614  -1
1714  1613  -1
1709  238   -1
1709  1925  -1
1713  1410  -1
1715  1368  -1
1715  869   -1
1721  1463  -1
1725  1010  -1
1726  1318  -1
1731  1272  -1
1732  1133  -1
1732  1476  -1
1736  1011  -1
1738  1013  -1
1737  1184  -1
1738  1488  -1
1742  1427  -1
1743  1138  -1
1745  955   -1
1748  954   -1
1748  1225  -1
1758  1353  -1
1769  1677  -1
1770  967   -1
1770  1463  -1
1770  1279  -1
1783  1352  -1
1786  1426  -1
1796  1815  -1
1802  953   -1
1810  1078  -1
1811  1274  -1
1825  1111  -1
1829  1228  -1
1829  1223  -1
1836  975   -1
1839  884   -1
1841  1298  -1
1847  1881  -1
1849  1307  -1
1850  812   -1
1854  1612  -1
1861  1054  -1
1865  1464  -1
1867  649   -1
1871  594   -1
1876  1582  -1
1882  1996  -1
1888  846   -1
1903  1514  -1
1904  651   -1
1916  1480  -1
1924  1334  -1
1925  698   -1
1928  1370  -1
1946  1304  -1
1965  707   -1
1979  1382  -1
2032  1308  -1
2037  1311  -1
461   441   0
460   441   0
591   200   1
592   202   1
605   1140  2
606   1140  2
636   750   3
637   750   3
696   753   4
695   752   4
735   681   5
736   681   5
967   1379  6
969   1380  6
1101  1446  7
1101  1447  7
1104  1431  8
1105  1431  8
1112  1294  9
1113  1294  9
1120  1548  10
1119  1547  10
1154  1127  11
1153  1128  11
1158  1222  12
1159  1223  12
1175  249   13
1175  250   13
1177  435   14
1176  436   14
1207  841   15
1207  842   15
1288  1169  16
1289  1169  16
1294  1416  17
1295  1416  17
1325  1297  18
1326  1297  18
1369  1231  19
1367  1230  19
1379  120   20
1378  120   20
1388  41    21
1387  40    21
1496  1145  22
1498  1146  22
1583  1626  23
1584  1625  23
1677  1727  24
1678  1726  24
1696  484   25
1698  488   25
1697  486   25
1841  932   26
1840  930   26
1917  1303  27
1918  1303  27
146   1174  28
147   1174  28
230   860   29
231   860   29
243   490   30
244   492   30
382   827   31
380   827   31
475   444   32
475   446   32
601   1116  33
602   1117  33
609   1210  34
606   1207  34
610   1207  34
609   1210  34
607   1210  34
606   1207  34
610   1207  34
606   1205  34
608   1208  34
611   1210  34
606   1210  34
608   479   35
608   477   35
609   481   35
614   975   36
614   975   36
616   952   37
614   952   37
618   547   38
619   548   38
622   962   39
624   962   39
621   961   39
623   970   40
625   969   40
622   968   40
625   356   41
626   358   41
632   431   42
630   428   42
634   432   42
631   429   42
634   434   42
639   1287  43
640   1287  43
644   398   44
643   396   44
653   1317  45
651   1317  45
652   1536  46
654   1535  46
662   1516  47
663   1516  47
664   1640  48
665   1639  48
666   1453  49
668   1452  49
671   698   50
669   698   50
670   1534  51
669   1536  51
671   947   52
673   948   52
675   342   53
675   344   53
676   1520  54
675   1518  54
676   1516  54
680   778   55
679   780   55
681   392   56
681   392   56
683   626   57
683   628   57
694   301   58
695   301   58
697   1421  59
697   1421  59
712   1258  60
712   1258  60
714   623   61
713   622   61
717   398   62
719   399   62
717   397   62
720   678   63
718   677   63
727   614   64
726   614   64
728   615   64
730   156   65
729   154   65
733   614   66
734   615   66
733   616   66
735   612   66
736   614   66
738   621   67
737   617   67
738   619   67
733   1283  68
734   1283  68
742   940   69
742   940   69
742   939   69
744   941   69
740   943   70
741   945   70
740   942   70
738   943   70
742   943   70
743   944   70
737   942   70
756   257   71
757   258   71
769   185   72
771   185   72
769   244   73
770   246   73
772   904   74
772   902   74
777   226   75
777   224   75
782   47    76
781   45    76
791   168   77
790   166   77
792   169   77
800   1019  78
802   1018  78
805   1021  79
806   1022  79
805   1020  79
803   774   80
803   773   80
805   931   81
804   930   81
827   449   82
829   450   82
839   373   83
839   372   83
836   1063  84
836   1065  84
840   1065  85
841   1066  85
848   994   86
848   994   86
861   817   87
859   816   87
863   980   88
865   981   88
868   1054  89
867   1053  89
872   1941  90
871   1939  90
873   1304  91
873   1303  91
876   1228  92
875   1229  92
879   833   93
879   833   93
885   1142  94
886   1142  94
890   1086  95
890   1086  95
894   1113  96
895   1113  96
892   1113  96
897   1114  96
896   1112  96
901   1043  97
902   1045  97
906   1342  98
905   1342  98
907   1343  98
908   1091  99
908   1092  99
910   498   100
911   497   100
925   1308  101
924   1308  101
927   1008  102
926   1009  102
932   1353  103
932   1353  103
933   994   104
933   992   104
934   978   105
935   979   105
939   925   106
939   925   106
941   1149  107
941   1149  107
944   601   108
945   600   108
944   1127  109
944   1127  109
946   416   110
947   415   110
953   1650  111
955   1652  111
950   1648  111
955   1648  111
950   1652  111
953   1648  111
953   1653  111
956   1654  111
952   1646  111
949   1651  111
957   1651  111
950   1654  111
950   1648  111
953   1650  111
956   1649  111
953   1655  111
958   1653  111
948   1650  111
953   1645  111
952   1652  111
955   1652  111
956   1655  111
958   1650  111
948   1653  111
957   1647  111
951   1650  111
950   1645  111
953   1648  111
947   1649  111
952   1656  111
955   1646  111
950   1654  111
954   1654  111
950   1648  111
955   1651  111
958   1653  111
954   1657  111
955   1648  111
947   1651  111
949   1171  112
949   1171  112
952   1126  113
952   1125  113
960   574   114
961   575   114
960   575   114
965   1671  115
969   1664  115
967   1669  115
967   1666  115
965   1671  115
969   1666  115
966   1669  115
969   1664  115
968   1668  115
967   1671  115
967   1664  115
971   1663  115
961   1672  116
963   1673  116
960   1672  116
962   1670  116
959   1671  116
963   1673  116
963   598   117
963   598   117
968   1249  118
968   1249  118
973   1211  119
973   1210  119
975   1226  120
975   1226  120
976   923   121
977   921   121
977   1363  122
977   1365  122
978   1387  123
979   1386  123
979   624   124
979   624   124
985   653   125
987   653   125
987   38    126
986   37    126
987   634   127
987   633   127
992   887   128
993   889   128
994   631   129
994   630   129
994   665   130
995   666   130
995   657   131
995   657   131
1000  890   132
1000  890   132
1003  891   133
1001  893   133
1003  893   133
1002  1185  134
1002  1185  134
1004  644   135
1003  643   135
1005  915   136
1006  915   136
1007  887   137
1008  887   137
1010  893   138
1008  893   138
1011  892   138
1007  891   138
1010  1214  139
1009  1215  139
1017  927   140
1017  927   140
1020  930   141
1021  928   141
1018  931   141
1020  1474  142
1021  1473  142
1021  912   143
1020  911   143
1022  464   144
1021  465   144
1022  1290  145
1021  1291  145
1024  739   146
1024  739   146
1030  1175  147
1031  1176  147
1032  908   148
1033  909   148
1033  907   148
1032  908   148
1033  910   148
1032  927   149
1031  927   149
1038  895   150
1039  895   150
1040  485   151
1041  484   151
1041  1494  152
1043  1494  152
1041  1494  152
1043  1360  153
1043  1360  153
1046  1269  154
1045  1269  154
1047  888   155
1046  888   155
1049  889   155
1049  1079  156
1048  1081  156
1049  1079  156
1049  1082  156
1050  732   157
1048  733   157
1049  900   158
1049  898   158
1049  1444  159
1050  1444  159
1053  1091  160
1053  1091  160
1057  1096  161
1058  1095  161
1067  1272  162
1068  1271  162
1072  773   163
1070  772   163
1072  1085  164
1073  1084  164
1072  804   165
1073  805   165
1079  902   166
1078  902   166
1083  1710  167
1081  1710  167
1085  1710  167
1084  1708  167
1082  1712  167
1084  1712  167
1081  1708  167
1080  1711  167
1086  1710  167
1084  827   168
1084  828   168
1084  875   169
1084  876   169
1084  1101  170
1085  1101  170
1087  465   171
1087  465   171
1089  1215  172
1090  1215  172
1091  814   173
1091  813   173
1092  1325  174
1092  1325  174
1094  841   175
1094  841   175
1096  810   176
1097  812   176
1095  1449  177
1096  1449  177
1097  847   178
1098  847   178
1102  864   179
1102  865   179
1101  1118  180
1103  1118  180
1103  826   181
1102  828   181
1105  469   182
1105  467   182
1105  483   183
1105  484   183
1107  1147  184
1107  1147  184
1106  1451  185
1107  1452  185
1107  814   186
1107  812   186
1111  1721  187
1109  1721  187
1111  1723  187
1110  1679  188
1109  1677  188
1109  1680  188
1110  837   189
1109  836   189
1113  1124  190
1113  1123  190
1115  885   191
1115  884   191
1117  480   192
1117  481   192
1120  1065  193
1120  1066  193
1119  1163  194
1119  1163  194
1120  1160  195
1120  1160  195
1120  1130  196
1121  1129  196
1122  847   197
1123  849   197
1129  868   198
1129  868   198
1129  843   199
1129  843   199
1134  468   200
1134  468   200
1138  1312  201
1138  1312  201
1146  860   202
1146  859   202
1146  860   202
1146  859   202
1145  860   202
1145  858   202
1148  857   203
1148  857   203
1145  489   204
1145  488   204
1148  887   205
1146  887   205
1146  1298  206
1148  1299  206
1151  847   207
1151  847   207
1153  1059  208
1154  1059  208
1154  1251  209
1154  1252  209
1155  1377  210
1155  1377  210
1157  1491  211
1157  1492  211
1159  1232  212
1159  1230  212
1160  479   213
1159  479   213
1160  491   214
1162  491   214
1161  1131  215
1162  1133  215
1162  1135  215
1163  1110  216
1161  1111  216
1164  859   217
1163  857   217
1165  846   218
1165  846   218
1166  1333  219
1167  1331  219
1169  223   220
1170  221   220
1168  225   220
1174  1708  221
1173  1709  221
1176  1337  222
1176  1337  222
1179  442   223
1179  444   223
1182  353   224
1182  356   224
1183  354   224
1180  357   224
1183  889   225
1182  889   225
1184  857   226
1183  856   226
1184  302   227
1186  301   227
1183  304   227
1185  1525  228
1184  1525  228
1185  1524  228
1187  882   229
1187  881   229
1188  903   230
1188  903   230
1192  846   231
1191  847   231
1194  467   232
1195  467   232
1195  860   233
1196  860   233
1196  859   233
1195  887   234
1195  886   234
1195  904   235
1194  905   235
1195  1622  236
1195  1620  236
1199  414   237
1197  415   237
1200  843   238
1200  842   238
1201  844   238
1202  365   239
1203  367   239
1205  859   240
1204  860   240
1211  860   241
1212  861   241
1213  827   242
1213  826   242
1216  914   243
1215  916   243
1216  913   243
1217  917   243
1219  848   244
1218  846   244
1219  848   244
1222  1090  245
1223  1090  245
1222  1265  246
1222  1266  246
1223  847   247
1222  847   247
1223  1146  248
1224  1145  248
1224  485   249
1224  484   249
1225  921   250
1226  920   250
1228  480   251
1229  479   251
1229  920   252
1230  919   252
1232  924   253
1232  924   253
1233  279   254
1232  281   254
1237  1073  255
1236  1074  255
1240  1072  256
1241  1070  256
1237  883   257
1238  882   257
1245  912   258
1244  913   258
1249  919   259
1249  920   259
1249  917   259
1248  921   259
1252  1324  260
1253  1323  260
1254  1286  261
1253  1286  261
1254  311   262
1256  311   262
1257  1547  263
1256  1549  263
1258  1546  263
1257  1551  263
1260  1549  264
1261  1548  264
1258  495   265
1258  495   265
1258  1266  266
1258  1266  266
1265  1639  267
1261  1639  267
1264  1642  267
1266  1641  267
1263  1640  267
1266  1153  268
1265  1153  268
1266  1261  269
1267  1262  269
1265  1262  269
1269  1263  269
1267  902   270
1268  901   270
1271  490   271
1270  490   271
1276  1270  272
1273  1270  272
1277  1270  272
1271  1269  272
1274  1269  272
1279  1270  272
1273  1272  272
1277  1271  272
1272  915   273
1272  916   273
1276  941   274
1275  940   274
1275  1191  275
1275  1193  275
1276  1230  276
1275  1230  276
1277  1206  277
1278  1208  277
1278  465   278
1278  467   278
1279  921   279
1280  920   279
1279  1049  280
1279  1050  280
1280  1024  281
1281  1025  281
1282  485   282
1282  487   282
1284  1042  283
1285  1042  283
1289  1303  284
1288  1303  284
1291  1002  285
1292  1003  285
1293  1513  286
1294  1512  286
1297  212   287
1297  214   287
1297  1067  288
1296  1068  288
1298  487   289
1299  488   289
1298  487   289
1297  1266  290
1298  1266  290
1303  456   291
1303  457   291
1305  474   292
1304  474   292
1305  970   293
1304  970   293
1303  1375  294
1303  1375  294
1309  1051  295
1308  1051  295
1310  930   296
1309  929   296
1311  478   297
1311  480   297
1311  1319  298
1310  1318  298
1312  1338  299
1313  1337  299
1315  463   300
1315  463   300
1315  1481  301
1315  1481  301
1319  1356  302
1318  1356  302
1317  1357  302
1322  964   303
1322  963   303
1324  1230  304
1324  1231  304
1327  1202  305
1327  1200  305
1330  1263  306
1329  1264  306
1331  460   307
1331  459   307
1330  461   307
1340  882   308
1340  882   308
1340  1101  309
1340  1102  309
1345  1580  310
1346  1580  310
1345  1200  311
1346  1201  311
1348  456   312
1349  454   312
1348  457   312
1348  453   312
1350  1030  313
1350  1030  313
1349  1145  314
1349  1145  314
1356  866   315
1356  866   315
1354  1208  316
1355  1208  316
1357  1226  317
1355  1227  317
1357  1327  318
1356  1327  318
1362  890   319
1360  890   319
1359  892   319
1366  881   320
1364  881   320
1365  1372  321
1365  1373  321
1368  1119  322
1369  1119  322
1369  1189  323
1369  1188  323
1369  1428  324
1369  1426  324
1372  957   325
1371  956   325
1371  1135  326
1371  1133  326
1373  1194  327
1373  1194  327
1373  1474  328
1374  1476  328
1374  1178  329
1373  1178  329
1378  1182  330
1377  1182  330
1381  1004  331
1381  1004  331
1382  455   332
1383  453   332
1382  478   333
1383  477   333
1385  451   334
1386  450   334
1385  1022  335
1384  1022  335
1386  939   336
1384  939   336
1391  1354  337
1391  1353  337
1394  949   338
1394  949   338
1393  1012  339
1394  1012  339
1395  1230  340
1394  1229  340
1398  1042  341
1396  1042  341
1399  1119  342
1398  1118  342
1402  1154  343
1401  1154  343
1406  957   344
1407  956   344
1412  459   345
1412  457   345
1413  1213  346
1413  1214  346
1422  474   347
1422  474   347
1423  474   347
1422  479   347
1424  476   347
1422  472   347
1425  472   347
1422  474   347
1423  478   347
1424  474   347
1422  479   347
1425  472   347
1421  476   347
1422  472   347
1424  476   347
1419  473   348
1418  475   348
1428  1132  349
1429  1132  349
1430  1087  350
1429  1087  350
1431  1185  351
1430  1186  351
1434  1107  352
1433  1105  352
1437  1109  352
1436  1108  352
1433  1233  353
1433  1233  353
1437  960   354
1436  959   354
1434  963   355
1435  963   355
1438  1024  356
1437  1026  356
1439  1027  356
1439  1078  357
1439  1078  357
1441  1060  358
1442  1061  358
1446  978   359
1444  977   359
1448  1245  360
1446  1244  360
1449  1247  360
1445  1243  360
1449  1249  360
1448  1538  361
1448  1538  361
1450  960   362
1450  956   362
1449  958   362
1455  962   363
1457  961   363
1454  962   363
1458  961   363
1462  1115  364
1462  1115  364
1464  962   365
1464  964   365
1465  1423  366
1464  1423  366
1466  1422  366
1472  977   367
1471  977   367
1472  978   367
1472  977   367
1471  978   367
1471  977   367
1470  980   367
1472  976   367
1472  978   367
1471  980   367
1473  976   367
1472  974   367
1471  978   367
1468  1105  368
1467  1105  368
1474  1203  369
1473  1202  369
1482  1190  370
1483  1190  370
1490  1201  371
1492  1200  371
1497  1160  372
1498  1160  372
1500  857   373
1499  856   373
1501  1327  374
1502  1326  374
1504  1388  375
1502  1387  375
1509  1077  376
1509  1077  376
1510  1468  377
1511  1467  377
1510  1374  378
1511  1374  378
1511  1677  379
1511  1679  379
1513  1251  380
1512  1250  380
1512  1659  381
1513  1658  381
1518  1705  382
1517  1707  382
1519  1223  383
1519  1223  383
1520  1225  383
1519  1669  384
1519  1669  384
1520  1693  385
1520  1695  385
1525  1693  386
1526  1695  386
1525  1691  386
1528  1254  387
1530  1253  387
1533  1175  388
1534  1175  388
1544  1097  389
1544  1097  389
1546  1253  390
1544  1253  390
1547  1254  390
1544  1255  390
1544  1188  391
1544  1188  391
1553  1143  392
1551  1143  392
1558  1017  393
1558  1017  393
1559  1090  394
1557  1090  394
1559  1089  394
1556  1092  394
1559  1092  394
1561  1090  394
1555  1090  394
1558  1103  395
1557  1102  395
1560  1102  395
1564  1096  396
1562  1099  396
1562  1095  396
1563  1098  396
1565  1095  396
1571  1042  397
1570  1044  397
1571  1040  397
1574  1091  398
1572  1090  398
1577  1135  399
1577  1135  399
1578  1146  400
1577  1145  400
1578  816   401
1579  815   401
1578  1052  402
1579  1054  402
1586  1088  403
1585  1090  403
1587  1089  403
1585  1088  403
1583  1092  403
1588  1087  403
1584  1090  403
1590  1241  404
1588  1242  404
1597  1095  405
1598  1096  405
1595  1096  405
1598  1094  405
1596  1378  406
1598  1378  406
1605  1654  407
1605  1655  407
1608  1654  408
1608  1656  408
1606  1085  409
1607  1087  409
1620  775   410
1621  776   410
1620  1270  411
1621  1268  411
1638  1068  412
1637  1067  412
1640  1472  413
1641  1472  413
1651  1063  414
1649  1064  414
1657  1605  415
1659  1606  415
1666  1278  416
1665  1279  416
1670  399   417
1673  395   417
1671  398   417
1669  399   417
1671  396   417
1669  401   417
1673  395   417
1676  395   417
1668  401   417
1671  398   417
1674  396   417
1669  398   417
1673  398   417
1667  403   417
1675  394   417
1671  396   417
1667  400   417
1671  402   417
1679  896   418
1678  896   418
1694  445   419
1694  445   419
1693  447   419
1695  445   419
1693  1451  420
1692  1450  420
1692  985   421
1693  983   421
1707  857   422
1709  857   422
1705  857   422
1708  1612  423
1707  1614  423
1709  1610  423
1712  1611  424
1714  1610  424
1718  1490  425
1722  1492  425
1720  1491  425
1724  667   426
1723  668   426
1724  670   426
1729  1313  427
1727  1314  427
1729  1434  428
1731  1435  428
1736  565   429
1735  566   429
1739  1643  430
1739  1643  430
1762  1141  431
1761  1142  431
1781  1364  432
1780  1363  432
1786  1166  433
1785  1167  433
1816  1192  434
1818  1193  434
1842  1261  435
1841  1260  435
1846  828   436
1847  828   436
1858  1159  437
1860  1160  437
1962  1418  438
1964  1419  438
1961  1419  438
2001  1338  439
2003  1337  439
2034  1310  440
2034  1312  440