# Filename: BNI1-640nm_416_ctrl_60x_008.tif
# Puncta radius (pixels): (1.3888888888888888, 1.3888888888888888)
# Puncta radius (nm): (150, 150)
# Cluster radius (nm): 300
# Min puncta per cluster: 2
# Voxel size (nm): (108, 108, 200)
Y     X     CLUSTER_ID
84    1552  -1
118   1693  -1
140   1677  -1
142   1689  -1
294   1543  -1
326   1506  -1
333   1186  -1
338   1194  -1
342   1856  -1
352   1187  -1
355   1258  -1
369   1475  -1
370   1258  -1
371   1849  -1
403   1861  -1
417   1432  -1
418   1282  -1
424   1432  -1
426   1451  -1
435   985   -1
437   1229  -1
440   1000  -1
451   1886  -1
478   1424  -1
481   1014  -1
481   1469  -1
489   1346  -1
489   1892  -1
491   1399  -1
492   1421  -1
492   1883  -1
497   1386  -1
500   1420  -1
505   999   -1
506   1898  -1
507   1018  -1
509   1233  -1
509   1437  -1
510   595   -1
510   1253  -1
511   1433  -1
512   625   -1
513   614   -1
515   539   -1
515   554   -1
515   1235  -1
517   1316  -1
517   1416  -1
518   590   -1
518   1379  -1
519   1425  -1
520   516   -1
523   497   -1
524   455   -1
524   1237  -1
528   591   -1
530   1037  -1
531   549   -1
531   588   -1
532   442   -1
535   578   -1
540   1234  -1
541   502   -1
541   1261  -1
541   1284  -1
541   1366  -1
542   1043  -1
543   351   -1
543   467   -1
544   1020  -1
547   1290  -1
547   1350  -1
548   1022  -1
549   423   -1
549   1252  -1
550   303   -1
551   1261  -1
553   1027  -1
554   584   -1
554   1277  -1
558   306   -1
559   317   -1
559   589   -1
559   1342  -1
560   607   -1
563   371   -1
567   616   -1
568   1270  -1
571   1242  -1
571   1314  -1
573   313   -1
573   607   -1
575   296   -1
575   594   -1
575   1306  -1
576   1192  -1
578   1245  -1
579   280   -1
579   596   -1
580   1323  -1
581   1219  -1
583   251   -1
587   1202  -1
588   1053  -1
589   1289  -1
591   1309  -1
592   1318  -1
594   620   -1
597   630   -1
602   777   -1
603   1085  -1
604   1205  -1
608   605   -1
608   1134  -1
609   1083  -1
609   1260  -1
610   1305  -1
611   1067  -1
613   1175  -1
613   1295  -1
616   770   -1
623   647   -1
623   1097  -1
626   1088  -1
627   641   -1
627   1227  -1
628   1148  -1
630   657   -1
632   586   -1
633   1082  -1
633   1089  -1
634   1128  -1
637   1118  -1
639   630   -1
641   585   -1
641   736   -1
641   1058  -1
642   768   -1
647   52    -1
647   1076  -1
647   1083  -1
648   587   -1
648   769   -1
649   1212  -1
649   1240  -1
654   1197  -1
655   665   -1
655   768   -1
655   1046  -1
656   1095  -1
656   1947  -1
659   1231  -1
665   1039  -1
666   800   -1
666   1896  -1
668   615   -1
669   650   -1
670   1889  -1
672   784   -1
672   1021  -1
673   801   -1
676   615   -1
676   794   -1
676   1003  -1
680   783   -1
684   702   -1
684   1056  -1
686   616   -1
687   1159  -1
690   1175  -1
694   691   -1
694   1005  -1
694   1034  -1
694   1144  -1
694   1882  -1
694   1948  -1
695   784   -1
699   287   -1
699   1930  -1
700   158   -1
700   1042  -1
701   2043  -1
702   331   -1
702   1963  -1
704   615   -1
703   979   -1
704   700   -1
705   1819  -1
706   148   -1
709   1149  -1
710   275   -1
710   1923  -1
710   1955  -1
711   1037  -1
712   625   -1
713   179   -1
713   688   -1
715   75    -1
715   343   -1
717   269   -1
717   807   -1
717   1123  -1
718   61    -1
718   1900  -1
719   222   -1
719   636   -1
719   1812  -1
720   680   -1
720   705   -1
721   236   -1
722   619   -1
722   794   -1
722   1924  -1
723   137   -1
723   972   -1
724   1047  -1
725   689   -1
726   613   -1
726   624   -1
726   1052  -1
726   1122  -1
730   340   -1
730   362   -1
730   1097  -1
731   229   -1
731   972   -1
736   585   -1
736   1057  -1
738   184   -1
739   720   -1
740   910   -1
741   696   -1
743   918   -1
743   1822  -1
744   178   -1
744   686   -1
744   1078  -1
745   745   -1
748   612   -1
748   738   -1
749   1020  -1
749   1040  -1
750   671   -1
750   680   -1
751   597   -1
751   894   -1
752   1085  -1
753   1077  -1
754   581   -1
754   926   -1
755   576   -1
755   610   -1
755   695   -1
757   763   -1
757   1079  -1
758   716   -1
758   839   -1
758   854   -1
759   1011  -1
760   232   -1
760   918   -1
761   1017  -1
762   953   -1
765   582   -1
765   614   -1
765   1012  -1
766   931   -1
767   952   -1
770   1976  -1
771   744   -1
772   228   -1
772   563   -1
772   1011  -1
773   1041  -1
774   616   -1
774   1081  -1
778   959   -1
779   791   -1
779   898   -1
780   626   -1
782   839   -1
782   933   -1
783   765   -1
783   872   -1
784   834   -1
784   925   -1
784   1014  -1
788   717   -1
788   794   -1
788   830   -1
788   914   -1
789   1060  -1
790   874   -1
790   955   -1
791   645   -1
795   950   -1
796   736   -1
798   579   -1
798   626   -1
798   829   -1
798   902   -1
798   976   -1
799   568   -1
799   698   -1
799   946   -1
801   891   -1
801   912   -1
804   811   -1
804   870   -1
804   1082  -1
805   1987  -1
806   736   -1
806   1067  -1
806   1969  -1
807   1996  -1
808   753   -1
808   801   -1
809   574   -1
809   764   -1
809   877   -1
809   925   -1
811   505   -1
812   632   -1
812   775   -1
813   905   -1
815   491   -1
816   725   -1
818   874   -1
818   901   -1
823   621   -1
825   716   -1
825   1825  -1
826   957   -1
827   899   -1
828   975   -1
829   904   -1
829   1099  -1
830   627   -1
831   874   -1
831   1077  -1
831   1824  -1
832   617   -1
832   705   -1
839   508   -1
840   1826  -1
843   1868  -1
843   1937  -1
845   627   -1
845   952   -1
845   961   -1
846   504   -1
846   606   -1
847   467   -1
848   1910  -1
848   1959  -1
848   2043  -1
849   691   -1
849   974   -1
849   1086  -1
852   1109  -1
853   662   -1
854   497   -1
854   697   -1
854   1833  -1
863   2003  -1
864   1931  -1
866   455   -1
869   973   -1
870   960   -1
871   1849  -1
872   1114  -1
873   660   -1
876   965   -1
877   621   -1
877   961   -1
878   631   -1
879   662   -1
880   981   -1
881   695   -1
882   456   -1
882   671   -1
883   660   -1
884   472   -1
884   640   -1
884   2047  -1
885   687   -1
885   2043  -1
889   863   -1
893   1111  -1
894   1094  -1
895   1943  -1
898   1965  -1
900   1925  -1
901   711   -1
901   717   -1
903   773   -1
903   1973  -1
904   963   -1
907   845   -1
908   2024  -1
911   966   -1
912   717   -1
914   732   -1
914   970   -1
915   838   -1
916   781   -1
916   952   -1
916   977   -1
918   2037  -1
919   682   -1
921   768   -1
924   814   -1
925   834   -1
926   1104  -1
928   681   -1
932   738   -1
932   767   -1
932   2044  -1
933   664   -1
934   1140  -1
936   794   -1
937   781   -1
938   725   -1
938   810   -1
939   1136  -1
939   2008  -1
940   829   -1
942   756   -1
944   654   -1
947   1119  -1
948   647   -1
948   793   -1
949   661   -1
949   945   -1
949   972   -1
949   1136  -1
952   949   -1
954   652   -1
954   955   -1
956   595   -1
957   1149  -1
958   671   -1
958   839   -1
958   1978  -1
961   760   -1
962   749   -1
962   943   -1
963   971   -1
964   587   -1
965   728   -1
965   832   -1
967   1148  -1
969   954   -1
970   1155  -1
971   760   -1
972   670   -1
973   2047  -1
975   970   -1
976   1959  -1
978   555   -1
978   626   -1
978   1142  -1
979   655   -1
980   537   -1
980   548   -1
980   727   -1
980   1131  -1
982   1151  -1
987   757   -1
989   938   -1
990   634   -1
992   620   -1
993   2045  -1
997   557   -1
997   862   -1
998   1956  -1
999   635   -1
1000  1138  -1
1002  2019  -1
1004  529   -1
1006  635   -1
1006  1994  -1
1007  520   -1
1007  844   -1
1009  546   -1
1010  873   -1
1011  503   -1
1011  618   -1
1013  830   -1
1013  833   -1
1016  836   -1
1016  845   -1
1018  951   -1
1022  850   -1
1023  874   -1
1025  607   -1
1025  1993  -1
1027  623   -1
1028  637   -1
1029  883   -1
1029  918   -1
1030  760   -1
1032  2047  -1
1033  871   -1
1035  919   -1
1035  928   -1
1037  11    -1
1038  1966  -1
1039  737   -1
1039  937   -1
1040  916   -1
1041  906   -1
1041  950   -1
1042  944   -1
1043  18    -1
1044  697   -1
1045  517   -1
1045  693   -1
1045  713   -1
1046  891   -1
1051  484   -1
1051  1184  -1
1052  850   -1
1052  945   -1
1054  737   -1
1054  896   -1
1057  952   -1
1057  982   -1
1060  725   -1
1060  1905  -1
1061  692   -1
1061  927   -1
1062  599   -1
1063  1890  -1
1064  477   -1
1064  944   -1
1067  991   -1
1067  1777  -1
1068  619   -1
1068  934   -1
1068  1828  -1
1069  708   -1
1071  618   -1
1071  872   -1
1072  881   -1
1074  1773  -1
1076  623   -1
1077  1793  -1
1077  1809  -1
1079  496   -1
1080  600   -1
1080  630   -1
1080  936   -1
1082  593   -1
1084  620   -1
1084  1771  -1
1085  1781  -1
1086  491   -1
1086  1016  -1
1089  612   -1
1090  1008  -1
1091  920   -1
1091  1825  -1
1092  471   -1
1096  490   -1
1097  1000  -1
1098  1993  -1
1099  1817  -1
1102  490   -1
1102  894   -1
1102  1025  -1
1102  1986  -1
1103  573   -1
1104  1020  -1
1105  917   -1
1105  1810  -1
1106  1000  -1
1106  1753  -1
1106  1798  -1
1107  899   -1
1111  2012  -1
1114  77    -1
1114  564   -1
1115  929   -1
1116  93    -1
1117  1939  -1
1118  608   -1
1118  1950  -1
1120  1014  -1
1121  901   -1
1122  587   -1
1125  1009  -1
1127  1994  -1
1128  622   -1
1129  479   -1
1129  902   -1
1130  112   -1
1133  571   -1
1138  926   -1
1143  1042  -1
1144  1014  -1
1146  601   -1
1146  1980  -1
1146  1997  -1
1148  619   -1
1149  1034  -1
1150  444   -1
1150  1043  -1
1150  1973  -1
1151  588   -1
1151  1016  -1
1153  556   -1
1153  915   -1
1153  2006  -1
1156  623   -1
1157  145   -1
1159  443   -1
1162  935   -1
1163  871   -1
1163  996   -1
1164  124   -1
1164  1949  -1
1165  552   -1
1165  990   -1
1166  601   -1
1168  1008  -1
1169  610   -1
1169  924   -1
1171  478   -1
1172  880   -1
1174  143   -1
1176  883   -1
1176  900   -1
1177  998   -1
1178  562   -1
1181  176   -1
1183  612   -1
1184  594   -1
1184  915   -1
1185  165   -1
1188  171   -1
1188  437   -1
1188  554   -1
1188  1038  -1
1190  1046  -1
1191  595   -1
1192  1967  -1
1193  908   -1
1193  1047  -1
1194  454   -1
1197  1983  -1
1199  434   -1
1199  609   -1
1200  1961  -1
1202  900   -1
1204  1047  -1
1206  611   -1
1207  2047  -1
1209  449   -1
1209  573   -1
1209  1012  -1
1210  897   -1
1210  1040  -1
1211  611   -1
1214  447   -1
1214  891   -1
1214  915   -1
1219  900   -1
1220  956   -1
1221  199   -1
1222  430   -1
1222  1969  -1
1223  581   -1
1226  1968  -1
1229  179   -1
1229  645   -1
1229  912   -1
1230  169   -1
1232  190   -1
1232  957   -1
1234  1063  -1
1236  174   -1
1236  614   -1
1236  635   -1
1237  1937  -1
1237  1958  -1
1238  584   -1
1239  914   -1
1240  638   -1
1241  421   -1
1241  896   -1
1246  617   -1
1247  882   -1
1249  209   -1
1250  418   -1
1250  437   -1
1250  903   -1
1250  1060  -1
1251  881   -1
1251  953   -1
1252  2047  -1
1253  204   -1
1253  912   -1
1256  620   -1
1257  1912  -1
1258  211   -1
1259  973   -1
1259  1076  -1
1261  963   -1
1262  577   -1
1263  637   -1
1265  648   -1
1265  1046  -1
1265  1067  -1
1269  196   -1
1269  976   -1
1270  1056  -1
1273  413   -1
1273  636   -1
1273  641   -1
1273  843   -1
1276  1071  -1
1277  804   -1
1277  889   -1
1278  1056  -1
1279  1920  -1
1280  913   -1
1281  571   -1
1281  598   -1
1283  223   -1
1285  203   -1
1285  658   -1
1286  899   -1
1287  409   -1
1287  855   -1
1287  1038  -1
1290  829   -1
1292  889   -1
1293  569   -1
1294  1059  -1
1297  900   -1
1299  1095  -1
1299  2021  -1
1300  1048  -1
1302  593   -1
1302  649   -1
1302  1037  -1
1304  803   -1
1304  921   -1
1304  1071  -1
1306  576   -1
1308  892   -1
1308  2035  -1
1309  234   -1
1310  665   -1
1311  925   -1
1312  573   -1
1312  637   -1
1313  906   -1
1313  967   -1
1315  667   -1
1315  1098  -1
1315  1902  -1
1317  1053  -1
1319  1038  -1
1322  1076  -1
1323  972   -1
1324  658   -1
1326  926   -1
1328  1898  -1
1329  641   -1
1330  595   -1
1331  1881  -1
1333  582   -1
1333  1055  -1
1334  653   -1
1335  962   -1
1335  1064  -1
1337  570   -1
1337  645   -1
1337  742   -1
1337  2001  -1
1338  755   -1
1339  928   -1
1340  581   -1
1342  430   -1
1344  784   -1
1344  1889  -1
1345  788   -1
1346  405   -1
1346  1086  -1
1346  1111  -1
1346  1900  -1
1347  273   -1
1349  581   -1
1349  1065  -1
1351  902   -1
1352  1900  -1
1354  655   -1
1354  721   -1
1354  735   -1
1354  1831  -1
1355  258   -1
1355  1113  -1
1355  1864  -1
1356  778   -1
1356  1042  -1
1357  812   -1
1360  751   -1
1361  446   -1
1361  678   -1
1362  409   -1
1362  776   -1
1365  428   -1
1366  268   -1
1366  1062  -1
1366  1785  -1
1368  152   -1
1368  321   -1
1368  1924  -1
1369  94    -1
1371  794   -1
1371  957   -1
1372  661   -1
1373  138   -1
1373  397   -1
1374  165   -1
1376  675   -1
1376  1099  -1
1377  1056  -1
1380  362   -1
1380  434   -1
1382  594   -1
1383  584   -1
1383  1101  -1
1384  279   -1
1385  909   -1
1385  1942  -1
1386  422   -1
1386  442   -1
1387  1066  -1
1387  1915  -1
1387  1929  -1
1388  674   -1
1389  913   -1
1390  650   -1
1390  1885  -1
1392  388   -1
1392  2015  -1
1393  925   -1
1394  330   -1
1395  147   -1
1399  458   -1
1399  656   -1
1399  1878  -1
1400  391   -1
1400  1044  -1
1401  1067  -1
1401  1676  -1
1402  157   -1
1402  373   -1
1402  1719  -1
1402  2005  -1
1403  381   -1
1403  1870  -1
1404  659   -1
1404  919   -1
1404  941   -1
1404  1112  -1
1405  60    -1
1405  1932  -1
1408  576   -1
1409  1047  -1
1409  1952  -1
1410  2033  -1
1411  596   -1
1411  603   -1
1413  81    -1
1413  661   -1
1413  1109  -1
1413  1646  -1
1413  1734  -1
1415  1744  -1
1417  667   -1
1417  958   -1
1418  450   -1
1418  1737  -1
1419  1830  -1
1422  1070  -1
1422  1726  -1
1424  651   -1
1424  1907  -1
1426  1743  -1
1426  1933  -1
1428  1836  -1
1429  438   -1
1429  464   -1
1430  1914  -1
1433  936   -1
1434  650   -1
1436  1809  -1
1439  597   -1
1439  613   -1
1439  663   -1
1440  609   -1
1440  1060  -1
1441  1125  -1
1443  652   -1
1443  1831  -1
1444  11    -1
1444  475   -1
1444  1138  -1
1446  600   -1
1452  1119  -1
1453  601   -1
1455  614   -1
1455  621   -1
1457  1954  -1
1458  671   -1
1458  1958  -1
1459  1902  -1
1463  919   -1
1464  163   -1
1464  929   -1
1465  1054  -1
1466  907   -1
1466  924   -1
1467  1965  -1
1468  444   -1
1470  946   -1
1473  1053  -1
1474  922   -1
1475  1985  -1
1476  1942  -1
1477  448   -1
1480  1931  -1
1486  899   -1
1488  1073  -1
1492  1069  -1
1495  452   -1
1495  478   -1
1496  905   -1
1499  663   -1
1499  2030  -1
1500  956   -1
1503  918   -1
1504  615   -1
1505  1050  -1
1510  684   -1
1516  400   -1
1517  635   -1
1521  933   -1
1522  138   -1
1522  426   -1
1523  900   -1
1524  665   -1
1529  411   -1
1530  1974  -1
1532  2022  -1
1535  682   -1
1542  954   -1
1551  961   -1
1551  2011  -1
1553  683   -1
1558  633   -1
1558  1932  -1
1559  664   -1
1562  941   -1
1563  380   -1
1564  683   -1
1564  961   -1
1571  2017  -1
1577  1957  -1
1577  2044  -1
1581  624   -1
1581  676   -1
1586  942   -1
1588  346   -1
1594  964   -1
1594  970   -1
1594  1893  -1
1595  308   -1
1599  968   -1
1600  615   -1
1601  2045  -1
1603  1872  -1
1606  620   -1
1610  604   -1
1610  1912  -1
1614  685   -1
1616  643   -1
1619  974   -1
1619  983   -1
1621  950   -1
1629  1904  -1
1632  654   -1
1633  682   -1
1633  970   -1
1634  2042  -1
1637  44    -1
1638  648   -1
1641  984   -1
1642  642   -1
1642  655   -1
1646  987   -1
1647  92    -1
1649  1914  -1
1650  700   -1
1652  977   -1
1652  2020  -1
1660  708   -1
1660  1867  -1
1664  694   -1
1665  661   -1
1665  674   -1
1668  690   -1
1671  57    -1
1673  1000  -1
1675  718   -1
1678  970   -1
1683  698   -1
1687  976   -1
1689  714   -1
1691  703   -1
1693  751   -1
1695  671   -1
1695  1951  -1
1696  1999  -1
1699  742   -1
1700  1015  -1
1713  1946  -1
1714  752   -1
1719  743   -1
1719  1009  -1
1722  27    -1
1728  1939  -1
1729  990   -1
1733  1001  -1
1735  772   -1
1742  783   -1
1747  843   -1
1752  999   -1
1754  838   -1
1761  799   -1
1767  1014  -1
1768  801   -1
1772  794   -1
1781  806   -1
1783  1016  -1
1787  804   -1
1792  1871  -1
1794  825   -1
1797  1010  -1
1798  794   -1
1804  818   -1
1811  798   -1
1814  811   -1
1816  777   -1
1816  798   -1
1822  774   -1
1836  206   -1
1842  724   -1
1844  745   -1
1847  858   -1
1849  839   -1
1859  728   -1
1866  805   -1
1881  597   -1
1883  771   -1
1884  569   -1
1885  694   -1
1885  848   -1
1887  728   -1
1890  764   -1
1913  797   -1
1915  816   -1
1919  877   -1
1934  643   -1
1934  896   -1
1936  985   -1
1939  559   -1
1942  580   -1
1953  637   -1
1953  683   -1
1958  960   -1
1976  778   -1
1982  1081  -1
1983  887   -1
1985  1056  -1
1987  443   -1
1991  790   -1
1993  614   -1
1994  652   -1
1995  1000  -1
1999  877   -1
2009  901   -1
2010  815   -1
2017  908   -1
2019  736   -1
2020  707   -1
2023  966   -1
2035  775   -1
2039  32    -1
338   1180  -1
347   1185  -1
358   1517  -1
375   1490  -1
389   1489  -1
400   1483  -1
464   987   -1
461   984   -1
502   634   -1
505   576   -1
506   573   -1
518   1397  -1
522   512   -1
523   1388  -1
524   509   -1
527   579   -1
532   491   -1
533   537   -1
536   512   -1
538   1326  -1
537   1400  -1
537   434   -1
540   136   -1
542   480   -1
543   134   -1
543   484   -1
545   401   -1
554   292   -1
556   284   -1
557   611   -1
566   1041  -1
575   1214  -1
582   1074  -1
583   1162  -1
589   1162  -1
589   1212  -1
592   1156  -1
597   768   -1
606   628   -1
608   592   -1
613   1114  -1
617   1164  -1
617   631   -1
619   589   -1
624   1270  -1
626   121   -1
627   592   -1
629   599   -1
633   1123  -1
635   89    -1
639   4     -1
643   727   -1
644   1216  -1
650   791   -1
652   741   -1
654   796   -1
657   774   -1
659   720   -1
660   1207  -1
661   2005  -1
663   738   -1
676   998   -1
678   693   -1
678   1192  -1
679   1043  -1
683   1061  -1
689   806   -1
696   598   -1
697   1039  -1
704   644   -1
707   349   -1
709   357   -1
708   686   -1
710   814   -1
708   1823  -1
709   596   -1
709   970   -1
715   181   -1
716   243   -1
717   198   -1
719   200   -1
717   974   -1
723   599   -1
723   1028  -1
726   1025  -1
723   285   -1
727   638   -1
727   818   -1
728   333   -1
729   801   -1
729   312   -1
732   1029  -1
734   811   -1
735   1034  -1
735   727   -1
737   149   -1
736   683   -1
742   714   -1
742   1052  -1
742   1094  -1
742   1838  -1
745   1922  -1
747   1046  -1
749   605   -1
753   714   -1
753   734   -1
758   617   -1
759   549   -1
760   664   -1
761   681   -1
764   1071  -1
767   215   -1
768   631   -1
777   226   -1
778   1078  -1
781   775   -1
782   781   -1
782   938   -1
781   1057  -1
788   921   -1
790   697   -1
790   1080  -1
791   557   -1
791   983   -1
793   985   -1
795   222   -1
794   1812  -1
796   854   -1
799   598   -1
797   596   -1
801   774   -1
802   699   -1
802   1835  -1
805   630   -1
804   955   -1
806   646   -1
807   730   -1
807   585   -1
815   578   -1
812   576   -1
813   721   -1
815   519   -1
816   655   -1
818   704   -1
821   638   -1
821   592   -1
821   974   -1
823   921   -1
825   689   -1
827   658   -1
828   665   -1
828   587   -1
829   676   -1
830   1815  -1
832   593   -1
838   976   -1
838   979   -1
837   1817  -1
840   704   -1
842   476   -1
843   900   -1
845   898   -1
845   1881  -1
851   705   -1
854   965   -1
856   863   -1
861   622   -1
861   677   -1
862   681   -1
864   2012  -1
865   2015  -1
865   2021  -1
868   466   -1
867   688   -1
870   1970  -1
875   1958  -1
868   2011  -1
872   623   -1
874   615   -1
875   611   -1
874   475   -1
876   854   -1
875   1094  -1
884   1952  -1
884   592   -1
892   1931  -1
894   1929  -1
893   462   -1
897   669   -1
898   728   -1
902   1921  -1
903   1918  -1
904   2039  -1
905   681   -1
906   828   -1
906   1918  -1
911   2035  -1
912   1911  -1
914   672   -1
917   1903  -1
916   1910  -1
918   1127  -1
919   693   -1
922   1110  -1
924   963   -1
930   764   -1
933   731   -1
934   749   -1
936   690   -1
936   964   -1
938   731   -1
939   840   -1
943   966   -1
947   637   -1
950   1128  -1
951   1124  -1
952   756   -1
953   972   -1
953   969   -1
957   679   -1
962   735   -1
966   962   -1
968   968   -1
971   811   -1
973   1134  -1
974   576   -1
979   951   -1
980   961   -1
980   620   -1
981   857   -1
980   968   -1
982   575   -1
982   572   -1
983   842   -1
987   561   -1
994   939   -1
997   753   -1
999   1171  -1
997   1949  -1
999   749   -1
1000  1142  -1
1000  842   -1
1001  934   -1
1003  834   -1
1003  956   -1
1009  1     -1
1012  737   -1
1014  1166  -1
1013  734   -1
1017  931   -1
1017  738   -1
1018  1182  -1
1021  1183  -1
1022  842   -1
1021  839   -1
1031  1167  -1
1028  1165  -1
1031  738   -1
1032  892   -1
1030  1979  -1
1034  1901  -1
1038  491   -1
1038  1169  -1
1038  1198  -1
1059  2015  -1
1043  2032  -1
1069  1985  -1
1068  1988  -1
1065  2002  -1
1049  2018  -1
1044  2027  -1
1069  2005  -1
1057  2009  -1
1077  1992  -1
1071  1988  -1
1065  2008  -1
1074  1987  -1
1075  1983  -1
1066  2005  -1
1074  1991  -1
1039  899   -1
1041  890   -1
1043  2046  -1
1049  2045  -1
1045  651   -1
1045  1954  -1
1046  756   -1
1049  754   -1
1047  501   -1
1048  925   -1
1050  2033  -1
1058  2026  -1
1052  2038  -1
1058  1203  -1
1055  1202  -1
1059  900   -1
1062  901   -1
1061  663   -1
1062  673   -1
1061  1846  -1
1065  1768  -1
1066  734   -1
1067  1198  -1
1069  727   -1
1071  958   -1
1072  961   -1
1078  50    -1
1079  2028  -1
1081  2026  -1
1081  985   -1
1085  986   -1
1088  878   -1
1090  2016  -1
1090  2013  -1
1094  583   -1
1096  992   -1
1100  2031  -1
1102  913   -1
1109  2029  -1
1113  106   -1
1116  596   -1
1117  1004  -1
1121  919   -1
1127  932   -1
1124  933   -1
1127  923   -1
1127  588   -1
1129  460   -1
1129  616   -1
1133  913   -1
1136  449   -1
1137  1016  -1
1138  1991  -1
1141  1988  -1
1141  1984  -1
1145  933   -1
1148  134   -1
1151  133   -1
1146  130   -1
1147  900   -1
1152  204   -1
1153  1043  -1
1157  611   -1
1159  1962  -1
1158  1992  -1
1160  203   -1
1161  217   -1
1161  574   -1
1164  574   -1
1161  913   -1
1165  158   -1
1166  155   -1
1163  155   -1
1163  1952  -1
1166  1044  -1
1166  1041  -1
1165  199   -1
1165  196   -1
1165  556   -1
1169  209   -1
1168  946   -1
1172  962   -1
1173  626   -1
1173  437   -1
1175  981   -1
1174  1945  -1
1174  1985  -1
1177  630   -1
1180  892   -1
1180  1984  -1
1180  1981  -1
1181  191   -1
1180  596   -1
1182  986   -1
1186  604   -1
1188  1001  -1
1188  1982  -1
1189  455   -1
1191  569   -1
1193  1932  -1
1192  1929  -1
1191  1934  -1
1195  1935  -1
1194  626   -1
1197  904   -1
1199  913   -1
1200  938   -1
1204  942   -1
1209  432   -1
1216  432   -1
1216  1962  -1
1222  566   -1
1230  628   -1
1234  421   -1
1241  593   -1
1244  1050  -1
1245  1068  -1
1246  1031  -1
1251  622   -1
1252  956   -1
1255  181   -1
1263  1930  -1
1270  1926  -1
1266  837   -1
1268  414   -1
1268  417   -1
1271  415   -1
1272  431   -1
1274  580   -1
1275  419   -1
1279  582   -1
1281  629   -1
1281  953   -1
1283  1059  -1
1285  872   -1
1286  914   -1
1289  632   -1
1289  788   -1
1292  784   -1
1289  1057  -1
1293  795   -1
1290  795   -1
1293  414   -1
1292  885   -1
1292  225   -1
1294  594   -1
1295  417   -1
1295  426   -1
1297  666   -1
1300  953   -1
1301  911   -1
1304  1053  -1
1306  919   -1
1311  1038  -1
1313  232   -1
1312  1043  -1
1316  1910  -1
1313  1909  -1
1316  1047  -1
1318  922   -1
1318  908   -1
1325  892   -1
1325  1097  -1
1327  1095  -1
1330  648   -1
1332  717   -1
1331  967   -1
1333  705   -1
1333  711   -1
1334  680   -1
1335  731   -1
1336  1045  -1
1339  590   -1
1336  899   -1
1337  896   -1
1336  1104  -1
1337  421   -1
1338  692   -1
1338  964   -1
1337  967   -1
1340  413   -1
1338  415   -1
1340  1096  -1
1341  946   -1
1343  254   -1
1344  714   -1
1346  128   -1
1347  702   -1
1347  691   -1
1348  688   -1
1347  756   -1
1349  710   -1
1351  779   -1
1352  181   -1
1351  1922  -1
1353  131   -1
1352  404   -1
1352  408   -1
1353  725   -1
1355  1858  -1
1357  756   -1
1359  1808  -1
1362  1093  -1
1365  1948  -1
1369  591   -1
1370  588   -1
1370  582   -1
1370  1826  -1
1371  1831  -1
1373  651   -1
1374  1065  -1
1378  650   -1
1375  1121  -1
1376  118   -1
1376  1776  -1
1377  408   -1
1378  1045  -1
1378  1060  -1
1379  1889  -1
1380  151   -1
1382  1049  -1
1383  1762  -1
1393  953   -1
1393  1636  -1
1392  1633  -1
1396  672   -1
1399  669   -1
1400  1894  -1
1402  359   -1
1403  1728  -1
1404  1060  -1
1408  1759  -1
1411  674   -1
1413  1050  -1
1413  587   -1
1417  1852  -1
1419  929   -1
1419  677   -1
1420  1114  -1
1424  603   -1
1422  605   -1
1423  1861  -1
1424  912   -1
1426  440   -1
1429  1060  -1
1430  1126  -1
1430  922   -1
1431  929   -1
1432  1053  -1
1435  912   -1
1441  1134  -1
1440  161   -1
1439  917   -1
1439  1069  -1
1445  1124  -1
1448  617   -1
1450  1070  -1
1452  943   -1
1454  1140  -1
1455  1136  -1
1453  936   -1
1455  186   -1
1460  1070  -1
1467  941   -1
1476  905   -1
1473  906   -1
1476  1070  -1
1474  1072  -1
1481  925   -1
1488  1053  -1
1491  1057  -1
1500  1069  -1
1501  1053  -1
1505  952   -1
1508  1935  -1
1509  1061  -1
1511  1058  -1
1511  954   -1
1515  674   -1
1518  620   -1
1518  617   -1
1518  944   -1
1524  401   -1
1524  924   -1
1524  1946  -1
1525  387   -1
1527  957   -1
1541  365   -1
1548  146   -1
1549  355   -1
1550  950   -1
1553  146   -1
1554  348   -1
1557  338   -1
1571  958   -1
1575  667   -1
1580  353   -1
1588  652   -1
1591  971   -1
1589  973   -1
1591  651   -1
1599  948   -1
1612  94    -1
1629  974   -1
1639  1869  -1
1652  2047  -1
1654  708   -1
1669  991   -1
1679  672   -1
1692  1935  -1
1714  991   -1
1733  729   -1
1735  1011  -1
1742  775   -1
1749  852   -1
1753  853   -1
1750  748   -1
1752  786   -1
1756  1003  -1
1763  844   -1
1760  845   -1
1761  848   -1
1766  836   -1
1773  1013  -1
1771  1011  -1
1771  834   -1
1777  995   -1
1780  842   -1
1813  823   -1
1823  786   -1
1834  221   -1
1847  842   -1
1875  658   -1
1894  602   -1
1906  107   -1
1972  834   -1
1971  831   -1
1974  1068  -1
1990  238   -1
1988  240   -1
2022  318   -1
2025  915   -1
2032  955   -1
718   187   0
719   188   0
754   558   1
754   557   1
754   559   1
788   703   2
789   705   2
831   694   3
832   693   3
864   1837  4
865   1837  4
907   666   5
908   666   5
908   2043  6
905   2046  6
907   2045  6
924   670   7
924   669   7
947   734   8
948   735   8
993   644   9
994   645   9
1119  594   10
1119  595   10
1132  452   11
1133  452   11
1169  441   12
1170  441   12
1186  562   13
1187  562   13
1212  1050  14
1213  1050  14
1214  568   15
1213  567   15
1224  588   16
1225  589   16
1231  595   17
1234  593   17
1233  594   17
1238  571   18
1237  572   18
1250  1033  19
1248  1033  19
1290  816   20
1291  815   20
1305  592   21
1306  592   21
1314  592   22
1315  592   22
1336  252   23
1336  253   23
1344  569   24
1345  570   24
1355  647   25
1353  648   25
1369  788   26
1368  788   26
1380  1065  27
1381  1066  27
1402  1054  28
1402  1053  28
1404  1761  29
1406  1764  29
1406  1762  29
1427  1132  30
1427  1131  30
1449  1140  31
1451  1139  31
1931  863   32
1932  864   32
365   1247  33
366   1249  33
421   1207  34
423   1207  34
430   1424  35
429   1424  35
444   1003  36
446   1004  36
448   982   37
447   980   37
474   1471  38
475   1471  38
498   1022  39
497   1021  39
502   630   40
504   631   40
506   610   41
504   609   41
542   344   42
543   346   42
575   1045  43
574   1043  43
584   1165  44
584   1166  44
629   590   45
630   592   45
644   645   46
646   646   46
656   720   47
656   719   47
658   591   48
658   591   48
672   721   49
672   719   49
674   991   50
672   991   50
677   987   51
679   987   51
678   991   52
678   993   52
677   990   52
678   594   53
676   594   53
681   598   54
681   598   54
684   803   55
686   804   55
687   102   56
687   100   56
691   1032  57
691   1032  57
710   705   58
709   704   58
715   813   59
713   814   59
718   364   60
718   366   60
716   364   60
720   364   60
716   367   60
715   263   61
715   263   61
720   600   62
719   602   62
732   832   63
733   833   63
737   750   64
737   750   64
737   750   64
737   750   64
737   750   64
737   749   64
744   973   65
742   973   65
744   967   66
745   968   66
756   721   67
757   722   67
760   670   68
760   670   68
759   669   68
761   670   68
759   672   68
757   670   68
758   668   68
761   670   68
759   672   68
759   684   69
758   683   69
761   678   70
763   679   70
767   235   71
769   235   71
770   667   72
769   669   72
771   674   73
772   675   73
772   237   74
773   239   74
773   968   75
772   967   75
773   975   76
771   975   76
776   572   77
776   572   77
776   571   77
776   1828  78
775   1828  78
779   798   79
779   800   79
788   237   80
786   236   80
793   620   81
794   622   81
793   936   82
792   936   82
794   504   83
794   504   83
797   538   84
797   536   84
802   752   85
804   752   85
806   1090  86
805   1089  86
805   1091  86
805   1089  86
806   884   87
808   884   87
809   607   88
811   606   88
819   713   89
819   712   89
822   1090  90
821   1088  90
835   1090  91
834   1092  91
836   629   92
835   627   92
853   872   93
854   872   93
864   1994  94
866   1994  94
865   865   95
865   866   95
866   1103  96
867   1102  96
872   1960  97
872   1963  97
872   1961  97
870   1965  98
869   1967  98
876   1955  99
878   1955  99
874   1108  100
875   1109  100
884   1945  101
885   1944  101
886   1942  101
887   1940  101
884   1948  102
883   1948  102
890   973   103
889   975   103
888   973   103
892   1925  104
891   1928  104
890   1924  104
892   1926  104
889   1929  104
894   1926  104
891   1934  105
893   1934  105
892   2044  106
894   2045  106
909   1914  107
907   1915  107
909   1912  107
911   756   108
911   756   108
913   666   109
912   665   109
914   669   109
912   668   109
914   1108  110
914   1108  110
919   1906  111
919   1908  111
920   1905  111
920   1903  111
917   1906  111
920   1909  111
923   1905  112
923   1903  112
924   1907  112
923   1905  112
924   972   113
924   971   113
931   711   114
932   710   114
934   677   115
934   677   115
939   693   116
937   694   116
940   706   117
939   705   117
942   678   118
943   678   118
952   805   119
951   803   119
952   1145  120
954   1144  120
968   964   121
967   965   121
972   1973  122
972   1970  122
971   1971  122
974   847   123
975   848   123
982   817   124
983   815   124
989   564   125
989   564   125
989   564   125
990   742   126
989   743   126
992   733   127
991   731   127
993   1151  128
993   1149  128
996   853   129
997   852   129
1003  752   130
1004  754   130
1005  861   131
1003  861   131
1005  861   131
1003  864   132
1002  866   132
1008  867   133
1010  868   133
1007  1147  134
1007  1146  134
1007  1157  135
1007  1157  135
1015  928   136
1014  926   136
1017  927   136
1016  854   137
1016  854   137
1017  624   138
1017  624   138
1023  945   139
1024  944   139
1023  1172  140
1023  1172  140
1031  844   141
1030  843   141
1033  1191  142
1033  1191  142
1038  846   143
1038  846   143
1040  847   143
1041  848   143
1041  494   144
1041  496   144
1067  1980  145
1067  1978  145
1068  1981  145
1067  1978  145
1065  1977  145
1067  1982  145
1068  1976  145
1063  1977  145
1053  2015  146
1055  2013  146
1051  2015  146
1052  2017  146
1053  2013  146
1054  2011  146
1054  2017  146
1056  2014  146
1053  2030  147
1055  2030  147
1055  2027  147
1053  2030  147
1053  2027  147
1056  2028  147
1051  2030  147
1053  2030  147
1055  2030  147
1055  2027  147
1053  2030  147
1053  2027  147
1056  2028  147
1051  2030  147
1040  2031  148
1040  2031  148
1071  1981  149
1071  1983  149
1070  1979  149
1072  1985  149
1065  1999  150
1067  1995  150
1067  1997  150
1063  2000  150
1067  1993  150
1065  1997  150
1067  2000  150
1061  2017  151
1061  2013  151
1062  2015  151
1059  2018  151
1063  2014  151
1062  2003  152
1062  2007  152
1061  2005  152
1060  2008  152
1046  2022  153
1045  2024  153
1047  2020  153
1047  2023  153
1042  2029  154
1042  2029  154
1043  2035  155
1041  2034  155
1039  2034  155
1069  1991  156
1071  1991  156
1054  2033  157
1054  2033  157
1054  2024  158
1054  2024  158
1049  2037  159
1048  2040  159
1049  2037  159
1047  2038  159
1050  2041  159
1045  2044  160
1045  2044  160
1046  2046  160
1046  2042  160
1043  2043  160
1048  962   161
1047  962   161
1058  657   162
1057  658   162
1059  482   163
1060  481   163
1060  484   163
1062  989   164
1061  990   164
1063  653   165
1064  655   165
1065  879   166
1065  879   166
1070  720   167
1068  720   167
1071  611   168
1071  611   168
1071  1996  169
1072  1994  169
1075  1199  170
1076  1201  170
1074  1202  170
1076  1198  170
1081  475   171
1082  474   171
1081  476   171
1088  986   172
1089  988   172
1090  493   173
1090  491   173
1095  590   174
1094  589   174
1105  477   175
1104  479   175
1116  460   176
1115  459   176
1115  462   176
1122  481   177
1122  483   177
1124  1022  178
1124  1022  178
1136  931   179
1136  932   179
1135  934   179
1136  931   179
1137  935   179
1137  561   180
1136  563   180
1146  903   181
1146  904   181
1145  921   182
1147  921   182
1147  1023  183
1145  1023  183
1149  131   184
1149  129   184
1156  1023  185
1154  1024  185
1156  967   186
1156  967   186
1160  1965  187
1158  1966  187
1159  567   188
1160  568   188
1165  1955  189
1166  1953  189
1164  1998  190
1164  2000  190
1169  189   191
1169  187   191
1169  212   192
1169  212   192
1174  630   193
1175  632   193
1181  437   194
1181  439   194
1184  444   195
1185  446   195
1184  443   195
1186  444   195
1186  181   196
1185  183   196
1202  443   197
1203  442   197
1228  636   198
1228  636   198
1232  933   199
1231  932   199
1232  940   200
1232  940   200
1232  571   201
1233  573   201
1240  438   202
1239  437   202
1239  440   202
1246  625   203
1246  625   203
1254  959   204
1254  959   204
1256  959   204
1252  960   204
1258  188   205
1257  186   205
1260  429   206
1260  431   206
1264  626   207
1264  626   207
1267  625   208
1267  626   208
1267  1926  209
1266  1929  209
1265  1927  209
1268  215   210
1266  214   210
1266  657   211
1267  656   211
1269  595   212
1268  594   212
1277  422   213
1275  423   213
1280  579   214
1280  579   214
1286  849   215
1286  849   215
1287  886   216
1287  886   216
1292  787   217
1294  788   217
1292  978   218
1291  978   218
1293  410   219
1292  409   219
1295  225   220
1296  227   220
1295  1045  221
1296  1047  221
1296  918   222
1296  920   222
1303  423   223
1304  419   223
1304  423   223
1305  417   223
1303  421   223
1307  418   223
1300  425   224
1302  426   224
1301  638   225
1299  637   225
1302  569   226
1303  570   226
1308  784   227
1309  786   227
1313  1912  228
1315  1913  228
1318  595   229
1319  593   229
1318  593   229
1324  1064  230
1324  1064  230
1332  1908  231
1332  1908  231
1336  682   232
1335  684   232
1339  593   233
1339  593   233
1337  592   233
1339  425   234
1339  425   234
1340  423   234
1341  764   235
1343  763   235
1341  766   235
1350  788   236
1350  788   236
1349  786   236
1352  288   237
1351  290   237
1351  776   238
1350  775   238
1351  940   239
1352  941   239
1351  1884  240
1353  1885  240
1355  403   241
1355  401   241
1355  1060  242
1356  1058  242
1356  595   243
1355  594   243
1359  173   244
1361  174   244
1362  965   245
1360  965   245
1364  818   246
1363  818   246
1362  1044  247
1364  1043  247
1365  785   248
1367  785   248
1365  1797  249
1366  1795  249
1367  781   250
1369  781   250
1374  656   251
1375  654   251
1374  1832  252
1374  1832  252
1377  810   253
1375  811   253
1376  1049  254
1375  1049  254
1378  1048  254
1380  1766  255
1382  1766  255
1383  926   256
1385  927   256
1388  952   257
1387  951   257
1389  1762  258
1389  1762  258
1394  1775  259
1393  1775  259
1396  675   260
1394  675   260
1396  597   261
1395  596   261
1401  332   262
1401  334   262
1403  592   263
1402  592   263
1405  600   264
1406  601   264
1407  1124  265
1405  1124  265
1411  1069  266
1411  1069  266
1427  911   267
1428  910   267
1438  1136  268
1438  1135  268
1447  673   269
1448  672   269
1447  942   270
1447  942   270
1453  1134  271
1452  1136  271
1454  1054  272
1455  1053  272
1456  1069  273
1454  1069  273
1459  1127  274
1458  1129  274
1495  925   275
1495  924   275
1504  1069  276
1505  1068  276
1507  461   277
1507  461   277
1522  906   278
1522  905   278
1519  905   279
1517  906   279
1519  629   280
1519  628   280
1531  672   281
1529  672   281
1535  939   282
1535  939   282
1539  876   283
1539  877   283
1547  888   284
1547  889   284
1546  668   285
1547  666   285
1550  636   286
1552  636   286
1558  341   287
1560  340   287
1566  124   288
1568  124   288
1570  953   289
1570  955   289
1579  636   290
1581  636   290
1586  681   291
1587  680   291
1587  684   292
1588  686   292
1621  622   293
1621  624   293
1632  677   294
1630  678   294
1632  675   294
1645  2042  295
1644  2040  295
1647  2043  295
1644  2042  295
1643  2040  295
1646  628   296
1644  627   296
1645  666   297
1644  666   297
1647  983   298
1648  983   298
1653  1007  299
1654  1006  299
1655  963   300
1655  963   300
1675  729   301
1674  730   301
1726  1048  302
1727  1047  302
1738  1009  303
1740  1010  303
1739  773   304
1739  773   304
1784  795   305
1786  794   305
1845  739   306
1844  740   306
1859  747   307
1857  747   307
1880  760   308
1878  761   308
1880  866   309
1879  864   309
1895  673   310
1895  673   310
1894  675   310
1974  832   311
1974  832   311
1975  830   311
2019  322   312
2019  320   312
2041  329   313
2043  328   313
2040  331   313