# Filename: BNI1-640nm_416_ctrl_60x_011.tif
# Puncta radius (pixels): (1.3888888888888888, 1.3888888888888888)
# Puncta radius (nm): (150, 150)
# Cluster radius (nm): 300
# Min puncta per cluster: 2
# Voxel size (nm): (108, 108, 200)
Y     X     CLUSTER_ID
55    892   -1
92    674   -1
117   1103  -1
120   1343  -1
124   893   -1
128   1410  -1
137   826   -1
140   550   -1
144   1050  -1
150   319   -1
152   1071  -1
172   1125  -1
180   1088  -1
183   599   -1
188   1127  -1
192   1006  -1
198   1120  -1
203   1109  -1
211   1103  -1
222   1041  -1
222   1461  -1
228   1042  -1
236   904   -1
237   947   -1
240   235   -1
242   1221  -1
243   836   -1
243   982   -1
244   1062  -1
245   972   -1
247   968   -1
248   1499  -1
252   934   -1
255   923   -1
257   981   -1
258   1068  -1
260   556   -1
260   904   -1
263   620   -1
272   1093  -1
275   1147  -1
276   901   -1
282   935   -1
285   755   -1
286   568   -1
287   1020  -1
292   796   -1
293   959   -1
297   1493  -1
299   1130  -1
300   1121  -1
301   888   -1
301   935   -1
309   717   -1
316   526   -1
325   763   -1
330   564   -1
330   605   -1
330   795   -1
330   1207  -1
340   808   -1
340   1212  -1
346   945   -1
346   1238  -1
350   686   -1
352   1235  -1
356   1252  -1
364   1242  -1
367   1254  -1
368   1372  -1
374   1281  -1
376   670   -1
380   422   -1
382   1547  -1
383   653   -1
387   1325  -1
393   1654  -1
399   611   -1
399   1289  -1
399   1333  -1
401   525   -1
401   1313  -1
403   643   -1
403   1542  -1
404   772   -1
405   1245  -1
407   1300  -1
409   879   -1
409   1715  -1
410   571   -1
410   589   -1
410   731   -1
411   442   -1
413   1546  -1
414   1289  -1
415   1685  -1
418   1474  -1
419   1664  -1
420   833   -1
420   1542  -1
423   693   -1
424   541   -1
424   1187  -1
425   957   -1
432   1139  -1
435   898   -1
435   1118  -1
438   994   -1
439   1237  -1
441   1225  -1
442   853   -1
445   805   -1
452   551   -1
452   1093  -1
454   464   -1
455   677   -1
455   1671  -1
467   546   -1
467   867   -1
468   1003  -1
470   694   -1
477   1733  -1
485   693   -1
486   950   -1
491   928   -1
492   1757  -1
495   692   -1
499   1673  -1
503   1063  -1
503   1234  -1
504   1695  -1
512   1721  -1
513   1048  -1
513   1387  -1
520   1052  -1
521   1733  -1
526   1516  -1
527   1141  -1
528   1157  -1
528   1264  -1
529   706   -1
529   1306  -1
530   1745  -1
531   1607  -1
533   1406  -1
534   1327  -1
534   1443  -1
538   766   -1
538   1245  -1
539   707   -1
540   1385  -1
541   1084  -1
546   1328  -1
548   633   -1
553   1342  -1
555   815   -1
558   1413  -1
558   1471  -1
570   818   -1
577   1299  -1
578   1965  -1
589   1302  -1
593   1163  -1
596   1197  -1
603   722   -1
608   715   -1
613   2004  -1
616   719   -1
618   708   -1
626   724   -1
638   716   -1
668   2047  -1
675   709   -1
675   1042  -1
676   701   -1
690   716   -1
690   721   -1
698   1000  -1
701   995   -1
706   734   -1
709   980   -1
711   731   -1
711   928   -1
715   738   -1
719   1385  -1
726   751   -1
726   1063  -1
732   1385  -1
734   1610  -1
737   1000  -1
744   1561  -1
746   1517  -1
750   771   -1
752   920   -1
755   1022  -1
755   1038  -1
756   1316  -1
759   762   -1
760   833   -1
761   1276  -1
762   1029  -1
764   1295  -1
768   1053  -1
770   1070  -1
770   1554  -1
772   1210  -1
773   978   -1
783   1202  -1
791   790   -1
792   866   -1
792   1043  -1
793   821   -1
794   1503  -1
795   1178  -1
796   1167  -1
797   858   -1
797   1542  -1
799   1149  -1
800   1076  -1
801   1117  -1
807   816   -1
808   650   -1
810   1132  -1
810   1430  -1
811   1422  -1
812   1030  -1
814   826   -1
814   1070  -1
815   1056  -1
815   1078  -1
816   675   -1
820   1039  -1
821   616   -1
822   686   -1
822   819   -1
822   842   -1
822   1043  -1
823   749   -1
824   695   -1
826   770   -1
826   1065  -1
828   499   -1
831   839   -1
831   1026  -1
832   836   -1
833   1588  -1
834   1039  -1
835   1947  -1
839   1020  -1
842   1497  -1
845   790   -1
845   1051  -1
846   676   -1
846   834   -1
847   1413  -1
852   912   -1
855   1607  -1
857   1042  -1
860   990   -1
860   1619  -1
860   1922  -1
861   925   -1
863   963   -1
865   1605  -1
869   839   -1
871   1597  -1
871   1651  -1
875   842   -1
881   1073  -1
882   1487  -1
891   1101  -1
891   1468  -1
894   871   -1
894   1608  -1
894   1615  -1
896   941   -1
900   1033  -1
900   1085  -1
901   790   -1
903   1932  -1
906   1084  -1
910   1108  -1
911   870   -1
911   909   -1
915   1108  -1
917   791   -1
917   831   -1
919   918   -1
920   841   -1
924   874   -1
924   1004  -1
925   824   -1
925   1015  -1
926   1607  -1
926   1834  -1
927   1611  -1
928   1080  -1
928   1907  -1
929   1005  -1
930   790   -1
930   937   -1
931   1863  -1
935   1481  -1
940   963   -1
940   1002  -1
940   1145  -1
942   940   -1
945   1025  -1
946   1011  -1
946   1156  -1
946   1875  -1
948   898   -1
950   1805  -1
951   1701  -1
952   816   -1
953   864   -1
953   1717  -1
954   921   -1
955   1598  -1
957   1129  -1
958   913   -1
964   1712  -1
966   789   -1
966   1108  -1
967   1136  -1
973   819   -1
975   836   -1
976   1151  -1
977   1034  -1
977   1752  -1
978   1112  -1
979   851   -1
979   933   -1
980   1093  -1
981   952   -1
981   1139  -1
982   1066  -1
983   1004  -1
984   1588  -1
985   1867  -1
989   818   -1
990   1025  -1
991   750   -1
991   977   -1
993   787   -1
994   1011  -1
996   1089  -1
997   1705  -1
998   1531  -1
1000  910   -1
1001  1600  -1
1003  1092  -1
1004  981   -1
1005  901   -1
1005  1168  -1
1005  1808  -1
1008  750   -1
1008  1875  -1
1009  1552  -1
1010  808   -1
1010  1089  -1
1011  1209  -1
1012  1821  -1
1013  1304  -1
1014  1168  -1
1014  1469  -1
1014  1480  -1
1015  1107  -1
1017  723   -1
1017  1224  -1
1017  1680  -1
1018  983   -1
1018  1868  -1
1019  1473  -1
1020  1356  -1
1022  1256  -1
1026  1529  -1
1027  1047  -1
1027  1650  -1
1028  82    -1
1028  1488  -1
1030  890   -1
1030  1610  -1
1031  1791  -1
1032  370   -1
1032  1389  -1
1033  200   -1
1034  947   -1
1034  1378  -1
1035  763   -1
1035  1625  -1
1036  1578  -1
1037  191   -1
1039  1713  -1
1041  1502  -1
1042  1847  -1
1045  151   -1
1048  395   -1
1048  1628  -1
1049  737   -1
1050  1608  -1
1051  1218  -1
1054  1792  -1
1055  1841  -1
1057  1632  -1
1057  1802  -1
1058  743   -1
1059  1787  -1
1064  184   -1
1064  712   -1
1065  104   -1
1066  1596  -1
1066  1775  -1
1070  713   -1
1071  702   -1
1071  747   -1
1071  948   -1
1072  936   -1
1073  1799  -1
1079  1642  -1
1080  1750  -1
1081  702   -1
1082  866   -1
1088  294   -1
1088  1649  -1
1092  1228  -1
1094  757   -1
1096  1682  -1
1101  202   -1
1101  215   -1
1103  1804  -1
1106  881   -1
1106  2028  -1
1108  890   -1
1110  827   -1
1112  785   -1
1116  776   -1
1117  712   -1
1118  860   -1
1119  953   -1
1120  1669  -1
1124  310   -1
1125  2009  -1
1126  1151  -1
1127  1194  -1
1128  1140  -1
1128  1658  -1
1128  2038  -1
1129  718   -1
1129  1706  -1
1132  954   -1
1135  831   -1
1137  933   -1
1138  1985  -1
1139  1178  -1
1140  299   -1
1140  1705  -1
1142  440   -1
1144  1057  -1
1146  1190  -1
1147  1762  -1
1152  441   -1
1153  947   -1
1156  312   -1
1158  1160  -1
1158  1700  -1
1158  1891  -1
1161  833   -1
1161  1069  -1
1165  1768  -1
1166  1561  -1
1168  735   -1
1169  1113  -1
1169  1697  -1
1172  1753  -1
1172  1776  -1
1175  1109  -1
1175  1730  -1
1176  444   -1
1176  1826  -1
1178  1921  -1
1181  1056  -1
1185  1742  -1
1186  1760  -1
1187  330   -1
1187  1780  -1
1188  326   -1
1191  1870  -1
1193  469   -1
1195  1067  -1
1196  1735  -1
1197  444   -1
1199  321   -1
1200  723   -1
1200  1542  -1
1202  1873  -1
1204  344   -1
1204  1093  -1
1209  1075  -1
1212  844   -1
1215  950   -1
1217  1513  -1
1222  1083  -1
1227  1215  -1
1231  1161  -1
1232  438   -1
1232  956   -1
1237  1737  -1
1238  1167  -1
1239  1816  -1
1242  463   -1
1243  866   -1
1243  1075  -1
1243  1748  -1
1245  444   -1
1249  969   -1
1250  1152  -1
1251  1224  -1
1253  1758  -1
1255  830   -1
1261  1022  -1
1262  1733  -1
1264  1055  -1
1266  677   -1
1268  864   -1
1268  1121  -1
1271  437   -1
1274  1226  -1
1277  1039  -1
1279  725   -1
1279  811   -1
1279  983   -1
1280  979   -1
1283  1737  -1
1285  408   -1
1285  1098  -1
1287  1249  -1
1288  1213  -1
1289  723   -1
1290  1208  -1
1291  885   -1
1291  952   -1
1294  1225  -1
1297  438   -1
1297  944   -1
1300  727   -1
1302  1073  -1
1306  622   -1
1306  1147  -1
1308  732   -1
1309  1154  -1
1310  778   -1
1312  416   -1
1314  1307  -1
1315  1184  -1
1315  1254  -1
1318  405   -1
1323  614   -1
1325  681   -1
1326  1082  -1
1328  1307  -1
1328  1336  -1
1329  405   -1
1329  1745  -1
1332  1096  -1
1333  1076  -1
1333  1124  -1
1334  1000  -1
1336  1218  -1
1337  955   -1
1338  1325  -1
1339  1021  -1
1342  1077  -1
1342  1171  -1
1345  1198  -1
1345  1238  -1
1347  1224  -1
1348  1764  -1
1355  1145  -1
1357  1835  -1
1362  1117  -1
1362  1346  -1
1363  994   -1
1366  267   -1
1370  930   -1
1386  949   -1
1388  1187  -1
1388  1765  -1
1389  1752  -1
1390  1197  -1
1392  759   -1
1392  1188  -1
1394  1787  -1
1400  939   -1
1404  1211  -1
1413  1365  -1
1417  1252  -1
1421  794   -1
1423  1360  -1
1427  1703  -1
1428  1251  -1
1429  1531  -1
1430  758   -1
1430  778   -1
1430  787   -1
1432  298   -1
1438  596   -1
1439  588   -1
1444  423   -1
1445  600   -1
1445  1373  -1
1446  1687  -1
1451  581   -1
1451  1080  -1
1452  1121  -1
1452  1131  -1
1454  559   -1
1454  1113  -1
1455  962   -1
1456  1099  -1
1459  1088  -1
1460  951   -1
1460  1245  -1
1466  1236  -1
1467  1270  -1
1468  585   -1
1468  653   -1
1468  708   -1
1470  430   -1
1473  669   -1
1474  575   -1
1474  1009  -1
1475  1259  -1
1478  1020  -1
1479  364   -1
1481  521   -1
1483  545   -1
1485  629   -1
1488  1398  -1
1490  490   -1
1492  704   -1
1503  631   -1
1503  681   -1
1506  517   -1
1508  619   -1
1510  402   -1
1510  1217  -1
1512  350   -1
1512  853   -1
1512  1027  -1
1513  610   -1
1514  366   -1
1514  1059  -1
1515  993   -1
1517  692   -1
1520  407   -1
1520  463   -1
1520  1066  -1
1521  682   -1
1523  375   -1
1524  488   -1
1525  431   -1
1526  1606  -1
1531  1192  -1
1537  693   -1
1538  1124  -1
1539  390   -1
1539  1008  -1
1544  828   -1
1546  758   -1
1547  920   -1
1549  412   -1
1549  1584  -1
1550  850   -1
1552  455   -1
1553  1003  -1
1558  320   -1
1558  906   -1
1560  434   -1
1560  940   -1
1562  1002  -1
1563  1016  -1
1567  1385  -1
1568  1117  -1
1572  1029  -1
1574  686   -1
1574  1130  -1
1576  1530  -1
1579  1537  -1
1580  689   -1
1584  428   -1
1585  264   -1
1585  403   -1
1585  1177  -1
1586  1520  -1
1587  336   -1
1587  922   -1
1587  1379  -1
1589  436   -1
1589  625   -1
1592  447   -1
1594  374   -1
1594  383   -1
1596  436   -1
1596  496   -1
1597  1441  -1
1598  919   -1
1599  302   -1
1599  1151  -1
1600  880   -1
1603  1041  -1
1604  400   -1
1604  610   -1
1604  897   -1
1608  1268  -1
1609  463   -1
1611  533   -1
1612  551   -1
1612  734   -1
1612  848   -1
1613  607   -1
1616  574   -1
1622  596   -1
1622  766   -1
1622  1271  -1
1623  603   -1
1623  841   -1
1625  697   -1
1626  453   -1
1626  469   -1
1626  875   -1
1627  638   -1
1629  781   -1
1630  437   -1
1630  1230  -1
1630  1331  -1
1631  561   -1
1631  592   -1
1636  497   -1
1637  466   -1
1638  1192  -1
1639  1132  -1
1639  1673  -1
1640  1660  -1
1641  491   -1
1642  1706  -1
1644  749   -1
1644  1427  -1
1645  271   -1
1649  536   -1
1649  980   -1
1650  1373  -1
1651  755   -1
1653  1406  -1
1655  531   -1
1655  605   -1
1656  1228  -1
1656  1452  -1
1657  1662  -1
1658  614   -1
1658  829   -1
1658  1698  -1
1659  580   -1
1661  1187  -1
1661  1290  -1
1662  817   -1
1663  1130  -1
1664  396   -1
1664  906   -1
1665  506   -1
1665  1025  -1
1666  1401  -1
1667  663   -1
1668  540   -1
1668  1594  -1
1672  1040  -1
1673  561   -1
1673  616   -1
1673  1164  -1
1675  329   -1
1675  398   -1
1675  962   -1
1676  1237  -1
1677  618   -1
1677  877   -1
1677  1416  -1
1678  1194  -1
1681  1095  -1
1684  1024  -1
1684  1169  -1
1684  1548  -1
1685  933   -1
1685  1208  -1
1686  831   -1
1687  848   -1
1688  741   -1
1688  1387  -1
1689  567   -1
1689  1273  -1
1690  1012  -1
1692  1083  -1
1692  1495  -1
1694  1063  -1
1694  1353  -1
1695  1299  -1
1696  1034  -1
1696  1159  -1
1696  1396  -1
1697  1029  -1
1698  600   -1
1698  807   -1
1699  709   -1
1699  1337  -1
1699  1438  -1
1699  1517  -1
1700  1344  -1
1706  1322  -1
1707  1019  -1
1707  1231  -1
1708  477   -1
1709  1510  -1
1710  1074  -1
1710  1174  -1
1711  526   -1
1711  1052  -1
1712  993   -1
1713  1148  -1
1714  1484  -1
1715  1337  -1
1716  1437  -1
1717  1469  -1
1718  1131  -1
1722  295   -1
1722  559   -1
1723  832   -1
1725  1194  -1
1726  357   -1
1726  903   -1
1726  1247  -1
1726  1582  -1
1727  572   -1
1729  1254  -1
1730  541   -1
1730  1233  -1
1730  1298  -1
1731  577   -1
1732  715   -1
1733  977   -1
1734  818   -1
1734  1209  -1
1736  1392  -1
1737  1197  -1
1738  1475  -1
1739  433   -1
1739  1466  -1
1740  620   -1
1741  1297  -1
1741  1449  -1
1742  980   -1
1748  974   -1
1748  1165  -1
1748  1225  -1
1749  718   -1
1751  692   -1
1751  1269  -1
1752  762   -1
1752  787   -1
1752  1191  -1
1752  1503  -1
1753  913   -1
1755  730   -1
1755  1491  -1
1757  752   -1
1759  899   -1
1760  529   -1
1761  520   -1
1761  1000  -1
1761  1295  -1
1762  504   -1
1762  1772  -1
1764  584   -1
1764  1232  -1
1764  1275  -1
1765  1393  -1
1766  1258  -1
1766  1581  -1
1768  1718  -1
1770  1571  -1
1771  1324  -1
1772  750   -1
1772  1254  -1
1773  505   -1
1773  1239  -1
1773  1278  -1
1774  592   -1
1775  472   -1
1776  763   -1
1776  962   -1
1776  1021  -1
1777  1785  -1
1779  508   -1
1780  593   -1
1780  650   -1
1780  722   -1
1781  586   -1
1781  1187  -1
1781  1517  -1
1783  1397  -1
1785  467   -1
1785  558   -1
1785  1002  -1
1789  1017  -1
1791  566   -1
1791  793   -1
1792  1023  -1
1792  1373  -1
1794  721   -1
1797  982   -1
1798  576   -1
1799  1215  -1
1799  1405  -1
1800  993   -1
1800  1512  -1
1801  1014  -1
1803  723   -1
1804  824   -1
1804  971   -1
1804  1695  -1
1806  1539  -1
1809  932   -1
1812  799   -1
1812  1302  -1
1813  1152  -1
1813  1402  -1
1815  432   -1
1815  1376  -1
1816  1279  -1
1816  1341  -1
1819  1012  -1
1820  1517  -1
1821  579   -1
1821  769   -1
1822  1337  -1
1825  1013  -1
1825  1491  -1
1828  955   -1
1829  1786  -1
1834  972   -1
1835  906   -1
1837  1358  -1
1839  1181  -1
1840  766   -1
1840  956   -1
1840  1301  -1
1840  1576  -1
1842  1727  -1
1843  902   -1
1844  1197  -1
1846  1499  -1
1853  955   -1
1853  1138  -1
1854  907   -1
1854  1425  -1
1855  1129  -1
1857  890   -1
1857  1186  -1
1858  835   -1
1858  1516  -1
1860  596   -1
1864  943   -1
1865  830   -1
1869  855   -1
1870  943   -1
1878  948   -1
1879  1691  -1
1890  888   -1
1894  1565  -1
1896  1501  -1
1897  1226  -1
1901  782   -1
1907  1057  -1
1913  1522  -1
1915  1571  -1
1920  1244  -1
1924  1283  -1
1931  909   -1
1932  1568  -1
1939  931   -1
1940  1187  -1
1940  1332  -1
1946  949   -1
1946  1372  -1
1950  1181  -1
1950  1426  -1
1956  1472  -1
1980  997   -1
1999  1046  -1
16    581   -1
12    580   -1
19    583   -1
175   911   -1
176   523   -1
269   566   -1
273   1215  -1
301   586   -1
306   601   -1
309   1213  -1
353   1247  -1
361   398   -1
365   1412  -1
371   1248  -1
372   986   -1
382   1266  -1
420   1713  -1
419   1716  -1
422   1136  -1
442   886   -1
465   1221  -1
468   950   -1
470   1514  -1
471   1750  -1
479   550   -1
499   939   -1
506   1401  -1
509   1150  -1
510   1394  -1
514   1014  -1
513   1150  -1
520   1248  -1
536   870   -1
536   888   -1
537   924   -1
540   1438  -1
541   815   -1
549   1924  -1
548   1927  -1
551   1934  -1
552   1444  -1
557   838   -1
564   687   -1
564   1168  -1
577   1224  -1
584   1304  -1
585   1206  -1
601   1235  -1
646   719   -1
670   708   -1
689   709   -1
696   726   -1
725   1373  -1
726   912   -1
726   1397  -1
727   714   -1
728   1363  -1
727   1378  -1
731   1368  -1
732   733   -1
735   1398  -1
736   1013  -1
739   730   -1
738   1620  -1
741   1390  -1
747   740   -1
750   1356  -1
754   751   -1
756   777   -1
757   752   -1
756   950   -1
756   1359  -1
757   1591  -1
762   778   -1
763   1235  -1
770   870   -1
772   1302  -1
775   1098  -1
778   974   -1
780   862   -1
780   1272  -1
782   757   -1
784   810   -1
785   844   -1
788   1081  -1
793   1526  -1
797   773   -1
799   1177  -1
799   1211  -1
804   1453  -1
806   760   -1
810   1507  -1
812   1576  -1
812   1150  -1
817   503   -1
814   567   -1
815   785   -1
819   808   -1
821   1551  -1
826   588   -1
829   984   -1
832   737   -1
833   975   -1
836   504   -1
838   785   -1
840   804   -1
839   852   -1
842   818   -1
841   1593  -1
843   653   -1
848   659   -1
850   713   -1
852   1960  -1
852   765   -1
852   901   -1
852   1656  -1
853   2001  -1
856   1034  -1
856   1651  -1
862   984   -1
864   1629  -1
874   1492  -1
874   1936  -1
875   938   -1
879   822   -1
879   1447  -1
884   842   -1
886   994   -1
893   981   -1
896   857   -1
897   1009  -1
896   1069  -1
896   1620  -1
898   860   -1
901   799   -1
901   1942  -1
904   993   -1
908   994   -1
908   799   -1
908   849   -1
909   1037  -1
914   1123  -1
921   771   -1
922   1622  -1
925   1621  -1
928   1798  -1
931   795   -1
932   895   -1
934   813   -1
943   690   -1
945   1002  -1
947   1149  -1
949   962   -1
950   835   -1
951   1756  -1
952   850   -1
952   1148  -1
953   926   -1
953   1021  -1
955   686   -1
955   1898  -1
957   880   -1
957   1691  -1
962   898   -1
962   791   -1
963   686   -1
967   769   -1
968   875   -1
972   1095  -1
974   796   -1
976   756   -1
975   1615  -1
978   991   -1
979   751   -1
979   754   -1
978   1833  -1
982   744   -1
983   1819  -1
985   819   -1
987   1853  -1
995   719   -1
1000  714   -1
1002  719   -1
998   682   -1
998   1510  -1
1001  1185  -1
1002  748   -1
1013  1076  -1
1012  1282  -1
1016  1061  -1
1019  1061  -1
1018  1064  -1
1022  763   -1
1024  760   -1
1024  772   -1
1025  296   -1
1027  987   -1
1028  307   -1
1029  1539  -1
1031  907   -1
1035  688   -1
1037  258   -1
1036  1251  -1
1037  1491  -1
1038  1606  -1
1038  1390  -1
1039  1547  -1
1043  1525  -1
1047  1647  -1
1049  239   -1
1048  923   -1
1048  1431  -1
1050  221   -1
1053  681   -1
1055  376   -1
1060  1193  -1
1061  767   -1
1061  874   -1
1065  406   -1
1068  392   -1
1070  1203  -1
1073  1643  -1
1075  1614  -1
1083  1627  -1
1088  783   -1
1088  907   -1
1090  772   -1
1095  438   -1
1098  1045  -1
1103  698   -1
1104  851   -1
1106  1054  -1
1110  941   -1
1109  949   -1
1108  1681  -1
1113  1047  -1
1117  767   -1
1125  445   -1
1125  1129  -1
1126  953   -1
1130  326   -1
1132  1125  -1
1136  939   -1
1139  1200  -1
1142  1119  -1
1150  1724  -1
1151  1051  -1
1151  1674  -1
1157  865   -1
1157  733   -1
1165  1046  -1
1168  943   -1
1173  940   -1
1180  953   -1
1181  733   -1
1192  821   -1
1198  337   -1
1198  821   -1
1198  1715  -1
1201  1097  -1
1212  1091  -1
1213  456   -1
1219  969   -1
1223  1755  -1
1229  1181  -1
1231  334   -1
1233  1528  -1
1241  1275  -1
1245  1262  -1
1246  728   -1
1247  873   -1
1247  1272  -1
1266  941   -1
1275  1755  -1
1278  421   -1
1278  1187  -1
1280  1185  -1
1279  363   -1
1278  366   -1
1281  398   -1
1283  1518  -1
1285  416   -1
1287  1283  -1
1295  1750  -1
1296  841   -1
1305  1116  -1
1308  1124  -1
1320  688   -1
1322  659   -1
1322  662   -1
1323  959   -1
1324  425   -1
1325  721   -1
1325  1742  -1
1328  628   -1
1332  776   -1
1335  728   -1
1332  730   -1
1341  1126  -1
1344  1086  -1
1343  1111  -1
1344  1515  -1
1348  1001  -1
1352  743   -1
1355  999   -1
1369  1267  -1
1371  942   -1
1370  1762  -1
1380  820   -1
1384  1269  -1
1389  816   -1
1390  1497  -1
1400  789   -1
1408  419   -1
1423  926   -1
1424  815   -1
1428  1080  -1
1434  922   -1
1435  926   -1
1439  454   -1
1439  566   -1
1440  985   -1
1440  763   -1
1442  757   -1
1444  455   -1
1457  447   -1
1458  389   -1
1460  392   -1
1462  677   -1
1461  680   -1
1473  951   -1
1475  615   -1
1475  1175  -1
1475  1390  -1
1479  722   -1
1481  1170  -1
1484  560   -1
1493  722   -1
1497  960   -1
1497  1173  -1
1505  584   -1
1508  763   -1
1513  440   -1
1513  524   -1
1515  1599  -1
1521  869   -1
1517  873   -1
1529  356   -1
1531  996   -1
1537  1195  -1
1538  875   -1
1541  1065  -1
1543  812   -1
1548  581   -1
1552  641   -1
1559  424   -1
1557  426   -1
1557  1093  -1
1561  376   -1
1561  994   -1
1563  853   -1
1568  658   -1
1571  1225  -1
1572  1442  -1
1575  1277  -1
1579  586   -1
1580  1376  -1
1578  1378  -1
1585  450   -1
1586  444   -1
1591  842   -1
1591  864   -1
1603  767   -1
1607  1286  -1
1610  1285  -1
1611  1074  -1
1612  392   -1
1618  757   -1
1620  1112  -1
1620  812   -1
1621  874   -1
1623  1005  -1
1629  333   -1
1634  721   -1
1637  1113  -1
1642  1035  -1
1646  1691  -1
1647  530   -1
1647  862   -1
1650  499   -1
1651  1379  -1
1655  329   -1
1656  851   -1
1659  852   -1
1660  1510  -1
1662  569   -1
1668  1043  -1
1670  643   -1
1674  597   -1
1681  1379  -1
1683  1324  -1
1685  1150  -1
1685  684   -1
1696  517   -1
1697  934   -1
1700  851   -1
1702  929   -1
1706  949   -1
1706  887   -1
1709  946   -1
1717  1105  -1
1719  1143  -1
1720  1487  -1
1720  963   -1
1722  976   -1
1725  1354  -1
1729  1374  -1
1731  1446  -1
1738  1213  -1
1735  1427  -1
1736  665   -1
1737  1073  -1
1738  454   -1
1740  650   -1
1750  1460  -1
1760  721   -1
1761  1371  -1
1770  540   -1
1768  543   -1
1783  1213  -1
1787  1034  -1
1787  561   -1
1793  560   -1
1795  693   -1
1798  1015  -1
1802  677   -1
1804  674   -1
1804  654   -1
1807  1007  -1
1807  1381  -1
1816  1137  -1
1819  1134  -1
1820  920   -1
1826  931   -1
1844  847   -1
1848  1360  -1
1850  811   -1
1871  1056  -1
1889  1371  -1
1924  1041  -1
1925  1045  -1
1955  780   -1
1967  1428  -1
2028  1226  -1
340   1226  0
339   1227  0
340   1232  1
341   1233  1
388   1484  2
389   1483  2
815   1884  3
816   1884  3
1012  1068  4
1013  1068  4
1013  1044  5
1013  1045  5
1015  1872  6
1015  1871  6
1069  771   7
1069  770   7
1146  1168  8
1147  1168  8
1406  967   9
1407  967   9
1696  1307  10
1697  1307  10
2017  1233  11
2019  1233  11
15    576   12
16    578   12
92    591   13
92    593   13
281   1081  14
279   1081  14
306   598   15
303   597   15
302   595   15
305   596   15
304   599   15
340   1252  16
340   1252  16
339   1251  16
342   1251  16
378   1274  17
377   1275  17
381   1281  18
379   1281  18
381   1281  18
378   1282  18
379   1435  19
378   1434  19
473   1786  20
471   1787  20
477   553   21
476   551   21
480   1222  22
479   1222  22
511   1059  23
511   1057  23
530   1731  24
531   1732  24
548   1395  25
547   1395  25
552   1924  26
551   1922  26
558   865   27
558   865   27
606   731   28
604   731   28
671   720   29
672   719   29
715   955   30
714   955   30
717   745   31
718   746   31
718   884   32
718   884   32
778   1071  33
777   1072  33
782   772   34
782   772   34
783   1266  35
783   1266  35
784   1190  36
786   1191  36
784   836   37
784   835   37
785   1070  38
784   1069  38
786   1441  39
786   1440  39
798   777   40
797   776   40
813   505   41
814   504   41
826   831   42
827   830   42
835   1434  43
836   1434  43
838   834   44
838   835   44
840   668   45
839   667   45
851   944   46
851   944   46
855   649   47
853   650   47
856   1658  48
857   1660  48
863   1661  49
860   1661  49
862   1662  49
860   1495  50
861   1493  50
865   1102  51
865   1102  51
869   857   52
868   857   52
874   800   53
873   801   53
875   826   54
875   826   54
878   1476  55
878   1475  55
883   934   56
882   936   56
884   856   57
885   856   57
884   1464  58
884   1463  58
888   1603  59
889   1602  59
900   1106  60
900   1106  60
907   998   61
906   996   61
907   1117  62
907   1118  62
907   945   63
908   945   63
914   782   64
914   783   64
914   782   64
922   828   65
922   828   65
924   930   66
924   930   66
925   695   67
925   695   67
926   694   67
929   697   68
929   697   68
929   699   68
927   697   68
930   693   69
931   691   69
931   691   69
927   1489  70
928   1488  70
931   688   71
930   687   71
942   870   72
942   871   72
946   773   73
946   772   73
949   700   74
949   700   74
953   786   75
953   786   75
961   801   76
962   800   76
961   801   76
963   777   77
961   777   77
965   776   77
964   705   78
965   706   78
965   705   78
963   705   78
966   708   78
971   788   79
972   787   79
973   924   80
973   923   80
977   800   81
977   800   81
979   1049  82
980   1048  82
983   771   83
983   773   83
998   720   84
999   721   84
1000  717   84
998   720   84
998   723   84
998   718   84
1003  795   85
1003  795   85
1004  766   86
1004  766   86
1014  735   87
1013  737   87
1018  1199  88
1017  1199  88
1024  1852  89
1024  1850  89
1031  677   90
1031  679   90
1035  879   91
1036  881   91
1049  702   92
1048  702   92
1051  892   93
1050  893   93
1058  371   94
1058  373   94
1064  705   95
1065  704   95
1066  745   96
1066  745   96
1072  1222  97
1073  1223  97
1083  747   98
1085  747   98
1086  1199  99
1086  1200  99
1092  1062  100
1091  1062  100
1105  719   101
1104  719   101
1105  1203  102
1106  1202  102
1108  946   103
1108  945   103
1107  1196  104
1108  1197  104
1112  952   105
1113  950   105
1114  945   106
1113  947   106
1115  945   106
1115  820   107
1114  822   107
1116  695   108
1115  697   108
1119  948   109
1119  950   109
1122  1952  110
1122  1950  110
1122  1954  110
1128  1062  111
1127  1063  111
1137  951   112
1138  951   112
1142  830   113
1144  830   113
1150  1173  114
1151  1174  114
1154  866   115
1154  868   115
1164  1682  116
1166  1683  116
1174  1555  117
1173  1553  117
1177  1067  118
1178  1069  118
1202  947   119
1201  948   119
1205  706   120
1205  706   120
1207  707   120
1214  329   121
1214  329   121
1214  329   121
1214  331   121
1214  729   122
1214  729   122
1236  535   123
1235  534   123
1246  356   124
1246  356   124
1246  669   125
1248  669   125
1251  666   126
1250  665   126
1261  457   127
1262  455   127
1260  457   127
1258  458   127
1259  1295  128
1260  1293  128
1262  1190  129
1262  1192  129
1264  1520  130
1266  1519  130
1277  392   131
1276  392   131
1291  1274  132
1289  1273  132
1322  1343  133
1321  1344  133
1337  936   134
1336  938   134
1350  985   135
1350  985   135
1354  1233  136
1353  1235  136
1353  1232  136
1359  1517  137
1359  1515  137
1357  1516  137
1366  947   138
1365  946   138
1367  1246  139
1367  1246  139
1384  677   140
1383  678   140
1396  763   141
1397  764   141
1407  433   142
1409  433   142
1415  1502  143
1417  1503  143
1424  763   144
1424  763   144
1425  765   144
1438  549   145
1436  549   145
1444  641   146
1443  640   146
1449  985   147
1448  986   147
1473  704   148
1475  705   148
1476  955   149
1476  955   149
1486  1015  150
1484  1016  150
1518  870   151
1518  870   151
1531  383   152
1532  382   152
1554  643   153
1552  644   153
1570  1188  154
1569  1187  154
1571  1250  155
1573  1251  155
1581  1158  156
1579  1158  156
1584  500   157
1583  499   157
1584  988   158
1584  989   158
1587  754   159
1589  754   159
1594  568   160
1594  570   160
1600  942   161
1599  943   161
1606  1221  162
1605  1221  162
1626  706   163
1625  706   163
1643  665   164
1642  665   164
1646  833   165
1647  833   165
1646  1507  166
1648  1507  166
1650  988   167
1649  990   167
1673  1284  168
1675  1285  168
1687  803   169
1685  803   169
1686  722   170
1686  724   170
1697  1383  171
1699  1384  171
1715  814   172
1717  813   172
1717  952   173
1716  950   173
1736  1215  174
1735  1214  174
1748  1023  175
1749  1022  175
1746  1022  175
1767  1457  176
1768  1456  176
1816  1108  177
1816  1109  177
1814  1110  177
1815  1106  177
1921  1044  178
1922  1046  178
1921  1042  178
1920  1045  178