# Filename: BNI1-640nm_416_ctrl_60x_003.tif
# Puncta radius (pixels): (1.3888888888888888, 1.3888888888888888)
# Puncta radius (nm): (150, 150)
# Cluster radius (nm): 300
# Min puncta per cluster: 2
# Voxel size (nm): (108, 108)
Y     X     NUM_PUNCTA    CLUSTER_ID
460   441   2             0
591   201   2             1
605   1140  2             2
636   750   2             3
695   752   2             4
735   681   2             5
968   1379  2             6
1101  1446  2             7
1104  1431  2             8
1112  1294  2             9
1119  1547  2             10
1153  1127  2             11
1158  1222  2             12
1175  249   2             13
1176  435   2             14
1207  841   2             15
1288  1169  2             16
1294  1416  2             17
1325  1297  2             18
1368  1230  2             19
1378  120   2             20
1387  40    2             21
1497  1145  2             22
1583  1625  2             23
1677  1726  2             24
1697  486   3             25
1840  931   2             26
1917  1303  2             27
146   1174  2             28
230   860   2             29
243   491   2             30
381   827   2             31
475   445   2             32
601   1116  2             33
608   1208  11            34
608   479   3             35
614   975   2             36
615   952   2             37
618   547   2             38
622   961   3             39
623   969   3             40
625   357   2             41
632   430   5             42
639   1287  2             43
643   397   2             44
652   1317  2             45
653   1535  2             46
662   1516  2             47
664   1639  2             48
667   1452  2             49
670   698   2             50
669   1535  2             51
672   947   2             52
675   343   2             53
675   1518  3             54
679   779   2             55
681   392   2             56
683   627   2             57
694   301   2             58
697   1421  2             59
712   1258  2             60
713   622   2             61
717   398   3             62
719   677   2             63
727   614   3             64
729   155   2             65
734   614   5             66
737   619   3             67
733   1283  2             68
742   940   4             69
740   943   7             70
756   257   2             71
770   185   2             72
769   245   2             73
772   903   2             74
777   225   2             75
781   46    2             76
791   167   3             77
801   1018  2             78
805   1021  3             79
803   773   2             80
804   930   2             81
828   449   2             82
839   372   2             83
836   1064  2             84
840   1065  2             85
848   994   2             86
860   816   2             87
864   980   2             88
867   1053  2             89
871   1940  2             90
873   1303  2             91
875   1228  2             92
879   833   2             93
885   1142  2             94
890   1086  2             95
894   1113  5             96
901   1044  2             97
906   1342  3             98
908   1091  2             99
910   497   2             100
924   1308  2             101
926   1008  2             102
932   1353  2             103
933   993   2             104
934   978   2             105
939   925   2             106
941   1149  2             107
944   600   2             108
944   1127  2             109
946   415   2             110
952   1650  39            111
949   1171  2             112
952   1125  2             113
960   574   3             114
967   1667  12            115
961   1671  6             116
963   598   2             117
968   1249  2             118
973   1210  2             119
975   1226  2             120
976   922   2             121
977   1364  2             122
978   1386  2             123
979   624   2             124
986   653   2             125
986   37    2             126
987   633   2             127
992   888   2             128
994   630   2             129
994   665   2             130
995   657   2             131
1000  890   2             132
1002  892   3             133
1002  1185  2             134
1003  643   2             135
1005  915   2             136
1007  887   2             137
1009  892   4             138
1009  1214  2             139
1017  927   2             140
1019  929   3             141
1020  1473  2             142
1020  911   2             143
1021  464   2             144
1021  1290  2             145
1024  739   2             146
1030  1175  2             147
1032  908   5             148
1031  927   2             149
1038  895   2             150
1040  484   2             151
1041  1494  3             152
1043  1360  2             153
1045  1269  2             154
1047  888   3             155
1048  1080  4             156
1049  732   2             157
1049  899   2             158
1049  1444  2             159
1053  1091  2             160
1057  1095  2             161
1067  1271  2             162
1071  772   2             163
1072  1084  2             164
1072  804   2             165
1078  902   2             166
1082  1710  9             167
1084  827   2             168
1084  875   2             169
1084  1101  2             170
1087  465   2             171
1089  1215  2             172
1091  813   2             173
1092  1325  2             174
1094  841   2             175
1096  811   2             176
1095  1449  2             177
1097  847   2             178
1102  864   2             179
1102  1118  2             180
1102  827   2             181
1105  468   2             182
1105  483   2             183
1107  1147  2             184
1106  1451  2             185
1107  813   2             186
1110  1721  3             187
1109  1678  3             188
1109  836   2             189
1113  1123  2             190
1115  884   2             191
1117  480   2             192
1120  1065  2             193
1119  1163  2             194
1120  1160  2             195
1120  1129  2             196
1122  848   2             197
1129  868   2             198
1129  843   2             199
1134  468   2             200
1138  1312  2             201
1145  859   6             202
1148  857   2             203
1145  488   2             204
1147  887   2             205
1147  1298  2             206
1151  847   2             207
1153  1059  2             208
1154  1251  2             209
1155  1377  2             210
1157  1491  2             211
1159  1231  2             212
1159  479   2             213
1161  491   2             214
1161  1133  3             215
1162  1110  2             216
1163  858   2             217
1165  846   2             218
1166  1332  2             219
1169  223   3             220
1173  1708  2             221
1176  1337  2             222
1179  443   2             223
1181  355   4             224
1182  889   2             225
1183  856   2             226
1184  302   3             227
1184  1524  3             228
1187  881   2             229
1188  903   2             230
1191  846   2             231
1194  467   2             232
1195  859   3             233
1195  886   2             234
1194  904   2             235
1195  1621  2             236
1198  414   2             237
1200  843   3             238
1202  366   2             239
1204  859   2             240
1211  860   2             241
1213  826   2             242
1216  915   4             243
1218  847   3             244
1222  1090  2             245
1222  1265  2             246
1222  847   2             247
1223  1145  2             248
1224  484   2             249
1225  920   2             250
1228  479   2             251
1229  919   2             252
1232  924   2             253
1232  280   2             254
1236  1073  2             255
1240  1071  2             256
1237  882   2             257
1244  912   2             258
1248  919   4             259
1252  1323  2             260
1253  1286  2             261
1255  311   2             262
1257  1548  4             263
1260  1548  2             264
1258  495   2             265
1258  1266  2             266
1263  1640  5             267
1265  1153  2             268
1266  1262  4             269
1267  901   2             270
1270  490   2             271
1275  1270  8             272
1272  915   2             273
1275  940   2             274
1275  1192  2             275
1275  1230  2             276
1277  1207  2             277
1278  466   2             278
1279  920   2             279
1279  1049  2             280
1280  1024  2             281
1282  486   2             282
1284  1042  2             283
1288  1303  2             284
1291  1002  2             285
1293  1512  2             286
1297  213   2             287
1296  1067  2             288
1298  487   3             289
1297  1266  2             290
1303  456   2             291
1304  474   2             292
1304  970   2             293
1303  1375  2             294
1308  1051  2             295
1309  929   2             296
1311  479   2             297
1310  1318  2             298
1312  1337  2             299
1315  463   2             300
1315  1481  2             301
1318  1356  3             302
1322  963   2             303
1324  1230  2             304
1327  1201  2             305
1329  1263  2             306
1330  460   3             307
1340  882   2             308
1340  1101  2             309
1345  1580  2             310
1345  1200  2             311
1348  455   4             312
1350  1030  2             313
1349  1145  2             314
1356  866   2             315
1354  1208  2             316
1356  1226  2             317
1356  1327  2             318
1360  890   3             319
1365  881   2             320
1365  1372  2             321
1368  1119  2             322
1369  1188  2             323
1369  1427  2             324
1371  956   2             325
1371  1134  2             326
1373  1194  2             327
1373  1475  2             328
1373  1178  2             329
1377  1182  2             330
1381  1004  2             331
1382  454   2             332
1382  477   2             333
1385  450   2             334
1384  1022  2             335
1385  939   2             336
1391  1353  2             337
1394  949   2             338
1393  1012  2             339
1394  1229  2             340
1397  1042  2             341
1398  1118  2             342
1401  1154  2             343
1406  956   2             344
1412  458   2             345
1413  1213  2             346
1422  474   15            347
1418  474   2             348
1428  1132  2             349
1429  1087  2             350
1430  1185  2             351
1435  1107  4             352
1433  1233  2             353
1436  959   2             354
1434  963   2             355
1438  1025  3             356
1439  1078  2             357
1441  1060  2             358
1445  977   2             359
1447  1245  5             360
1448  1538  2             361
1449  958   3             362
1456  961   4             363
1462  1115  2             364
1464  963   2             365
1465  1422  3             366
1471  977   13            367
1467  1105  2             368
1473  1202  2             369
1482  1190  2             370
1491  1200  2             371
1497  1160  2             372
1499  856   2             373
1501  1326  2             374
1503  1387  2             375
1509  1077  2             376
1510  1467  2             377
1510  1374  2             378
1511  1678  2             379
1512  1250  2             380
1512  1658  2             381
1517  1706  2             382
1519  1223  3             383
1519  1669  2             384
1520  1694  2             385
1525  1693  3             386
1529  1253  2             387
1533  1175  2             388
1544  1097  2             389
1545  1253  4             390
1544  1188  2             391
1552  1143  2             392
1558  1017  2             393
1558  1090  7             394
1558  1102  3             395
1563  1096  5             396
1570  1042  3             397
1573  1090  2             398
1577  1135  2             399
1577  1145  2             400
1578  815   2             401
1578  1053  2             402
1585  1089  7             403
1589  1241  2             404
1597  1095  4             405
1597  1378  2             406
1605  1654  2             407
1608  1655  2             408
1606  1086  2             409
1620  775   2             410
1620  1269  2             411
1637  1067  2             412
1640  1472  2             413
1650  1063  2             414
1658  1605  2             415
1665  1278  2             416
1671  398   18            417
1678  896   2             418
1694  445   4             419
1692  1450  2             420
1692  984   2             421
1707  857   3             422
1708  1612  3             423
1713  1610  2             424
1720  1491  3             425
1723  668   3             426
1728  1313  2             427
1730  1434  2             428
1735  565   2             429
1739  1643  2             430
1761  1141  2             431
1780  1363  2             432
1785  1166  2             433
1817  1192  2             434
1841  1260  2             435
1846  828   2             436
1859  1159  2             437
1962  1418  3             438
2002  1337  2             439
2034  1311  2             440