# Filename: BNI1-640nm_416_ctrl_60x_012.tif
# Puncta radius (pixels): (1.3888888888888888, 1.3888888888888888)
# Puncta radius (nm): (150, 150)
# Cluster radius (nm): 300
# Min puncta per cluster: 2
# Voxel size (nm): (108, 108, 200)
Y     X     CLUSTER_ID
84    1552  -1
275   1814  -1
320   1723  -1
326   1728  -1
334   1706  -1
340   1796  -1
348   1760  -1
349   1685  -1
351   1693  -1
352   1701  -1
354   1778  -1
361   1705  -1
379   1665  -1
390   1642  -1
395   1728  -1
398   1616  -1
404   1966  -1
428   1746  -1
436   1748  -1
440   1747  -1
452   1738  -1
471   1734  -1
530   1931  -1
629   892   -1
633   889   -1
645   903   -1
656   540   -1
661   513   -1
661   579   -1
661   593   -1
663   648   -1
664   566   -1
664   654   -1
665   915   -1
673   585   -1
675   909   -1
678   537   -1
681   606   -1
682   555   -1
683   627   -1
683   905   -1
684   611   -1
684   634   -1
686   660   -1
686   927   -1
687   566   -1
693   921   -1
699   713   -1
700   657   -1
702   914   -1
703   494   -1
703   941   -1
704   455   -1
705   502   -1
705   944   -1
706   558   -1
707   577   -1
707   674   -1
708   788   -1
709   453   -1
710   949   -1
711   462   -1
712   448   -1
712   573   -1
713   487   -1
713   589   -1
713   711   -1
713   937   -1
717   431   -1
717   442   -1
717   498   -1
717   599   -1
717   767   -1
720   545   -1
720   635   -1
721   534   -1
722   593   -1
722   694   -1
723   280   -1
724   328   -1
724   494   -1
724   687   -1
724   719   -1
724   770   -1
725   725   -1
725   731   -1
725   936   -1
726   415   -1
727   446   -1
727   632   -1
728   406   -1
728   450   -1
729   522   -1
729   622   -1
730   557   -1
730   707   -1
731   398   -1
731   573   -1
731   694   -1
732   288   -1
732   329   -1
733   423   -1
733   632   -1
734   348   -1
734   520   -1
735   339   -1
735   684   -1
735   967   -1
737   755   -1
737   970   -1
738   696   -1
738   945   -1
740   708   -1
742   661   -1
747   949   -1
748   740   -1
748   962   -1
750   988   -1
751   381   -1
754   678   -1
755   704   -1
756   359   -1
757   617   -1
758   960   -1
758   987   -1
762   962   -1
766   999   -1
767   728   -1
771   974   -1
772   596   -1
772   1011  -1
773   725   -1
775   641   -1
777   602   -1
777   715   -1
779   710   -1
780   1014  -1
781   726   -1
782   601   -1
782   654   -1
783   578   -1
783   990   -1
787   590   -1
787   660   -1
787   1027  -1
788   637   -1
790   663   -1
792   998   -1
793   575   -1
794   542   -1
795   592   -1
796   634   -1
797   600   -1
799   1003  -1
800   591   -1
802   1038  -1
805   681   -1
808   706   -1
809   614   -1
809   663   -1
810   1047  -1
811   559   -1
811   595   -1
811   1020  -1
813   700   -1
815   545   -1
815   566   -1
815   687   -1
817   574   -1
817   600   -1
817   1048  -1
818   563   -1
819   664   -1
822   559   -1
822   746   -1
822   1059  -1
824   647   -1
824   714   -1
825   543   -1
825   551   -1
825   755   -1
828   622   -1
828   682   -1
829   695   -1
830   743   -1
831   547   -1
831   1048  -1
833   690   -1
833   768   -1
834   775   -1
836   699   -1
836   1037  -1
837   591   -1
837   600   -1
837   662   -1
838   573   -1
839   553   -1
839   563   -1
839   619   -1
839   638   -1
840   596   -1
842   681   -1
843   540   -1
843   717   -1
844   696   -1
847   681   -1
847   751   -1
847   1161  -1
848   1168  -1
849   616   -1
849   799   -1
849   849   -1
849   1135  -1
849   1139  -1
850   564   -1
850   652   -1
850   757   -1
851   674   -1
851   1051  -1
851   1067  -1
853   637   -1
853   731   -1
853   752   -1
854   527   -1
854   723   -1
854   871   -1
855   835   -1
856   575   -1
856   1095  -1
856   1113  -1
857   627   -1
857   694   -1
858   600   -1
858   1105  -1
858   1137  -1
859   542   -1
860   609   -1
860   1056  -1
861   507   -1
861   606   -1
861   645   -1
861   786   -1
861   883   -1
861   1146  -1
862   586   -1
862   683   -1
862   850   -1
862   902   -1
862   1080  -1
863   1166  -1
864   537   -1
864   829   -1
865   614   -1
865   672   -1
865   920   -1
866   570   -1
866   801   -1
866   1083  -1
866   1097  -1
867   632   -1
868   502   -1
868   609   -1
869   559   -1
870   573   -1
870   683   -1
870   835   -1
871   1098  -1
872   567   -1
872   791   -1
872   896   -1
872   1139  -1
873   748   -1
873   801   -1
874   613   -1
874   1087  -1
875   538   -1
875   549   -1
875   659   -1
875   767   -1
875   942   -1
876   563   -1
876   827   -1
877   773   -1
877   785   -1
877   1089  -1
878   492   -1
878   807   -1
878   841   -1
879   690   -1
879   795   -1
879   1110  -1
880   546   -1
880   619   -1
880   683   -1
880   1074  -1
881   504   -1
881   662   -1
881   749   -1
881   900   -1
882   498   -1
882   842   -1
882   850   -1
883   638   -1
884   650   -1
884   681   -1
885   759   -1
885   857   -1
885   1081  -1
886   536   -1
886   911   -1
887   743   -1
887   797   -1
887   1047  -1
888   620   -1
888   792   -1
888   880   -1
889   590   -1
889   607   -1
889   624   -1
889   873   -1
890   1007  -1
890   1024  -1
891   506   -1
891   513   -1
891   569   -1
891   919   -1
891   936   -1
891   1038  -1
892   1079  -1
894   564   -1
894   598   -1
894   714   -1
894   785   -1
894   926   -1
895   588   -1
895   916   -1
895   1101  -1
896   690   -1
896   753   -1
897   556   -1
897   665   -1
897   778   -1
898   746   -1
898   833   -1
899   650   -1
899   735   -1
899   800   -1
899   827   -1
899   966   -1
900   536   -1
901   511   -1
901   703   -1
901   763   -1
902   546   -1
902   1108  -1
903   558   -1
903   569   -1
903   631   -1
903   660   -1
903   743   -1
903   814   -1
904   681   -1
904   690   -1
904   699   -1
904   715   -1
904   957   -1
904   1081  -1
905   586   -1
905   618   -1
905   842   -1
906   1110  -1
907   517   -1
907   576   -1
907   800   -1
908   819   -1
909   521   -1
909   606   -1
909   769   -1
909   853   -1
910   701   -1
910   930   -1
911   857   -1
911   926   -1
912   491   -1
912   663   -1
913   680   -1
913   695   -1
913   864   -1
913   947   -1
913   1085  -1
914   519   -1
914   543   -1
914   597   -1
914   913   -1
914   976   -1
915   562   -1
915   871   -1
915   1006  -1
916   514   -1
916   875   -1
917   711   -1
917   801   -1
918   658   -1
918   841   -1
919   552   -1
919   621   -1
919   682   -1
919   689   -1
919   815   -1
919   1089  -1
920   615   -1
920   868   -1
921   508   -1
921   666   -1
921   730   -1
921   810   -1
921   971   -1
923   532   -1
923   705   -1
923   825   -1
923   842   -1
923   1115  -1
924   478   -1
924   608   -1
924   675   -1
924   717   -1
924   895   -1
925   742   -1
926   667   -1
926   691   -1
926   711   -1
926   755   -1
926   773   -1
926   803   -1
926   870   -1
926   976   -1
926   1089  -1
927   524   -1
927   661   -1
927   797   -1
927   914   -1
927   921   -1
928   738   -1
929   576   -1
929   753   -1
929   887   -1
929   1098  -1
930   520   -1
930   542   -1
930   622   -1
931   515   -1
931   897   -1
932   614   -1
932   703   -1
932   879   -1
932   942   -1
933   679   -1
933   868   -1
934   464   -1
934   947   -1
935   656   -1
935   824   -1
935   1100  -1
936   637   -1
936   752   -1
936   775   -1
937   486   -1
937   662   -1
937   910   -1
938   617   -1
938   648   -1
938   737   -1
938   849   -1
938   865   -1
938   936   -1
939   593   -1
939   1018  -1
940   476   -1
940   550   -1
940   1003  -1
940   1022  -1
941   555   -1
941   630   -1
941   762   -1
941   778   -1
941   921   -1
942   701   -1
942   737   -1
942   861   -1
942   897   -1
943   602   -1
943   767   -1
943   794   -1
943   1100  -1
944   730   -1
944   833   -1
945   587   -1
945   612   -1
945   691   -1
945   722   -1
945   726   -1
945   762   -1
945   810   -1
945   870   -1
945   1011  -1
946   736   -1
947   575   -1
949   837   -1
951   475   -1
951   554   -1
951   734   -1
951   1093  -1
952   634   -1
952   690   -1
952   810   -1
953   845   -1
954   709   -1
954   1023  -1
955   546   -1
955   569   -1
955   600   -1
955   778   -1
956   530   -1
956   680   -1
957   734   -1
958   463   -1
958   486   -1
958   1107  -1
959   1101  -1
960   577   -1
960   618   -1
960   638   -1
960   647   -1
960   783   -1
961   628   -1
961   695   -1
961   766   -1
963   556   -1
964   507   -1
964   536   -1
964   635   -1
964   1096  -1
965   495   -1
965   520   -1
966   602   -1
966   663   -1
966   826   -1
967   685   -1
967   774   -1
968   462   -1
968   742   -1
969   511   -1
969   598   -1
969   718   -1
970   679   -1
970   810   -1
972   547   -1
972   557   -1
972   748   -1
972   1004  -1
973   572   -1
973   685   -1
974   532   -1
974   812   -1
975   1122  -1
976   698   -1
976   711   -1
976   838   -1
977   520   -1
977   594   -1
979   525   -1
979   865   -1
979   1122  -1
980   450   -1
980   501   -1
980   1027  -1
981   747   -1
982   467   -1
982   617   -1
982   651   -1
982   798   -1
982   870   -1
982   1003  -1
982   1020  -1
983   608   -1
983   873   -1
984   699   -1
984   752   -1
984   861   -1
984   1016  -1
984   1094  -1
985   521   -1
986   530   -1
987   721   -1
988   709   -1
989   758   -1
989   882   -1
990   557   -1
991   1029  -1
991   1093  -1
992   526   -1
992   587   -1
992   1014  -1
992   1100  -1
993   574   -1
993   779   -1
993   803   -1
993   873   -1
994   445   -1
994   730   -1
994   888   -1
995   613   -1
995   705   -1
995   1090  -1
996   578   -1
997   622   -1
997   638   -1
997   798   -1
998   848   -1
998   898   -1
998   1118  -1
1000  577   -1
1001  562   -1
1001  591   -1
1001  704   -1
1001  776   -1
1002  1009  -1
1002  1099  -1
1003  479   -1
1003  820   -1
1004  915   -1
1005  587   -1
1005  613   -1
1005  750   -1
1005  1085  -1
1006  603   -1
1006  883   -1
1007  713   -1
1008  735   -1
1008  1018  -1
1009  630   -1
1010  515   -1
1010  770   -1
1010  864   -1
1010  935   -1
1010  1226  -1
1011  621   -1
1012  497   -1
1012  578   -1
1012  639   -1
1012  1207  -1
1012  1215  -1
1013  600   -1
1013  811   -1
1014  552   -1
1014  890   -1
1015  595   -1
1015  610   -1
1015  756   -1
1015  925   -1
1015  1091  -1
1016  740   -1
1016  879   -1
1016  1185  -1
1017  570   -1
1017  1018  -1
1018  471   -1
1018  903   -1
1019  507   -1
1019  587   -1
1019  891   -1
1019  1022  -1
1020  621   -1
1021  756   -1
1021  1106  -1
1022  574   -1
1023  553   -1
1023  616   -1
1023  781   -1
1023  831   -1
1023  1090  -1
1024  1129  -1
1025  805   -1
1026  1081  -1
1026  1120  -1
1026  1153  -1
1027  611   -1
1027  835   -1
1028  568   -1
1028  816   -1
1028  1105  -1
1029  917   -1
1030  561   -1
1030  944   -1
1031  774   -1
1031  1022  -1
1032  489   -1
1032  535   -1
1032  830   -1
1033  529   -1
1033  607   -1
1033  934   -1
1033  1103  -1
1034  1146  -1
1036  1008  -1
1036  1021  -1
1037  496   -1
1037  506   -1
1037  568   -1
1037  1016  -1
1037  1071  -1
1038  543   -1
1039  546   -1
1040  569   -1
1040  597   -1
1040  961   -1
1040  1097  -1
1041  483   -1
1041  521   -1
1041  1081  -1
1042  529   -1
1042  615   -1
1042  812   -1
1042  1109  -1
1043  858   -1
1043  1092  -1
1044  544   -1
1044  918   -1
1044  973   -1
1044  994   -1
1044  1035  -1
1045  802   -1
1046  956   -1
1046  1097  -1
1046  1101  -1
1047  856   -1
1047  1107  -1
1047  1151  -1
1048  513   -1
1049  505   -1
1049  821   -1
1049  901   -1
1050  611   -1
1050  815   -1
1050  881   -1
1050  886   -1
1050  1055  -1
1050  1157  -1
1051  973   -1
1051  1011  -1
1052  791   -1
1052  807   -1
1052  865   -1
1052  921   -1
1052  1070  -1
1053  468   -1
1054  407   -1
1054  512   -1
1054  547   -1
1055  450   -1
1055  971   -1
1056  464   -1
1056  540   -1
1056  556   -1
1056  802   -1
1056  993   -1
1057  943   -1
1058  613   -1
1058  902   -1
1059  917   -1
1059  980   -1
1059  986   -1
1059  1077  -1
1060  858   -1
1061  474   -1
1061  889   -1
1061  1069  -1
1062  502   -1
1062  602   -1
1062  1669  -1
1063  421   -1
1063  590   -1
1063  837   -1
1063  872   -1
1063  1029  -1
1064  914   -1
1064  1096  -1
1065  582   -1
1065  832   -1
1066  1057  -1
1067  814   -1
1068  486   -1
1068  1090  -1
1069  464   -1
1070  408   -1
1070  417   -1
1070  1014  -1
1071  844   -1
1071  892   -1
1071  909   -1
1071  972   -1
1071  1721  -1
1072  461   -1
1072  496   -1
1072  1003  -1
1073  1087  -1
1073  1676  -1
1074  480   -1
1074  1073  -1
1075  922   -1
1075  1062  -1
1075  1707  -1
1076  908   -1
1076  1034  -1
1079  420   -1
1079  1632  -1
1081  871   -1
1081  1024  -1
1081  1677  -1
1081  1683  -1
1081  1705  -1
1082  1041  -1
1083  879   -1
1083  1623  -1
1084  421   -1
1084  432   -1
1084  1083  -1
1085  496   -1
1086  417   -1
1086  445   -1
1086  890   -1
1088  431   -1
1088  896   -1
1088  1631  -1
1089  847   -1
1089  858   -1
1089  1078  -1
1090  461   -1
1090  1030  -1
1090  1692  -1
1091  440   -1
1091  1042  -1
1091  1075  -1
1094  492   -1
1094  865   -1
1094  1009  -1
1095  477   -1
1095  1020  -1
1095  1650  -1
1096  498   -1
1096  985   -1
1096  1045  -1
1097  926   -1
1097  1633  -1
1098  423   -1
1098  875   -1
1098  979   -1
1098  1067  -1
1099  455   -1
1099  1720  -1
1100  973   -1
1101  463   -1
1101  968   -1
1101  1029  -1
1102  889   -1
1102  908   -1
1102  1057  -1
1103  401   -1
1103  438   -1
1103  899   -1
1103  943   -1
1104  1020  -1
1106  409   -1
1106  489   -1
1106  978   -1
1106  983   -1
1106  1015  -1
1106  1724  -1
1108  867   -1
1108  884   -1
1109  445   -1
1109  942   -1
1109  1042  -1
1109  1630  -1
1110  911   -1
1110  937   -1
1110  1038  -1
1111  994   -1
1112  385   -1
1112  402   -1
1114  886   -1
1115  879   -1
1115  975   -1
1116  484   -1
1116  1602  -1
1117  464   -1
1117  1616  -1
1118  443   -1
1119  466   -1
1119  917   -1
1120  924   -1
1120  938   -1
1120  943   -1
1121  472   -1
1122  370   -1
1123  460   -1
1123  495   -1
1123  974   -1
1125  934   -1
1126  403   -1
1127  382   -1
1128  478   -1
1128  980   -1
1128  1730  -1
1129  886   -1
1129  970   -1
1129  1053  -1
1130  459   -1
1130  939   -1
1130  975   -1
1130  1011  -1
1131  1737  -1
1131  1747  -1
1132  471   -1
1132  894   -1
1132  926   -1
1132  1069  -1
1133  920   -1
1134  362   -1
1134  1084  -1
1135  434   -1
1135  950   -1
1135  1077  -1
1135  1729  -1
1136  456   -1
1136  492   -1
1136  915   -1
1136  933   -1
1136  990   -1
1136  996   -1
1136  1023  -1
1137  983   -1
1137  1062  -1
1138  893   -1
1138  974   -1
1139  865   -1
1139  922   -1
1139  1009  -1
1142  455   -1
1142  945   -1
1142  986   -1
1142  1719  -1
1143  908   -1
1143  963   -1
1144  1031  -1
1144  1193  -1
1145  1061  -1
1146  1049  -1
1147  969   -1
1147  978   -1
1147  1093  -1
1148  1599  -1
1149  1118  -1
1149  1214  -1
1151  472   -1
1151  1053  -1
1151  1088  -1
1152  892   -1
1152  939   -1
1152  953   -1
1153  439   -1
1153  489   -1
1153  1066  -1
1153  1209  -1
1155  1026  -1
1156  478   -1
1156  913   -1
1156  918   -1
1156  1048  -1
1158  425   -1
1159  1062  -1
1160  942   -1
1160  956   -1
1160  970   -1
1161  1207  -1
1162  421   -1
1163  1614  -1
1164  486   -1
1165  978   -1
1165  1187  -1
1166  432   -1
1166  1126  -1
1167  479   -1
1169  1193  -1
1170  1116  -1
1173  486   -1
1174  442   -1
1174  1103  -1
1174  1119  -1
1174  1733  -1
1178  1179  -1
1179  1110  -1
1179  1134  -1
1179  1188  -1
1181  1155  -1
1181  1181  -1
1183  1610  -1
1185  1591  -1
1189  487   -1
1191  422   -1
1195  433   -1
1195  1183  -1
1196  491   -1
1196  1202  -1
1198  1700  -1
1199  466   -1
1199  1727  -1
1200  428   -1
1202  1707  -1
1203  1185  -1
1205  1156  -1
1207  396   -1
1207  1181  -1
1209  427   -1
1209  482   -1
1213  1575  -1
1215  393   -1
1215  466   -1
1218  1164  -1
1219  408   -1
1220  1222  -1
1221  391   -1
1223  468   -1
1223  493   -1
1224  475   -1
1226  1208  -1
1227  1231  -1
1228  419   -1
1229  1593  -1
1229  1718  -1
1230  1183  -1
1231  1567  -1
1232  492   -1
1232  1215  -1
1234  1580  -1
1236  1217  -1
1237  399   -1
1237  1572  -1
1239  472   -1
1239  486   -1
1241  1233  -1
1243  394   -1
1243  1565  -1
1244  401   -1
1247  410   -1
1247  487   -1
1247  1557  -1
1248  381   -1
1248  494   -1
1248  1193  -1
1248  1208  -1
1248  1573  -1
1249  1512  -1
1250  1504  -1
1251  495   -1
1253  400   -1
1253  1241  -1
1255  1254  -1
1255  1562  -1
1257  472   -1
1258  481   -1
1258  1200  -1
1258  1214  -1
1258  1583  -1
1258  1702  -1
1263  405   -1
1263  1249  -1
1264  1224  -1
1264  1507  -1
1265  1475  -1
1266  490   -1
1267  1245  -1
1268  1678  -1
1269  1482  -1
1270  1202  -1
1270  1549  -1
1271  1209  -1
1272  1552  -1
1272  1571  -1
1273  379   -1
1273  480   -1
1273  1678  -1
1274  1494  -1
1275  1436  -1
1275  1478  -1
1275  1514  -1
1276  1447  -1
1276  1562  -1
1278  1431  -1
1280  1594  -1
1282  365   -1
1282  1415  -1
1283  1687  -1
1284  1653  -1
1284  1670  -1
1285  1455  -1
1285  1482  -1
1286  1659  -1
1287  1475  -1
1287  1592  -1
1290  359   -1
1290  1469  -1
1291  1276  -1
1292  471   -1
1293  386   -1
1293  1262  -1
1294  1211  -1
1294  1361  -1
1294  1382  -1
1296  1650  -1
1299  1274  -1
1299  1288  -1
1299  1597  -1
1300  1400  -1
1302  1224  -1
1303  477   -1
1303  1277  -1
1303  1383  -1
1304  1672  -1
1305  1400  -1
1306  1235  -1
1306  1569  -1
1306  1596  -1
1307  1365  -1
1308  1259  -1
1308  1384  -1
1308  1678  -1
1311  482   -1
1312  1678  -1
1313  349   -1
1313  366   -1
1313  1254  -1
1314  1273  -1
1314  1315  -1
1314  1392  -1
1315  1232  -1
1315  1336  -1
1315  1395  -1
1316  1669  -1
1317  1333  -1
1318  1217  -1
1318  1245  -1
1319  1295  -1
1320  1279  -1
1320  1329  -1
1320  1365  -1
1326  1260  -1
1326  1305  -1
1330  1572  -1
1331  481   -1
1331  1671  -1
1334  348   -1
1334  1662  -1
1335  364   -1
1337  1304  -1
1339  1292  -1
1339  1636  -1
1344  491   -1
1345  1601  -1
1346  1640  -1
1346  1661  -1
1348  1288  -1
1349  1254  -1
1353  1232  -1
1355  1657  -1
1358  1732  -1
1359  329   -1
1360  1231  -1
1362  1719  -1
1363  1600  -1
1365  1713  -1
1366  467   -1
1369  334   -1
1369  1266  -1
1369  1668  -1
1370  343   -1
1370  489   -1
1370  1651  -1
1371  1260  -1
1372  1250  -1
1373  1232  -1
1374  476   -1
1374  1595  -1
1374  1726  -1
1375  488   -1
1375  1719  -1
1375  1740  -1
1378  1231  -1
1380  1747  -1
1381  1732  -1
1383  1600  -1
1386  341   -1
1386  1756  -1
1387  1691  -1
1387  1805  -1
1388  1257  -1
1389  338   -1
1390  1241  -1
1391  481   -1
1391  1697  -1
1393  1622  -1
1393  1732  -1
1395  469   -1
1395  1652  -1
1395  1760  -1
1396  1835  -1
1400  1726  -1
1401  1846  -1
1402  473   -1
1402  493   -1
1403  1629  -1
1404  1251  -1
1405  331   -1
1407  1851  -1
1409  1760  -1
1409  1783  -1
1412  478   -1
1412  1763  -1
1413  493   -1
1414  1568  -1
1416  1863  -1
1417  1252  -1
1418  1850  -1
1419  1593  -1
1422  1228  -1
1423  1629  -1
1424  1732  -1
1425  478   -1
1429  473   -1
1429  1684  -1
1431  1862  -1
1432  1680  -1
1434  481   -1
1435  1565  -1
1436  1695  -1
1438  489   -1
1439  1229  -1
1439  1565  -1
1442  1701  -1
1446  1686  -1
1446  1861  -1
1449  1235  -1
1449  1562  -1
1449  1642  -1
1451  1572  -1
1455  1567  -1
1455  1580  -1
1457  1618  -1
1459  1663  -1
1460  1624  -1
1460  1861  -1
1462  1680  -1
1472  1683  -1
1476  1676  -1
1477  1650  -1
1477  1869  -1
1477  1885  -1
1481  1864  -1
1482  1590  -1
1486  1676  -1
1487  1873  -1
1491  1570  -1
1496  1638  -1
1498  1678  -1
1502  1649  -1
1508  1683  -1
1516  1580  -1
1519  1569  -1
1520  1591  -1
1520  1690  -1
1520  1870  -1
1523  1570  -1
1526  1674  -1
1532  1602  -1
1534  1680  -1
1536  1600  -1
1535  1716  -1
1538  1691  -1
1543  1846  -1
1551  1732  -1
1558  1595  -1
1560  1630  -1
1560  1726  -1
1563  1626  -1
1563  1635  -1
1566  1833  -1
1566  1962  -1
1569  1853  -1
1572  1584  -1
1572  1915  -1
1576  1624  -1
1576  1838  -1
1579  1702  -1
1580  1835  -1
1583  1758  -1
1584  1769  -1
1586  1658  -1
1586  1680  -1
1587  1785  -1
1589  1706  -1
1592  1618  -1
1593  1831  -1
1593  1893  -1
1595  1704  -1
1596  1742  -1
1597  1819  -1
1598  1728  -1
1599  1715  -1
1599  1852  -1
1599  1862  -1
1602  1622  -1
1602  1718  -1
1603  1688  -1
1604  1598  -1
1607  1836  -1
1608  1599  -1
1608  1698  -1
1619  1606  -1
1619  1827  -1
1620  1733  -1
1620  1842  -1
1621  1821  -1
1622  1790  -1
1623  1632  -1
1625  1636  -1
1630  1741  -1
1642  1645  -1
1643  1637  -1
1646  1627  -1
1655  1765  -1
1658  1627  -1
1658  1638  -1
1664  1657  -1
1664  1725  -1
1671  57    -1
1671  1649  -1
1684  1651  -1
1691  1728  -1
1693  1673  -1
1697  1752  -1
1703  1659  -1
1705  1682  -1
1708  1707  -1
1722  1718  -1
1723  1686  -1
1723  1697  -1
1731  1684  -1
1752  1724  -1
1753  1681  -1
1761  1684  -1
1761  1695  -1
1766  1409  -1
1767  1166  -1
1779  1694  -1
1783  1690  -1
1784  1734  -1
1789  1633  -1
1795  1666  -1
1796  1404  -1
1796  1509  -1
1801  1341  -1
1805  1334  -1
1806  1363  -1
1806  1527  -1
1807  1378  -1
1807  1492  -1
1808  1354  -1
1809  1229  -1
1809  1547  -1
1810  1404  -1
1811  1480  -1
1811  1642  -1
1813  1431  -1
1815  1585  -1
1815  1636  -1
1819  1460  -1
1821  1616  -1
1822  1511  -1
1822  1786  -1
1832  1558  -1
1833  1602  -1
1835  1529  -1
1835  1774  -1
1840  1792  -1
1846  1804  -1
1857  912   -1
1857  1824  -1
1859  858   -1
1859  1811  -1
1860  878   -1
1860  1804  -1
1861  1829  -1
1863  958   -1
1866  849   -1
1868  1835  -1
1870  872   -1
1873  845   -1
1873  907   -1
1878  974   -1
1880  797   -1
1881  1818  -1
1886  434   -1
1890  973   -1
1891  982   -1
1893  1847  -1
1895  409   -1
1895  472   -1
1896  974   -1
1901  1835  -1
1903  1010  -1
1912  1025  -1
1913  441   -1
1920  723   -1
1921  663   -1
1929  740   -1
1933  630   -1
1936  625   -1
1936  1021  -1
1941  678   -1
1948  1037  -1
1949  656   -1
1955  742   -1
1959  1080  -1
1963  1065  -1
1968  1075  -1
1970  815   -1
1992  800   -1
1995  1075  -1
2002  1081  -1
2005  832   -1
2016  1084  -1
2019  861   -1
2028  1083  -1
2030  851   -1
2035  872   -1
2038  1071  -1
2039  1025  -1
2042  1030  -1
2047  1011  -1
444   1729  -1
443   1989  -1
501   1960  -1
630   897   -1
646   631   -1
654   647   -1
661   537   -1
665   501   -1
666   534   -1
668   671   -1
671   615   -1
677   574   -1
678   517   -1
680   919   -1
683   495   -1
682   681   -1
684   517   -1
685   916   -1
688   508   -1
693   675   -1
694   909   -1
704   489   -1
703   805   -1
705   541   -1
709   512   -1
709   706   -1
712   562   -1
712   698   -1
712   610   -1
720   261   -1
721   631   -1
721   959   -1
727   749   -1
725   572   -1
727   262   -1
727   316   -1
730   794   -1
732   615   -1
734   375   -1
735   366   -1
735   667   -1
746   647   -1
744   975   -1
749   661   -1
747   659   -1
747   981   -1
750   954   -1
752   961   -1
753   958   -1
759   994   -1
761   645   -1
761   996   -1
767   638   -1
765   969   -1
768   650   -1
769   608   -1
772   985   -1
771   988   -1
772   702   -1
774   649   -1
776   656   -1
778   658   -1
774   654   -1
779   617   -1
780   638   -1
783   514   -1
788   524   -1
786   1023  -1
788   688   -1
790   574   -1
789   601   -1
794   645   -1
797   503   -1
802   506   -1
801   509   -1
798   510   -1
799   507   -1
796   529   -1
795   537   -1
796   1004  -1
802   520   -1
802   553   -1
803   651   -1
807   1013  -1
810   542   -1
810   585   -1
810   1031  -1
817   1023  -1
822   672   -1
824   575   -1
824   1056  -1
827   1053  -1
827   674   -1
830   705   -1
830   755   -1
833   635   -1
832   707   -1
833   679   -1
834   745   -1
836   669   -1
838   720   -1
838   690   -1
839   1054  -1
841   779   -1
844   786   -1
843   665   -1
843   713   -1
846   778   -1
846   1046  -1
846   616   -1
846   700   -1
848   1155  -1
849   635   -1
848   808   -1
851   686   -1
852   745   -1
851   742   -1
850   831   -1
854   514   -1
852   710   -1
854   708   -1
852   841   -1
852   1117  -1
855   675   -1
855   796   -1
856   807   -1
856   864   -1
855   1171  -1
856   1168  -1
858   580   -1
857   620   -1
859   623   -1
860   773   -1
859   569   -1
859   821   -1
860   594   -1
863   516   -1
867   1156  -1
867   1151  -1
865   1148  -1
864   594   -1
867   912   -1
864   911   -1
866   930   -1
866   818   -1
866   840   -1
869   618   -1
874   758   -1
874   1133  -1
875   933   -1
877   883   -1
878   533   -1
877   1037  -1
880   517   -1
883   935   -1
880   935   -1
883   920   -1
884   770   -1
883   1029  -1
887   701   -1
888   1100  -1
888   519   -1
888   766   -1
888   1103  -1
890   574   -1
892   536   -1
892   984   -1
894   496   -1
896   722   -1
897   686   -1
900   583   -1
902   780   -1
903   726   -1
905   646   -1
906   787   -1
904   976   -1
905   1047  -1
905   664   -1
909   943   -1
909   536   -1
908   726   -1
908   749   -1
910   610   -1
910   715   -1
912   622   -1
913   905   -1
915   907   -1
914   814   -1
915   987   -1
917   523   -1
918   647   -1
920   495   -1
923   884   -1
924   515   -1
924   525   -1
925   1099  -1
925   682   -1
925   850   -1
928   834   -1
927   562   -1
930   778   -1
931   1118  -1
932   834   -1
933   490   -1
933   846   -1
937   1006  -1
934   836   -1
935   860   -1
935   890   -1
934   893   -1
939   1117  -1
937   1115  -1
940   544   -1
940   671   -1
940   908   -1
942   913   -1
943   637   -1
943   677   -1
942   714   -1
942   1094  -1
943   1112  -1
946   1113  -1
947   1019  -1
947   791   -1
948   861   -1
949   530   -1
949   706   -1
951   743   -1
955   1116  -1
954   728   -1
952   725   -1
956   726   -1
954   822   -1
954   1011  -1
955   555   -1
957   557   -1
956   723   -1
956   816   -1
959   817   -1
958   505   -1
958   612   -1
960   811   -1
961   822   -1
961   825   -1
960   1022  -1
962   835   -1
962   566   -1
965   580   -1
963   584   -1
965   758   -1
967   649   -1
969   554   -1
968   1097  -1
970   804   -1
970   707   -1
976   851   -1
976   854   -1
971   613   -1
971   1106  -1
973   740   -1
976   780   -1
978   556   -1
981   563   -1
978   562   -1
979   817   -1
979   686   -1
980   636   -1
981   622   -1
982   643   -1
984   717   -1
985   765   -1
985   834   -1
987   561   -1
990   739   -1
989   736   -1
990   837   -1
990   481   -1
990   1117  -1
992   523   -1
992   468   -1
992   552   -1
995   865   -1
996   855   -1
996   879   -1
1000  877   -1
1000  880   -1
997   809   -1
998   749   -1
998   806   -1
1001  547   -1
1002  731   -1
1007  906   -1
1002  909   -1
1005  908   -1
1005  904   -1
1001  906   -1
1005  912   -1
1004  1104  -1
1004  627   -1
1006  1115  -1
1006  525   -1
1006  598   -1
1006  724   -1
1005  720   -1
1006  860   -1
1007  863   -1
1006  1111  -1
1007  727   -1
1010  1009  -1
1014  1010  -1
1013  1007  -1
1010  1030  -1
1011  896   -1
1012  947   -1
1018  1227  -1
1014  950   -1
1016  1223  -1
1017  769   -1
1018  792   -1
1019  942   -1
1020  795   -1
1021  920   -1
1021  970   -1
1021  905   -1
1022  963   -1
1022  1208  -1
1022  1029  -1
1025  497   -1
1026  1010  -1
1029  1011  -1
1025  1007  -1
1025  1030  -1
1027  935   -1
1027  932   -1
1027  514   -1
1027  1205  -1
1030  616   -1
1031  930   -1
1030  539   -1
1031  549   -1
1031  839   -1
1032  598   -1
1032  1206  -1
1035  1214  -1
1032  1214  -1
1035  1211  -1
1033  941   -1
1036  841   -1
1039  624   -1
1038  795   -1
1039  815   -1
1041  775   -1
1041  828   -1
1041  1114  -1
1041  587   -1
1042  1123  -1
1043  1051  -1
1043  1204  -1
1045  1177  -1
1046  789   -1
1047  842   -1
1048  557   -1
1048  930   -1
1050  552   -1
1053  600   -1
1055  400   -1
1058  399   -1
1062  398   -1
1055  836   -1
1055  1090  -1
1061  519   -1
1059  522   -1
1060  1686  -1
1062  1688  -1
1061  496   -1
1061  1680  -1
1064  1680  -1
1062  586   -1
1066  926   -1
1067  1080  -1
1070  432   -1
1071  427   -1
1069  981   -1
1071  847   -1
1071  1080  -1
1072  824   -1
1071  916   -1
1071  932   -1
1072  935   -1
1072  929   -1
1073  1068  -1
1075  915   -1
1076  1092  -1
1076  1022  -1
1078  1079  -1
1079  1642  -1
1076  1643  -1
1077  891   -1
1077  1719  -1
1079  429   -1
1079  1029  -1
1079  1089  -1
1082  406   -1
1083  848   -1
1086  1063  -1
1088  489   -1
1092  1001  -1
1092  1061  -1
1094  496   -1
1094  910   -1
1093  997   -1
1093  1052  -1
1096  897   -1
1096  1725  -1
1097  941   -1
1098  1060  -1
1103  951   -1
1099  950   -1
1100  954   -1
1100  1052  -1
1103  1048  -1
1101  409   -1
1101  413   -1
1101  472   -1
1109  1026  -1
1105  1026  -1
1104  1736  -1
1106  493   -1
1107  875   -1
1107  1010  -1
1108  958   -1
1109  961   -1
1109  1611  -1
1110  440   -1
1110  989   -1
1112  898   -1
1117  369   -1
1118  1745  -1
1119  908   -1
1120  969   -1
1120  1631  -1
1121  1001  -1
1122  1739  -1
1122  380   -1
1123  866   -1
1125  873   -1
1123  407   -1
1124  891   -1
1130  863   -1
1131  442   -1
1132  455   -1
1133  869   -1
1133  1622  -1
1146  1211  -1
1137  1091  -1
1139  1083  -1
1140  918   -1
1143  1621  -1
1145  1023  -1
1146  365   -1
1145  491   -1
1146  452   -1
1149  368   -1
1151  985   -1
1152  427   -1
1153  1042  -1
1152  1740  -1
1153  904   -1
1155  1012  -1
1154  1032  -1
1156  435   -1
1156  1123  -1
1158  470   -1
1158  1001  -1
1160  938   -1
1163  438   -1
1162  435   -1
1161  989   -1
1161  1131  -1
1162  1744  -1
1165  443   -1
1166  440   -1
1170  1082  -1
1172  1163  -1
1173  1142  -1
1175  1130  -1
1174  495   -1
1183  412   -1
1183  1131  -1
1188  428   -1
1186  436   -1
1187  469   -1
1186  1116  -1
1190  1119  -1
1189  1607  -1
1191  407   -1
1193  409   -1
1190  1604  -1
1191  1715  -1
1196  481   -1
1198  1736  -1
1203  484   -1
1206  485   -1
1203  481   -1
1203  1191  -1
1203  1148  -1
1206  414   -1
1206  1167  -1
1218  494   -1
1218  1197  -1
1219  1595  -1
1221  1534  -1
1223  1580  -1
1226  1579  -1
1224  409   -1
1225  485   -1
1228  483   -1
1231  480   -1
1229  1541  -1
1229  1226  -1
1231  1530  -1
1233  1547  -1
1232  1693  -1
1234  1705  -1
1235  1505  -1
1236  410   -1
1238  1193  -1
1237  1239  -1
1245  1240  -1
1245  1230  -1
1247  1243  -1
1248  1679  -1
1249  1694  -1
1252  392   -1
1253  1231  -1
1257  389   -1
1257  1247  -1
1259  492   -1
1264  391   -1
1263  1496  -1
1265  1461  -1
1266  1231  -1
1270  400   -1
1268  402   -1
1267  1453  -1
1268  1542  -1
1270  396   -1
1276  485   -1
1278  491   -1
1274  1508  -1
1276  394   -1
1276  1260  -1
1276  1225  -1
1279  397   -1
1278  1488  -1
1279  1525  -1
1283  1214  -1
1285  1581  -1
1285  1450  -1
1288  382   -1
1288  472   -1
1288  475   -1
1289  1242  -1
1290  1414  -1
1293  1385  -1
1297  1452  -1
1294  357   -1
1298  1350  -1
1299  1299  -1
1300  364   -1
1300  1413  -1
1302  380   -1
1303  1298  -1
1311  1321  -1
1314  1263  -1
1314  1260  -1
1314  1377  -1
1315  474   -1
1316  1579  -1
1318  1673  -1
1318  487   -1
1323  1351  -1
1320  1234  -1
1324  472   -1
1328  1586  -1
1332  362   -1
1333  470   -1
1334  491   -1
1336  475   -1
1342  1285  -1
1341  1282  -1
1341  351   -1
1343  1294  -1
1345  471   -1
1346  337   -1
1346  1248  -1
1347  1656  -1
1355  1268  -1
1353  1265  -1
1354  469   -1
1356  465   -1
1356  1790  -1
1357  348   -1
1357  1798  -1
1357  1801  -1
1359  1572  -1
1360  1639  -1
1362  1242  -1
1363  334   -1
1364  330   -1
1364  484   -1
1365  1800  -1
1367  476   -1
1366  473   -1
1366  1707  -1
1368  1646  -1
1368  329   -1
1370  1742  -1
1371  484   -1
1374  1699  -1
1378  327   -1
1380  320   -1
1376  335   -1
1379  331   -1
1382  1706  -1
1383  1253  -1
1387  469   -1
1389  471   -1
1385  471   -1
1394  316   -1
1399  315   -1
1399  329   -1
1407  478   -1
1408  490   -1
1409  493   -1
1408  1800  -1
1409  1797  -1
1413  1232  -1
1410  326   -1
1410  1768  -1
1423  491   -1
1420  1646  -1
1422  1642  -1
1427  491   -1
1428  1839  -1
1430  1246  -1
1431  1233  -1
1434  469   -1
1437  1645  -1
1447  476   -1
1445  1878  -1
1460  1587  -1
1462  1885  -1
1464  1655  -1
1470  1859  -1
1484  1638  -1
1487  1654  -1
1505  1646  -1
1515  1676  -1
1523  1583  -1
1526  1858  -1
1531  1872  -1
1551  1858  -1
1564  1603  -1
1565  1658  -1
1567  1902  -1
1572  1898  -1
1579  1585  -1
1584  1979  -1
1586  1819  -1
1588  1634  -1
1589  1802  -1
1591  1800  -1
1593  1636  -1
1597  1700  -1
1598  1641  -1
1617  1626  -1
1617  1623  -1
1630  1610  -1
1657  1647  -1
1696  1664  -1
1700  1651  -1
1726  1676  -1
1764  1737  -1
1767  1723  -1
1770  1743  -1
1787  1460  -1
1790  1732  -1
1788  1730  -1
1793  1752  -1
1794  1755  -1
1801  1322  -1
1806  1482  -1
1806  1390  -1
1813  1753  -1
1814  1456  -1
1816  1575  -1
1819  1283  -1
1822  1480  -1
1830  1766  -1
1853  849   -1
1853  891   -1
1853  936   -1
1854  912   -1
1856  838   -1
1857  906   -1
1859  947   -1
1860  871   -1
1865  834   -1
1870  810   -1
1874  805   -1
1875  927   -1
1885  938   -1
1886  416   -1
1887  791   -1
1895  1841  -1
1897  1856  -1
1900  1858  -1
1901  1850  -1
1904  979   -1
1901  980   -1
1904  1849  -1
1906  1031  -1
1910  784   -1
1912  994   -1
1915  1016  -1
1920  552   -1
1921  643   -1
1922  1033  -1
1934  516   -1
1940  1064  -1
1951  799   -1
1959  1046  -1
1971  1088  -1
1977  838   -1
1983  1079  -1
2023  1018  -1
2028  1026  -1
2031  1025  -1
2035  1031  -1
2040  1082  -1
661   895   0
661   896   0
698   936   1
699   936   1
776   1002  2
776   1003  2
845   639   3
846   638   3
847   733   4
848   733   4
889   694   5
885   696   5
887   695   5
889   887   6
887   886   6
898   540   7
899   539   7
925   552   8
923   553   8
932   601   9
933   602   9
940   581   10
943   581   10
941   581   10
963   734   11
965   733   11
964   573   12
964   572   12
988   643   13
992   641   13
990   642   13
999   871   14
999   870   14
1004  1088  15
1005  1089  15
1004  1108  16
1003  1107  16
1005  1107  16
1024  560   17
1024  561   17
1027  910   18
1026  911   18
1045  1040  19
1045  1041  19
1066  512   20
1066  513   20
1068  473   21
1067  474   21
1077  506   22
1076  508   22
1079  1637  23
1079  1638  23
1090  901   24
1092  901   24
1100  450   25
1101  451   25
1136  898   26
1138  899   26
1143  469   27
1143  470   27
1173  466   28
1173  467   28
1189  413   29
1188  412   29
1249  478   30
1250  478   30
1257  375   31
1258  374   31
1257  1467  32
1258  1468  32
1308  467   33
1308  469   33
1328  1281  34
1328  1280  34
1357  1250  35
1358  1251  35
1395  337   36
1396  336   36
1410  1746  37
1411  1745  37
1595  1914  38
1594  1914  38
1813  1443  39
1814  1446  39
1813  1444  39
0     76    40
1     77    40
634   901   41
633   900   41
635   902   41
633   902   41
644   888   42
645   887   42
645   889   42
647   886   42
651   891   43
650   889   43
652   587   44
652   586   44
655   627   45
655   627   45
656   628   45
658   599   46
658   599   46
661   600   47
660   602   47
665   521   48
664   520   48
676   560   49
677   562   49
686   535   50
686   535   50
687   545   51
687   543   51
703   797   52
703   797   52
704   927   53
704   928   53
706   808   54
707   809   54
710   920   55
709   921   55
711   799   56
709   798   56
711   783   57
711   781   57
712   467   58
711   465   58
712   808   59
712   809   59
713   555   60
714   557   60
714   927   61
713   929   61
716   481   62
716   481   62
717   476   63
715   477   63
715   552   64
715   551   64
716   948   65
717   949   65
718   266   66
719   268   66
716   265   66
721   453   67
719   452   67
721   454   67
722   291   68
721   288   68
722   289   68
720   715   69
720   715   69
725   422   70
723   423   70
724   751   71
725   751   71
725   303   72
724   301   72
726   950   73
726   950   73
727   948   73
726   950   73
724   956   74
725   954   74
728   779   75
728   780   75
729   260   76
728   258   76
730   498   77
730   498   77
732   282   78
732   284   78
736   689   79
736   689   79
737   691   79
738   270   80
739   270   80
740   364   81
740   364   81
740   642   82
741   644   82
743   948   83
742   950   83
745   420   84
745   420   84
746   422   84
745   402   85
744   400   85
744   403   85
753   723   86
752   723   86
756   972   87
756   972   87
758   641   88
757   643   88
759   675   89
758   674   89
760   718   90
759   717   90
760   718   90
763   608   91
762   609   91
764   639   92
763   637   92
769   653   93
767   653   93
779   645   94
779   645   94
780   661   95
778   662   95
784   719   96
782   720   96
784   719   96
786   720   96
784   721   96
786   718   96
782   718   96
781   985   97
781   987   97
786   522   98
786   520   98
787   641   99
788   642   99
793   653   100
793   655   100
792   708   101
793   708   101
793   1017  102
794   1018  102
796   506   103
794   507   103
794   505   103
796   506   103
796   532   104
796   533   104
796   1008  105
797   1008  105
796   1007  105
800   647   106
800   647   106
804   661   107
802   661   107
806   528   108
808   529   108
808   577   109
808   577   109
809   582   110
808   581   110
812   538   111
814   538   111
813   600   112
812   600   112
817   606   113
818   607   113
817   607   113
818   651   114
818   653   114
818   651   114
822   612   115
823   610   115
822   623   116
822   622   116
823   1045  117
824   1046  117
832   1068  118
831   1068  118
834   727   119
834   727   119
834   751   120
833   750   120
837   579   121
838   579   121
838   607   122
838   607   122
841   786   123
841   786   123
845   661   124
845   661   124
846   628   125
847   628   125
847   516   126
847   518   126
848   789   127
847   788   127
850   859   128
850   859   128
851   581   129
850   579   129
851   661   130
851   661   130
853   517   131
856   516   131
855   518   131
854   773   132
855   774   132
855   679   133
856   680   133
857   767   134
858   768   134
857   767   134
862   637   135
862   638   135
862   553   136
862   552   136
862   653   137
862   653   137
863   521   138
862   519   138
863   1153  139
865   1154  139
862   1151  139
866   597   140
866   597   140
864   1132  141
863   1131  141
871   880   142
871   880   142
871   880   142
870   881   142
871   620   143
871   620   143
871   916   144
870   915   144
872   1046  145
871   1046  145
876   678   146
877   679   146
876   508   147
876   508   147
877   867   148
876   867   148
878   1123  149
878   1123  149
879   754   150
879   755   150
883   830   151
883   830   151
885   558   152
886   560   152
885   561   152
888   828   153
887   829   153
893   639   154
894   640   154
893   900   155
893   900   155
894   910   156
893   911   156
893   1006  157
895   1007  157
894   708   158
895   707   158
894   577   159
895   578   159
896   725   160
896   725   160
898   724   160
895   726   160
899   673   161
900   674   161
899   961   162
900   962   162
905   474   163
906   475   163
906   948   164
906   946   164
907   479   165
906   480   165
908   480   165
908   940   166
909   940   166
906   941   166
911   534   167
911   534   167
912   536   167
911   584   168
910   586   168
912   474   169
911   476   169
914   1106  170
915   1106  170
914   1105  170
917   755   171
915   756   171
917   824   172
917   824   172
916   822   172
918   568   173
918   569   173
918   933   174
918   933   174
918   934   174
919   936   174
919   1101  175
919   1101  175
920   849   176
920   849   176
921   761   177
920   761   177
923   594   178
922   594   178
924   961   179
923   963   179
925   634   180
925   634   180
925   765   181
924   763   181
924   789   182
924   789   182
926   748   183
926   748   183
928   831   184
927   831   184
928   831   184
928   943   185
928   944   185
932   964   186
931   963   186
930   965   186
933   554   187
933   554   187
934   1006  188
934   1007  188
937   795   189
935   795   189
936   1094  190
938   1094  190
936   1095  190
943   470   191
943   470   191
943   472   191
944   544   192
943   544   192
944   464   193
944   464   193
946   533   194
947   535   194
945   743   195
946   743   195
947   670   196
947   670   196
951   998   197
950   999   197
950   997   197
951   1004  198
950   1002  198
951   815   199
951   815   199
952   684   200
950   683   200
952   467   201
951   466   201
952   1119  202
954   1119  202
952   1121  202
954   1097  203
953   1096  203
959   721   204
958   721   204
961   791   205
963   792   205
964   679   206
963   681   206
964   678   206
965   704   207
965   704   207
964   703   207
965   1017  208
965   1019  208
964   1025  209
965   1025  209
964   1025  209
966   483   210
966   482   210
967   619   211
966   619   211
968   588   212
969   589   212
969   752   213
969   753   213
971   846   214
971   846   214
972   849   215
974   848   215
975   825   216
974   823   216
976   857   217
978   857   217
979   549   218
978   548   218
980   785   219
981   786   219
981   783   219
980   788   219
982   772   220
982   772   220
983   459   221
983   459   221
983   507   222
982   509   222
984   1009  223
984   1009  223
985   1027  224
987   1028  224
987   792   225
986   793   225
987   792   225
987   795   225
985   792   225
988   627   226
989   629   226
990   699   227
992   699   227
992   736   228
992   736   228
993   1008  229
991   1007  229
997   812   230
995   813   230
1000  812   231
1001  814   231
998   741   232
998   741   232
1000  712   233
1000  712   233
1001  854   234
1000  855   234
1009  904   235
1011  905   235
1003  641   236
1003  642   236
1006  923   237
1005  921   237
1006  457   238
1007  458   238
1010  726   239
1010  725   239
1007  1092  240
1008  1094  240
1010  721   241
1009  722   241
1011  818   242
1012  817   242
1011  818   242
1013  817   242
1010  816   242
1014  1030  243
1016  1031  243
1013  520   244
1013  522   244
1013  483   245
1013  484   245
1013  562   246
1012  561   246
1015  1229  247
1014  1229  247
1015  1229  247
1013  1229  247
1014  1231  247
1014  932   248
1015  930   248
1014  1110  249
1016  1111  249
1017  1083  250
1017  1083  250
1016  1085  250
1018  580   251
1018  580   251
1018  580   251
1017  826   252
1018  825   252
1021  542   253
1021  540   253
1020  1196  254
1020  1196  254
1021  925   255
1021  923   255
1021  1159  256
1021  1158  256
1022  1159  256
1023  1178  257
1022  1179  257
1023  1181  257
1023  1135  258
1023  1134  258
1023  1223  259
1024  1223  259
1025  1226  260
1025  1226  260
1025  635   261
1023  636   261
1024  1170  262
1024  1171  262
1024  1165  263
1025  1167  263
1025  1217  264
1025  1215  264
1024  1213  264
1025  1217  264
1026  904   265
1026  903   265
1029  1144  266
1029  1143  266
1028  1219  267
1029  1217  267
1030  927   268
1030  925   268
1030  1225  269
1031  1226  269
1032  627   270
1031  626   270
1032  627   270
1031  626   270
1030  976   271
1031  974   271
1030  1191  272
1031  1189  272
1038  1216  273
1038  1215  273
1035  1185  274
1034  1184  274
1035  1185  274
1034  1033  275
1034  1033  275
1039  463   276
1039  462   276
1041  459   277
1041  460   277
1044  774   278
1044  772   278
1045  777   279
1043  778   279
1043  1186  280
1044  1188  280
1042  1187  280
1045  582   281
1045  583   281
1046  910   282
1045  911   282
1045  950   283
1045  950   283
1045  1063  284
1045  1062  284
1047  1044  285
1047  1044  285
1048  1045  285
1048  548   286
1048  550   286
1048  1085  287
1048  1085  287
1049  966   288
1049  966   288
1049  1144  289
1049  1144  289
1048  1143  289
1050  459   290
1049  459   290
1050  1017  291
1050  1017  291
1049  1137  292
1050  1137  292
1051  1135  292
1052  1027  293
1053  1027  293
1052  1028  293
1052  1063  294
1051  1063  294
1058  395   295
1058  396   295
1058  392   295
1058  395   295
1059  393   295
1061  395   296
1062  393   296
1055  814   297
1055  814   297
1055  908   298
1056  909   298
1055  930   299
1054  929   299
1056  955   300
1056  955   300
1056  955   300
1057  1106  301
1057  1106  301
1062  818   302
1061  819   302
1061  817   302
1063  1022  303
1063  1022  303
1063  1692  304
1063  1694  304
1072  423   305
1070  424   305
1073  422   305
1069  422   305
1069  429   306
1068  428   306
1069  986   307
1068  986   307
1070  977   308
1068  978   308
1070  1709  309
1069  1709  309
1072  850   310
1071  850   310
1073  403   311
1073  402   311
1073  405   311
1074  1018  312
1074  1018  312
1077  440   313
1076  441   313
1079  835   314
1080  835   314
1080  836   314
1079  838   314
1079  834   314
1077  835   314
1080  865   315
1080  865   315
1081  413   316
1081  414   316
1081  494   317
1081  494   317
1085  1052  318
1086  1053  318
1087  1005  319
1087  1005  319
1087  1006  319
1091  914   320
1092  916   320
1092  913   320
1091  424   321
1090  425   321
1092  925   322
1091  927   322
1092  444   323
1092  444   323
1093  883   324
1094  885   324
1096  881   325
1097  882   325
1096  994   326
1095  992   326
1099  856   327
1099  856   327
1102  932   328
1102  930   328
1104  1705  329
1104  1704  329
1109  1029  330
1109  1029  330
1112  1026  331
1112  1025  331
1113  1031  332
1113  1031  332
1106  1030  333
1104  1029  333
1110  479   334
1109  481   334
1115  449   335
1115  448   335
1114  1019  336
1115  1017  336
1119  964   337
1119  964   337
1121  435   338
1123  434   338
1122  449   339
1122  449   339
1125  868   340
1125  868   340
1125  868   340
1123  870   341
1122  872   341
1128  948   342
1129  949   342
1129  947   342
1126  950   343
1125  952   343
1129  960   344
1130  959   344
1133  447   345
1133  445   345
1135  447   345
1133  877   346
1132  878   346
1134  904   347
1134  904   347
1135  355   348
1134  353   348
1139  1210  349
1139  1210  349
1140  1209  349
1139  1210  349
1137  1206  350
1138  1205  350
1137  1204  350
1143  1207  351
1143  1207  351
1145  1207  351
1139  1029  352
1138  1028  352
1138  1030  352
1139  967   353
1140  967   353
1141  1042  354
1142  1040  354
1141  1053  355
1140  1053  355
1142  1092  356
1141  1094  356
1142  377   357
1142  377   357
1141  376   357
1144  476   358
1144  473   358
1145  475   358
1144  483   359
1142  484   359
1145  359   360
1145  359   360
1145  355   361
1144  354   361
1148  361   362
1148  363   362
1146  1746  363
1146  1747  363
1150  926   364
1152  925   364
1151  899   365
1151  899   365
1151  883   366
1151  883   366
1154  425   367
1154  423   367
1155  925   368
1156  925   368
1156  1055  369
1156  1053  369
1160  994   370
1160  994   370
1160  994   370
1162  1088  371
1163  1089  371
1161  1101  372
1161  1099  372
1164  1145  373
1163  1144  373
1164  1102  374
1165  1102  374
1167  419   375
1166  419   375
1171  413   376
1170  415   376
1172  415   376
1173  1087  377
1172  1086  377
1173  1087  377
1174  1171  378
1174  1173  378
1174  473   379
1175  471   379
1176  491   380
1175  492   380
1176  1167  381
1176  1167  381
1177  429   382
1177  431   382
1178  430   382
1176  430   382
1177  1093  383
1178  1095  383
1179  1711  384
1179  1711  384
1178  1710  384
1179  1587  385
1178  1586  385
1185  419   386
1184  420   386
1187  431   387
1189  432   387
1185  1727  388
1185  1727  388
1186  1145  389
1186  1146  389
1194  1131  390
1193  1132  390
1198  403   391
1198  404   391
1209  1606  392
1209  1606  392
1208  1607  392
1208  1604  392
1212  1202  393
1210  1201  393
1216  471   394
1216  471   394
1217  470   394
1216  1215  395
1216  1216  395
1218  1184  396
1218  1184  396
1220  419   397
1219  418   397
1219  418   397
1219  422   398
1220  422   398
1220  1216  399
1220  1218  399
1223  1536  400
1221  1537  400
1230  403   401
1229  402   401
1229  486   402
1230  488   402
1228  487   402
1233  1226  403
1233  1227  403
1232  1199  404
1232  1199  404
1234  1543  405
1235  1544  405
1238  1508  406
1238  1509  406
1237  1537  407
1238  1536  407
1242  386   408
1242  385   408
1241  387   408
1240  492   409
1240  494   409
1241  1219  410
1241  1220  410
1240  1219  410
1244  1244  411
1244  1243  411
1246  1213  412
1246  1214  412
1253  1676  413
1253  1675  413
1254  1520  414
1256  1521  414
1256  1209  415
1256  1209  415
1264  375   416
1262  376   416
1266  374   416
1258  1512  417
1260  1511  417
1261  1456  418
1262  1458  418
1262  1522  419
1262  1522  419
1264  474   420
1265  473   420
1266  1562  421
1266  1563  421
1271  369   422
1270  371   422
1275  489   423
1274  488   423
1273  490   423
1275  490   423
1276  488   423
1273  490   423
1278  1214  424
1280  1213  424
1278  1214  424
1279  1265  425
1280  1264  425
1281  388   426
1281  390   426
1284  387   426
1283  389   426
1282  1518  427
1282  1516  427
1282  1223  428
1282  1223  428
1286  1407  429
1286  1407  429
1286  1423  430
1286  1424  430
1285  1422  430
1286  1577  431
1285  1576  431
1288  1218  432
1288  1218  432
1288  1401  433
1288  1403  433
1288  1566  434
1287  1565  434
1292  1437  435
1292  1437  435
1294  1452  436
1293  1451  436
1297  1456  437
1297  1455  437
1294  482   438
1294  484   438
1295  1249  439
1296  1250  439
1295  1249  439
1296  1418  440
1295  1418  440
1300  1353  441
1299  1354  441
1298  1445  442
1298  1445  442
1299  470   443
1301  470   443
1303  484   444
1302  485   444
1303  488   445
1302  490   445
1310  1298  446
1310  1298  446
1310  1298  446
1306  1298  447
1307  1299  447
1306  472   448
1304  472   448
1305  1411  449
1306  1411  449
1305  1411  449
1305  1413  449
1308  1320  450
1307  1320  450
1308  1322  450
1308  1600  451
1308  1601  451
1312  1416  452
1312  1416  452
1311  1366  453
1313  1366  453
1316  485   454
1316  483   454
1316  1371  455
1316  1371  455
1319  367   456
1318  369   456
1319  1351  457
1320  1350  457
1322  1273  458
1322  1273  458
1324  487   459
1323  489   459
1325  1340  460
1326  1340  460
1326  1339  460
1328  1334  461
1328  1334  461
1331  1323  462
1331  1324  462
1331  1328  463
1331  1327  463
1334  1277  464
1332  1277  464
1340  1578  465
1341  1580  465
1344  1244  466
1344  1244  466
1343  1242  466
1348  469   467
1348  471   467
1348  335   468
1349  333   468
1353  486   469
1353  487   469
1357  1766  470
1359  1765  470
1359  1773  471
1359  1773  471
1362  1726  472
1361  1725  472
1363  1727  472
1360  1726  472
1365  1237  473
1365  1237  473
1364  1237  473
1365  1750  474
1365  1750  474
1367  1254  475
1367  1254  475
1368  1806  476
1367  1806  476
1370  1685  477
1369  1683  477
1369  1798  478
1370  1800  478
1370  1706  479
1370  1704  479
1377  322   480
1379  323   480
1375  327   481
1375  325   481
1381  1256  482
1382  1256  482
1382  1570  483
1383  1569  483
1382  486   484
1382  488   484
1386  1234  485
1386  1234  485
1386  1234  485
1387  1235  485
1386  1234  485
1385  1236  485
1387  1235  485
1384  1235  485
1384  1250  486
1384  1250  486
1386  1578  487
1385  1579  487
1388  1578  487
1387  1576  487
1384  1683  488
1384  1683  488
1393  332   489
1392  330   489
1393  332   489
1392  334   489
1391  484   490
1392  486   490
1392  490   490
1392  488   490
1392  486   490
1391  492   490
1396  324   491
1397  322   491
1399  1815  492
1398  1814  492
1399  1816  492
1404  315   493
1403  316   493
1402  318   493
1404  314   493
1403  1650  494
1403  1652  494
1405  1242  495
1405  1242  495
1406  1808  496
1406  1806  496
1410  1233  497
1410  1233  497
1410  1232  497
1412  323   498
1411  322   498
1420  471   499
1418  470   499
1419  473   499
1421  469   499
1424  472   500
1424  474   500
1421  488   501
1423  487   501
1419  491   502
1420  493   502
1425  1619  503
1427  1618  503
1424  1620  503
1429  485   504
1429  487   504
1434  1249  505
1434  1249  505
1437  1679  506
1436  1680  506
1440  1849  507
1440  1849  507
1445  474   508
1443  472   508
1444  470   508
1447  473   508
1444  473   508
1443  485   509
1443  487   509
1443  485   509
1447  489   510
1445  489   510
1448  487   510
1449  485   510
1444  490   510
1447  1244  511
1447  1244  511
1444  1247  512
1446  1247  512
1448  1229  513
1448  1229  513
1447  1230  513
1449  1229  513
1447  1566  514
1448  1567  514
1453  1240  515
1453  1241  515
1452  1240  515
1452  1242  515
1462  1650  516
1463  1651  516
1461  1648  516
1471  1564  517
1470  1565  517
1487  1571  518
1485  1571  518
1530  1574  519
1530  1573  519
1530  1854  520
1530  1852  520
1534  1584  521
1534  1584  521
1537  1668  522
1535  1669  522
1586  1747  523
1587  1747  523
1586  1747  523
1601  1786  524
1599  1785  524
1613  1604  525
1613  1603  525
1671  1655  526
1670  1655  526
1766  1730  527
1766  1728  527
1790  1460  528
1791  1460  528
1791  1728  529
1790  1728  529
1795  1749  530
1796  1748  530
1808  1388  531
1810  1389  531
1811  1421  532
1812  1419  532
1812  1424  533
1811  1426  533
1813  1415  534
1812  1416  534
1816  1774  535
1815  1773  535
1861  830   536
1859  831   536
1865  829   536
1863  829   536
1867  1810  537
1869  1810  537
1869  971   538
1869  973   538
1889  962   539
1891  961   539
1892  1839  540
1890  1838  540
1927  1051  541
1927  1051  541
1943  1065  542
1944  1064  542
1947  1070  543
1947  1070  543
1968  1060  544
1966  1060  544
2025  1015  545
2027  1016  545