# Filename: CLN3-561nm_416_ctrl_60x_011.tif
# Puncta radius (pixels): (1.3888888888888888, 1.3888888888888888)
# Puncta radius (nm): (150, 150)
# Cluster radius (nm): 300
# Min puncta per cluster: 2
# Voxel size (nm): (108, 108, 200)
Y     X     CLUSTER_ID
0     809   -1
0     1152  -1
1     1181  -1
3     972   -1
3     1033  -1
3     1290  -1
4     778   -1
5     836   -1
6     760   -1
6     1248  -1
7     572   -1
7     700   -1
8     1317  -1
9     897   -1
10    1376  -1
11    723   -1
11    1025  -1
12    967   -1
16    1014  -1
18    854   -1
21    723   -1
21    996   -1
22    1153  -1
23    792   -1
24    723   -1
24    773   -1
26    1489  -1
27    947   -1
28    843   -1
28    962   -1
28    1029  -1
28    1418  -1
29    914   -1
29    951   -1
30    973   -1
32    574   -1
32    766   -1
32    1465  -1
33    711   -1
34    525   -1
35    408   -1
36    579   -1
36    1044  -1
37    941   -1
40    670   -1
42    1441  -1
44    486   -1
44    1133  -1
44    1367  -1
44    1506  -1
45    958   -1
45    1524  -1
46    781   -1
46    852   -1
46    975   -1
47    733   -1
49    969   -1
50    498   -1
50    632   -1
50    892   -1
51    860   -1
51    1097  -1
51    1119  -1
51    1134  -1
52    672   -1
52    1423  -1
53    613   -1
53    776   -1
53    1154  -1
53    1494  -1
54    908   -1
55    628   -1
56    743   -1
58    752   -1
58    1022  -1
58    1506  -1
59    444   -1
59    1127  -1
60    498   -1
60    1081  -1
61    1089  -1
61    1109  -1
61    1120  -1
62    1433  -1
63    200   -1
63    807   -1
63    932   -1
63    1485  -1
64    762   -1
64    879   -1
65    523   -1
65    733   -1
65    1446  -1
66    534   -1
66    1029  -1
67    798   -1
67    821   -1
67    896   -1
68    939   -1
69    742   -1
69    872   -1
70    778   -1
70    1037  -1
70    1431  -1
71    959   -1
72    572   -1
72    1068  -1
73    949   -1
74    458   -1
74    477   -1
74    652   -1
74    671   -1
74    878   -1
75    730   -1
75    921   -1
76    587   -1
76    872   -1
78    1456  -1
78    1504  -1
81    396   -1
81    929   -1
82    180   -1
82    628   -1
82    756   -1
82    1079  -1
85    693   -1
85    808   -1
85    1101  -1
86    849   -1
86    1059  -1
88    879   -1
90    869   -1
90    1026  -1
91    779   -1
92    468   -1
92    1431  -1
93    692   -1
93    996   -1
94    795   -1
94    831   -1
94    1082  -1
95    1042  -1
96    909   -1
97    751   -1
98    509   -1
98    685   -1
98    770   -1
98    781   -1
98    819   -1
98    1074  -1
99    1019  -1
100   874   -1
100   923   -1
100   1041  -1
100   1384  -1
101   539   -1
101   788   -1
102   904   -1
102   1053  -1
104   522   -1
105   466   -1
106   568   -1
106   670   -1
106   832   -1
107   735   -1
108   993   -1
109   843   -1
109   1390  -1
110   1417  -1
111   1060  -1
112   579   -1
112   1017  -1
112   1071  -1
113   1065  -1
114   946   -1
114   964   -1
115   800   -1
116   856   -1
117   870   -1
118   634   -1
118   741   -1
118   966   -1
119   716   -1
119   1078  -1
119   1103  -1
119   1640  -1
120   543   -1
120   857   -1
120   884   -1
120   1041  -1
121   1034  -1
122   448   -1
122   674   -1
122   695   -1
123   342   -1
123   871   -1
123   961   -1
123   1002  -1
124   688   -1
124   976   -1
125   436   -1
125   831   -1
125   1173  -1
126   949   -1
127   562   -1
127   1015  -1
128   485   -1
129   181   -1
129   400   -1
129   811   -1
129   815   -1
129   836   -1
129   863   -1
130   622   -1
130   751   -1
131   230   -1
131   632   -1
131   735   -1
131   969   -1
131   985   -1
132   410   -1
132   712   -1
133   935   -1
134   453   -1
135   427   -1
135   1033  -1
136   611   -1
137   482   -1
137   538   -1
137   732   -1
137   932   -1
137   979   -1
138   1490  -1
141   459   -1
141   651   -1
141   914   -1
142   942   -1
142   1292  -1
143   583   -1
143   724   -1
143   857   -1
143   995   -1
143   1000  -1
144   375   -1
145   1188  -1
146   232   -1
146   504   -1
146   853   -1
147   943   -1
147   974   -1
148   892   -1
148   981   -1
149   1090  -1
150   674   -1
150   844   -1
150   1114  -1
151   1424  -1
153   721   -1
155   504   -1
155   569   -1
156   596   -1
156   882   -1
156   928   -1
156   1260  -1
157   187   -1
157   906   -1
158   977   -1
158   1226  -1
160   477   -1
160   692   -1
160   707   -1
161   490   -1
162   929   -1
162   1063  -1
163   729   -1
164   604   -1
164   1239  -1
165   527   -1
167   1219  -1
168   531   -1
168   675   -1
168   1270  -1
169   525   -1
169   649   -1
171   436   -1
171   609   -1
172   840   -1
173   462   -1
173   468   -1
173   732   -1
174   367   -1
175   1645  -1
176   520   -1
176   611   -1
176   1019  -1
177   436   -1
177   773   -1
177   782   -1
177   1034  -1
177   1052  -1
178   559   -1
178   861   -1
178   1030  -1
178   1098  -1
179   686   -1
179   961   -1
180   920   -1
180   954   -1
181   585   -1
181   667   -1
181   709   -1
181   805   -1
182   615   -1
182   881   -1
183   835   -1
184   901   -1
185   672   -1
185   675   -1
185   840   -1
187   924   -1
187   950   -1
188   200   -1
188   860   -1
189   432   -1
189   551   -1
189   763   -1
190   350   -1
190   1009  -1
191   503   -1
192   696   -1
192   874   -1
194   572   -1
194   612   -1
194   643   -1
195   408   -1
197   596   -1
197   607   -1
198   603   -1
198   663   -1
198   799   -1
198   923   -1
198   1318  -1
199   784   -1
200   1485  -1
201   843   -1
202   704   -1
202   1007  -1
203   349   -1
203   361   -1
203   639   -1
203   962   -1
204   602   -1
204   670   -1
204   860   -1
204   1064  -1
204   1477  -1
206   525   -1
207   698   -1
207   843   -1
208   811   -1
208   1037  -1
208   1097  -1
210   402   -1
210   729   -1
210   970   -1
211   711   -1
212   1129  -1
213   774   -1
213   1059  -1
214   758   -1
214   765   -1
215   738   -1
216   328   -1
216   580   -1
216   631   -1
216   696   -1
216   969   -1
216   1069  -1
217   985   -1
217   1049  -1
218   607   -1
219   808   -1
219   1021  -1
220   802   -1
221   1105  -1
221   1504  -1
223   654   -1
223   692   -1
223   1119  -1
224   626   -1
224   739   -1
224   1023  -1
225   728   -1
226   812   -1
226   839   -1
227   646   -1
228   327   -1
228   593   -1
228   628   -1
228   708   -1
229   529   -1
229   1080  -1
230   721   -1
230   778   -1
230   1023  -1
231   580   -1
232   385   -1
232   415   -1
233   850   -1
233   1027  -1
233   1102  -1
234   411   -1
234   574   -1
235   1495  -1
236   844   -1
238   294   -1
238   391   -1
239   639   -1
240   1494  -1
241   667   -1
242   246   -1
242   710   -1
242   841   -1
242   1670  -1
244   475   -1
245   249   -1
246   778   -1
247   666   -1
248   387   -1
248   720   -1
248   755   -1
250   968   -1
250   1242  -1
250   1319  -1
251   1499  -1
253   923   -1
254   1094  -1
255   753   -1
256   1039  -1
257   746   -1
260   244   -1
260   411   -1
260   934   -1
261   713   -1
261   760   -1
263   620   -1
263   665   -1
264   766   -1
264   817   -1
264   1504  -1
265   457   -1
265   560   -1
266   355   -1
266   1280  -1
267   828   -1
268   1169  -1
269   739   -1
272   817   -1
273   893   -1
274   768   -1
279   450   -1
279   560   -1
281   431   -1
281   687   -1
281   765   -1
282   748   -1
284   445   -1
284   710   -1
287   1014  -1
288   825   -1
288   918   -1
290   706   -1
291   288   -1
291   302   -1
291   761   -1
292   672   -1
292   771   -1
294   451   -1
294   830   -1
296   478   -1
297   1219  -1
298   1515  -1
299   816   -1
302   676   -1
303   662   -1
304   631   -1
304   750   -1
305   296   -1
305   918   -1
310   625   -1
310   883   -1
310   948   -1
311   398   -1
311   696   -1
312   610   -1
313   728   -1
314   759   -1
315   1746  -1
316   617   -1
316   709   -1
317   448   -1
318   411   -1
319   851   -1
319   1129  -1
320   1768  -1
321   870   -1
322   741   -1
323   1159  -1
324   575   -1
325   696   -1
325   1079  -1
325   1743  -1
326   729   -1
326   865   -1
327   681   -1
327   801   -1
328   428   -1
328   586   -1
331   416   -1
331   691   -1
331   1698  -1
332   620   -1
333   1688  -1
334   1103  -1
335   491   -1
335   593   -1
335   735   -1
335   1517  -1
337   427   -1
337   451   -1
337   1505  -1
341   879   -1
341   1081  -1
342   502   -1
343   525   -1
344   1070  -1
345   586   -1
346   1931  -1
347   1141  -1
348   1710  -1
349   1033  -1
350   339   -1
350   641   -1
351   610   -1
352   898   -1
352   1401  -1
354   1139  -1
355   1670  -1
356   548   -1
356   1417  -1
356   1502  -1
356   1716  -1
357   746   -1
357   873   -1
358   396   -1
358   848   -1
358   952   -1
359   1732  -1
363   601   -1
363   742   -1
364   447   -1
364   552   -1
364   1551  -1
365   588   -1
365   869   -1
368   434   -1
368   950   -1
370   444   -1
370   1743  -1
371   597   -1
371   1560  -1
373   530   -1
373   1118  -1
374   570   -1
374   1553  -1
375   1708  -1
376   872   -1
376   1635  -1
377   793   -1
377   815   -1
377   1675  -1
379   1555  -1
381   1548  -1
382   789   -1
382   1082  -1
383   418   -1
383   431   -1
384   1458  -1
385   776   -1
386   1586  -1
387   763   -1
389   505   -1
389   760   -1
389   799   -1
390   1246  -1
391   1350  -1
391   1646  -1
392   533   -1
393   1238  -1
394   455   -1
394   1629  -1
396   1194  -1
396   1608  -1
398   1264  -1
399   732   -1
399   789   -1
399   1535  -1
400   560   -1
400   778   -1
400   1064  -1
400   1607  -1
403   610   -1
404   491   -1
407   454   -1
411   803   -1
411   1485  -1
413   462   -1
414   809   -1
416   800   -1
417   1228  -1
421   858   -1
423   714   -1
423   950   -1
425   463   -1
429   898   -1
434   898   -1
436   705   -1
438   946   -1
444   996   -1
454   1095  -1
455   501   -1
456   687   -1
456   1648  -1
457   1777  -1
462   847   -1
466   971   -1
472   890   -1
473   974   -1
481   895   -1
483   1090  -1
485   910   -1
485   1230  -1
496   1124  -1
500   1719  -1
501   1758  -1
509   1762  -1
510   1001  -1
511   1633  -1
513   1113  -1
513   1724  -1
514   1767  -1
516   1714  -1
517   1517  -1
519   1666  -1
520   1280  -1
531   1307  -1
533   745   -1
537   739   -1
537   1474  -1
541   1504  -1
545   737   -1
547   570   -1
549   1414  -1
553   1403  -1
569   1213  -1
574   1269  -1
575   1329  -1
600   1964  -1
609   1816  -1
610   1862  -1
669   1680  -1
695   1660  -1
698   1603  -1
708   1636  -1
715   1051  -1
717   901   -1
720   915   -1
730   918   -1
738   1048  -1
741   1024  -1
742   926   -1
742   982   -1
743   955   -1
745   1037  -1
746   961   -1
747   998   -1
748   1032  -1
755   1289  -1
760   1057  -1
761   944   -1
766   1504  -1
769   1260  -1
775   1037  -1
785   783   -1
788   1039  -1
797   1012  -1
798   1197  -1
806   793   -1
809   1129  -1
811   1016  -1
814   1092  -1
817   1522  -1
820   986   -1
820   1019  -1
821   724   -1
821   1010  -1
824   1105  -1
829   951   -1
830   1583  -1
834   505   -1
834   1071  -1
835   1952  -1
836   998   -1
836   1078  -1
838   929   -1
838   1086  -1
845   981   -1
847   713   -1
848   958   -1
852   1950  -1
853   2045  -1
858   1079  -1
862   959   -1
862   1089  -1
866   1619  -1
867   1937  -1
870   1080  -1
874   809   -1
877   1987  -1
882   1924  -1
889   1623  -1
890   1960  -1
900   1483  -1
901   1033  -1
903   1887  -1
906   1107  -1
914   782   -1
924   984   -1
925   1489  -1
927   818   -1
929   910   -1
930   898   -1
933   940   -1
937   996   -1
942   1797  -1
943   1676  -1
943   1876  -1
948   876   -1
950   1078  -1
953   680   -1
953   915   -1
955   1118  -1
959   1895  -1
966   1092  -1
966   1887  -1
973   1078  -1
974   1851  -1
975   1618  -1
978   1129  -1
978   1681  -1
983   904   -1
984   1116  -1
988   1007  -1
989   964   -1
992   1831  -1
993   831   -1
996   1613  -1
1000  1682  -1
1001  1517  -1
1003  1027  -1
1008  740   -1
1012  1196  -1
1016  1597  -1
1021  758   -1
1025  753   -1
1027  1501  -1
1027  1539  -1
1030  250   -1
1030  1633  -1
1031  1807  -1
1037  204   -1
1037  1775  -1
1039  1288  -1
1040  153   -1
1040  1631  -1
1040  1651  -1
1042  258   -1
1044  326   -1
1044  356   -1
1045  192   -1
1046  1206  -1
1051  146   -1
1051  164   -1
1052  680   -1
1060  1785  -1
1061  391   -1
1062  403   -1
1062  1782  -1
1063  118   -1
1064  64    -1
1066  1802  -1
1067  388   -1
1068  128   -1
1077  693   -1
1078  421   -1
1079  1751  -1
1080  1655  -1
1080  1800  -1
1082  195   -1
1085  18    -1
1085  409   -1
1086  1801  -1
1088  863   -1
1091  1751  -1
1094  893   -1
1097  1091  -1
1101  1050  -1
1108  944   -1
1108  1095  -1
1111  1760  -1
1113  700   -1
1118  1731  -1
1120  1126  -1
1121  1700  -1
1121  1954  -1
1123  1678  -1
1123  2002  -1
1126  2030  -1
1127  1720  -1
1129  2047  -1
1133  2005  -1
1134  2013  -1
1135  1999  -1
1135  2016  -1
1136  1956  -1
1136  1995  -1
1137  1688  -1
1137  1920  -1
1138  1990  -1
1141  1817  -1
1141  1969  -1
1147  1717  -1
1148  1826  -1
1149  2004  -1
1150  1926  -1
1152  1725  -1
1155  1800  -1
1155  1959  -1
1156  865   -1
1161  434   -1
1163  1914  -1
1163  1968  -1
1164  1984  -1
1165  1927  -1
1166  324   -1
1168  1902  -1
1169  1912  -1
1170  941   -1
1172  436   -1
1176  1888  -1
1176  1911  -1
1177  1850  -1
1177  1922  -1
1178  1780  -1
1180  1802  -1
1180  1828  -1
1183  1838  -1
1183  1851  -1
1185  1722  -1
1189  1768  -1
1194  1843  -1
1196  1768  -1
1197  1080  -1
1197  1984  -1
1197  2010  -1
1205  1771  -1
1206  1726  -1
1208  1763  -1
1210  1759  -1
1217  959   -1
1221  294   -1
1223  308   -1
1239  1185  -1
1240  1834  -1
1245  1837  -1
1250  737   -1
1250  1095  -1
1255  1101  -1
1263  1757  -1
1264  974   -1
1269  288   -1
1271  426   -1
1272  301   -1
1273  1095  -1
1278  1997  -1
1279  302   -1
1289  1032  -1
1292  843   -1
1295  1978  -1
1296  1277  -1
1300  1067  -1
1306  1026  -1
1307  981   -1
1310  1126  -1
1313  399   -1
1313  1030  -1
1316  1211  -1
1318  1100  -1
1320  1080  -1
1320  1306  -1
1321  1185  -1
1324  953   -1
1324  1186  -1
1324  1212  -1
1327  1294  -1
1328  1314  -1
1329  1032  -1
1330  408   -1
1331  1057  -1
1332  636   -1
1334  1030  -1
1334  1250  -1
1335  1101  -1
1336  1247  -1
1337  1093  -1
1338  1353  -1
1345  996   -1
1352  1258  -1
1353  1875  -1
1354  1234  -1
1357  1220  -1
1372  405   -1
1372  944   -1
1375  401   -1
1376  1826  -1
1378  1280  -1
1378  1315  -1
1385  1811  -1
1386  1190  -1
1387  1197  -1
1397  1170  -1
1399  418   -1
1399  1803  -1
1400  1763  -1
1405  1177  -1
1409  1758  -1
1410  936   -1
1410  1795  -1
1420  1723  -1
1423  782   -1
1424  930   -1
1427  982   -1
1428  1706  -1
1430  1722  -1
1434  407   -1
1436  1696  -1
1438  586   -1
1439  558   -1
1441  1260  -1
1446  1251  -1
1451  1707  -1
1452  471   -1
1458  290   -1
1458  432   -1
1459  1146  -1
1460  472   -1
1462  401   -1
1465  523   -1
1469  371   -1
1469  472   -1
1472  272   -1
1473  518   -1
1474  350   -1
1475  402   -1
1476  417   -1
1476  985   -1
1477  352   -1
1478  1544  -1
1480  415   -1
1482  979   -1
1484  273   -1
1486  474   -1
1491  978   -1
1494  383   -1
1495  602   -1
1495  1242  -1
1497  1170  -1
1498  1023  -1
1500  250   -1
1500  606   -1
1501  1423  -1
1502  421   -1
1502  610   -1
1503  642   -1
1505  299   -1
1505  326   -1
1505  736   -1
1508  665   -1
1508  820   -1
1510  703   -1
1511  495   -1
1511  618   -1
1513  695   -1
1517  1035  -1
1517  1052  -1
1519  33    -1
1519  336   -1
1519  439   -1
1519  656   -1
1520  326   -1
1521  266   -1
1523  760   -1
1524  795   -1
1525  1046  -1
1527  402   -1
1528  1168  -1
1530  480   -1
1532  741   -1
1533  478   -1
1533  505   -1
1535  1051  -1
1536  1040  -1
1538  481   -1
1538  494   -1
1538  515   -1
1538  687   -1
1538  1106  -1
1538  1137  -1
1539  501   -1
1540  388   -1
1540  396   -1
1544  1045  -1
1545  317   -1
1545  511   -1
1546  519   -1
1547  1533  -1
1549  495   -1
1550  800   -1
1550  1586  -1
1552  479   -1
1552  843   -1
1553  240   -1
1554  939   -1
1554  1099  -1
1555  417   -1
1557  1094  -1
1558  256   -1
1559  360   -1
1559  850   -1
1559  1125  -1
1560  999   -1
1561  433   -1
1562  1100  -1
1563  226   -1
1564  291   -1
1564  1002  -1
1565  248   -1
1565  500   -1
1567  433   -1
1567  547   -1
1568  574   -1
1569  265   -1
1570  508   -1
1571  176   -1
1571  471   -1
1572  706   -1
1573  423   -1
1573  433   -1
1573  855   -1
1578  252   -1
1578  444   -1
1580  1068  -1
1580  1286  -1
1581  301   -1
1582  243   -1
1582  382   -1
1582  1324  -1
1583  557   -1
1584  1017  -1
1585  215   -1
1586  309   -1
1588  257   -1
1588  496   -1
1588  849   -1
1589  277   -1
1589  402   -1
1590  485   -1
1591  377   -1
1591  597   -1
1591  1344  -1
1592  500   -1
1592  1104  -1
1594  453   -1
1595  524   -1
1596  329   -1
1597  277   -1
1597  1487  -1
1597  1500  -1
1598  760   -1
1599  285   -1
1599  1070  -1
1602  489   -1
1602  1240  -1
1603  265   -1
1605  305   -1
1608  362   -1
1608  551   -1
1608  1461  -1
1610  605   -1
1612  577   -1
1612  712   -1
1612  720   -1
1612  1154  -1
1613  429   -1
1613  560   -1
1613  625   -1
1614  469   -1
1616  291   -1
1616  439   -1
1616  1092  -1
1617  235   -1
1617  521   -1
1618  479   -1
1618  723   -1
1620  431   -1
1624  408   -1
1624  1417  -1
1626  884   -1
1627  379   -1
1629  306   -1
1629  1379  -1
1630  280   -1
1630  1363  -1
1631  237   -1
1631  528   -1
1631  1412  -1
1632  587   -1
1633  729   -1
1634  1353  -1
1635  434   -1
1635  495   -1
1635  952   -1
1635  1386  -1
1636  503   -1
1636  1374  -1
1637  1057  -1
1638  509   -1
1638  796   -1
1639  775   -1
1639  862   -1
1640  279   -1
1640  335   -1
1642  382   -1
1643  375   -1
1644  938   -1
1647  1013  -1
1648  1025  -1
1649  944   -1
1649  1197  -1
1651  1432  -1
1652  412   -1
1652  1115  -1
1652  1297  -1
1653  424   -1
1653  663   -1
1654  348   -1
1654  1193  -1
1656  361   -1
1656  925   -1
1656  1184  -1
1657  400   -1
1657  922   -1
1659  271   -1
1660  1147  -1
1661  747   -1
1662  266   -1
1662  287   -1
1662  1251  -1
1664  918   -1
1666  416   -1
1666  425   -1
1666  445   -1
1668  1135  -1
1669  608   -1
1670  698   -1
1672  984   -1
1673  1358  -1
1676  970   -1
1676  1075  -1
1677  1544  -1
1678  1115  -1
1679  1357  -1
1679  1520  -1
1683  1106  -1
1683  1409  -1
1685  706   -1
1685  1025  -1
1686  608   -1
1686  1122  -1
1688  442   -1
1688  1135  -1
1689  1356  -1
1690  593   -1
1690  1462  -1
1692  430   -1
1692  1039  -1
1693  509   -1
1693  1326  -1
1694  1153  -1
1695  1056  -1
1696  1246  -1
1697  381   -1
1697  1281  -1
1699  326   -1
1699  848   -1
1700  517   -1
1700  1063  -1
1700  1130  -1
1701  857   -1
1701  1530  -1
1702  481   -1
1702  1187  -1
1703  431   -1
1704  438   -1
1705  505   -1
1706  897   -1
1706  1562  -1
1708  421   -1
1709  783   -1
1710  1269  -1
1711  660   -1
1711  731   -1
1711  1377  -1
1712  391   -1
1712  440   -1
1714  400   -1
1714  752   -1
1717  637   -1
1717  934   -1
1719  558   -1
1719  950   -1
1720  587   -1
1721  549   -1
1722  767   -1
1722  1233  -1
1723  446   -1
1723  539   -1
1724  1152  -1
1724  1341  -1
1726  1236  -1
1728  221   -1
1728  437   -1
1730  541   -1
1732  1166  -1
1733  266   -1
1734  296   -1
1734  558   -1
1734  663   -1
1736  479   -1
1737  381   -1
1739  915   -1
1740  230   -1
1742  573   -1
1744  433   -1
1744  586   -1
1746  486   -1
1747  754   -1
1748  1230  -1
1751  373   -1
1753  248   -1
1753  587   -1
1755  540   -1
1755  1182  -1
1756  1540  -1
1758  429   -1
1758  806   -1
1760  646   -1
1760  868   -1
1761  640   -1
1763  470   -1
1765  1259  -1
1766  382   -1
1769  702   -1
1772  1205  -1
1772  1554  -1
1773  765   -1
1773  823   -1
1774  454   -1
1774  525   -1
1774  1423  -1
1775  377   -1
1775  391   -1
1777  632   -1
1778  1382  -1
1779  703   -1
1782  823   -1
1783  799   -1
1784  631   -1
1784  1545  -1
1785  537   -1
1786  1438  -1
1786  1733  -1
1792  822   -1
1792  1536  -1
1793  953   -1
1794  810   -1
1795  317   -1
1795  1572  -1
1796  546   -1
1797  340   -1
1797  614   -1
1797  1326  -1
1800  1435  -1
1801  1185  -1
1802  402   -1
1802  419   -1
1804  440   -1
1806  431   -1
1806  446   -1
1807  1867  -1
1813  1306  -1
1813  1528  -1
1813  1961  -1
1814  1275  -1
1815  747   -1
1818  1413  -1
1818  1623  -1
1819  1165  -1
1819  1185  -1
1820  635   -1
1821  1025  -1
1825  1583  -1
1826  1613  -1
1827  833   -1
1828  316   -1
1831  374   -1
1833  1719  -1
1834  814   -1
1834  904   -1
1835  407   -1
1835  1160  -1
1838  945   -1
1839  1664  -1
1840  900   -1
1841  1329  -1
1843  1493  -1
1844  568   -1
1844  932   -1
1846  1575  -1
1847  1208  -1
1847  1589  -1
1852  1619  -1
1853  411   -1
1854  1513  -1
1855  351   -1
1858  888   -1
1860  1112  -1
1865  1439  -1
1865  1612  -1
1866  603   -1
1866  1232  -1
1868  806   -1
1870  617   -1
1871  838   -1
1871  1437  -1
1875  852   -1
1884  1047  -1
1885  520   -1
1887  629   -1
1887  689   -1
1887  881   -1
1888  1015  -1
1891  444   -1
1891  648   -1
1891  1553  -1
1892  429   -1
1895  1528  -1
1896  1556  -1
1900  1031  -1
1900  1546  -1
1902  1227  -1
1904  1522  -1
1906  923   -1
1907  693   -1
1909  698   -1
1911  1548  -1
1912  1276  -1
1912  1497  -1
1913  681   -1
1920  1576  -1
1925  700   -1
1926  1294  -1
1927  1284  -1
1929  1262  -1
1932  1382  -1
1932  1458  -1
1932  1760  -1
1935  1310  -1
1935  1362  -1
1935  1613  -1
1937  1487  -1
1938  1455  -1
1939  942   -1
1940  1611  -1
1941  1463  -1
1943  1006  -1
1946  1339  -1
1948  1064  -1
1949  946   -1
1951  745   -1
1952  1789  -1
1953  957   -1
1955  1336  -1
1959  1478  -1
1969  1439  -1
1972  1019  -1
2000  1349  -1
2010  727   -1
2018  869   -1
2023  559   -1
2026  847   -1
2028  1018  -1
2032  760   -1
2035  1049  -1
5     904   -1
18    581   -1
20    583   -1
28    788   -1
44    1401  -1
46    591   -1
46    588   -1
51    839   -1
68    809   -1
72    1164  -1
88    1019  -1
97    186   -1
96    1085  -1
114   1051  -1
125   1038  -1
129   761   -1
132   741   -1
133   1063  -1
134   1028  -1
147   805   -1
149   698   -1
152   916   -1
153   1009  -1
156   1011  -1
161   773   -1
167   1059  -1
167   951   -1
169   700   -1
169   804   -1
172   1104  -1
178   1106  -1
181   1087  -1
184   764   -1
184   967   -1
184   1040  -1
192   499   -1
196   1108  -1
197   1472  -1
201   970   -1
200   1050  -1
202   1048  -1
201   1089  -1
209   760   -1
211   1092  -1
218   1042  -1
220   819   -1
221   954   -1
222   997   -1
223   768   -1
228   960   -1
230   900   -1
231   946   -1
233   922   -1
233   956   -1
234   1049  -1
237   1116  -1
243   1037  -1
244   767   -1
255   1216  -1
255   1236  -1
264   833   -1
269   1503  -1
272   1239  -1
272   1506  -1
274   707   -1
274   725   -1
275   889   -1
284   1516  -1
284   1293  -1
288   678   -1
293   1190  -1
295   1479  -1
296   1204  -1
302   840   -1
304   496   -1
305   668   -1
308   1508  -1
310   1504  -1
313   1054  -1
319   836   -1
321   901   -1
322   720   -1
323   1519  -1
325   749   -1
333   826   -1
335   1200  -1
337   675   -1
338   777   -1
338   1014  -1
339   1023  -1
347   1513  -1
348   633   -1
350   617   -1
350   1133  -1
351   957   -1
352   1466  -1
357   626   -1
359   1512  -1
363   1356  -1
363   651   -1
366   990   -1
366   1099  -1
368   488   -1
369   945   -1
370   1366  -1
372   556   -1
373   964   -1
374   1506  -1
376   507   -1
377   1695  -1
379   1309  -1
381   909   -1
383   1513  -1
385   831   -1
389   521   -1
389   1342  -1
389   1524  -1
391   1330  -1
391   1452  -1
392   1308  -1
393   1694  -1
396   755   -1
395   1560  -1
397   726   -1
396   1223  -1
397   1595  -1
397   1234  -1
398   1613  -1
399   622   -1
400   1493  -1
402   534   -1
402   1243  -1
403   512   -1
408   508   -1
408   959   -1
409   622   -1
409   931   -1
411   1191  -1
414   851   -1
417   869   -1
421   826   -1
423   724   -1
423   452   -1
423   872   -1
424   1480  -1
425   863   -1
432   494   -1
436   914   -1
438   963   -1
442   472   -1
440   954   -1
440   1128  -1
453   828   -1
461   680   -1
465   866   -1
476   683   -1
482   1013  -1
483   674   -1
489   1514  -1
488   989   -1
490   670   -1
489   1628  -1
493   1620  -1
499   1073  -1
499   1078  -1
499   1748  -1
500   991   -1
505   1711  -1
505   1068  -1
507   927   -1
507   1029  -1
506   1253  -1
509   1055  -1
509   1618  -1
512   1214  -1
511   1221  -1
512   902   -1
514   688   -1
513   1165  -1
514   1413  -1
514   1593  -1
514   971   -1
516   1273  -1
516   1121  -1
520   1520  -1
519   1615  -1
521   1078  -1
522   546   -1
523   1264  -1
523   1484  -1
523   725   -1
524   1152  -1
526   841   -1
525   920   -1
526   1590  -1
528   685   -1
530   736   -1
530   1221  -1
530   1576  -1
539   1355  -1
539   1559  -1
546   1088  -1
550   746   -1
550   1336  -1
553   854   -1
554   735   -1
556   772   -1
556   829   -1
558   784   -1
559   816   -1
563   1306  -1
564   1336  -1
566   786   -1
569   767   -1
569   1207  -1
571   595   -1
582   1182  -1
585   1139  -1
589   1258  -1
676   1019  -1
677   1034  -1
679   1007  -1
688   1049  -1
688   1014  -1
698   989   -1
703   969   -1
705   952   -1
707   971   -1
726   997   -1
727   955   -1
728   1043  -1
732   905   -1
733   1065  -1
734   897   -1
734   1045  -1
736   722   -1
737   962   -1
739   958   -1
743   1048  -1
748   990   -1
749   1007  -1
749   911   -1
750   969   -1
749   1299  -1
751   1041  -1
751   954   -1
753   1362  -1
754   960   -1
755   928   -1
754   1036  -1
755   1013  -1
758   901   -1
759   1297  -1
760   1039  -1
766   1242  -1
767   1051  -1
768   1306  -1
771   1053  -1
772   1076  -1
771   1279  -1
773   1225  -1
772   1244  -1
774   1255  -1
780   1477  -1
782   1480  -1
784   817   -1
785   1077  -1
787   999   -1
789   1491  -1
790   832   -1
792   1069  -1
795   1170  -1
801   771   -1
802   1116  -1
802   1497  -1
804   749   -1
803   998   -1
804   1493  -1
804   1004  -1
806   1026  -1
807   1119  -1
808   992   -1
808   1044  -1
809   1152  -1
810   1047  -1
820   1126  -1
822   906   -1
824   582   -1
824   1040  -1
827   936   -1
826   1498  -1
828   1123  -1
828   1117  -1
830   1131  -1
829   1578  -1
830   637   -1
830   1089  -1
831   1407  -1
831   658   -1
831   734   -1
835   830   -1
836   1583  -1
839   888   -1
841   1029  -1
842   865   -1
841   968   -1
842   909   -1
845   1055  -1
849   1583  -1
851   991   -1
852   910   -1
857   1610  -1
857   1480  -1
860   1584  -1
861   1037  -1
864   978   -1
868   1099  -1
869   1623  -1
869   835   -1
871   1036  -1
874   1616  -1
875   1607  -1
875   1981  -1
877   856   -1
881   869   -1
884   1435  -1
887   1084  -1
890   839   -1
892   854   -1
893   1609  -1
906   1466  -1
909   1120  -1
914   1627  -1
918   882   -1
923   949   -1
925   1470  -1
925   1091  -1
927   1820  -1
933   879   -1
932   1097  -1
939   1097  -1
941   901   -1
945   1144  -1
950   1860  -1
955   1044  -1
960   927   -1
962   871   -1
962   960   -1
962   1126  -1
965   1128  -1
964   894   -1
965   842   -1
966   1062  -1
968   1112  -1
968   1142  -1
969   1050  -1
969   966   -1
972   1592  -1
974   1822  -1
983   911   -1
984   1534  -1
988   1730  -1
989   842   -1
989   1585  -1
990   1593  -1
991   1172  -1
993   889   -1
993   836   -1
997   989   -1
1000  970   -1
1001  1503  -1
1003  1173  -1
1005  749   -1
1007  805   -1
1005  783   -1
1007  1594  -1
1009  1191  -1
1008  1847  -1
1010  1552  -1
1010  1508  -1
1013  1179  -1
1012  1522  -1
1014  732   -1
1015  789   -1
1019  733   -1
1022  1496  -1
1023  1338  -1
1026  279   -1
1027  1782  -1
1030  353   -1
1033  303   -1
1035  1301  -1
1035  1570  -1
1036  999   -1
1035  1514  -1
1039  1552  -1
1050  1388  -1
1050  691   -1
1063  181   -1
1063  387   -1
1063  868   -1
1062  1643  -1
1068  410   -1
1076  1197  -1
1087  1777  -1
1089  1679  -1
1090  749   -1
1094  844   -1
1095  1830  -1
1098  748   -1
1098  826   -1
1108  1712  -1
1108  1669  -1
1111  1789  -1
1116  1825  -1
1122  707   -1
1129  444   -1
1129  1132  -1
1130  1704  -1
1131  1725  -1
1130  1795  -1
1134  1704  -1
1134  1678  -1
1134  1722  -1
1134  1834  -1
1138  1720  -1
1138  1730  -1
1139  1987  -1
1143  441   -1
1145  1739  -1
1156  1739  -1
1157  457   -1
1167  734   -1
1172  1071  -1
1173  1840  -1
1175  456   -1
1187  1914  -1
1188  1818  -1
1202  1712  -1
1203  736   -1
1212  735   -1
1218  440   -1
1219  730   -1
1268  1211  -1
1276  745   -1
1287  1275  -1
1289  1223  -1
1292  1756  -1
1293  895   -1
1293  410   -1
1296  409   -1
1297  730   -1
1304  1045  -1
1309  1117  -1
1310  917   -1
1311  643   -1
1314  736   -1
1317  1155  -1
1317  1117  -1
1318  1334  -1
1325  1200  -1
1329  981   -1
1329  1255  -1
1331  1143  -1
1331  1224  -1
1344  943   -1
1344  1143  -1
1346  751   -1
1349  731   -1
1364  1205  -1
1373  1868  -1
1380  1180  -1
1384  1244  -1
1390  1248  -1
1410  1255  -1
1437  1718  -1
1446  413   -1
1450  1121  -1
1452  1102  -1
1465  469   -1
1472  973   -1
1479  1400  -1
1483  1221  -1
1485  1191  -1
1487  536   -1
1487  596   -1
1488  1179  -1
1489  630   -1
1491  726   -1
1492  497   -1
1492  391   -1
1493  1202  -1
1493  994   -1
1495  655   -1
1494  1013  -1
1497  1231  -1
1504  757   -1
1503  1574  -1
1508  452   -1
1514  735   -1
1515  517   -1
1514  807   -1
1516  353   -1
1515  429   -1
1515  468   -1
1516  484   -1
1523  432   -1
1523  483   -1
1527  749   -1
1530  670   -1
1530  1013  -1
1530  510   -1
1530  794   -1
1533  384   -1
1533  861   -1
1536  1143  -1
1537  556   -1
1538  379   -1
1542  1084  -1
1542  1108  -1
1546  1037  -1
1546  794   -1
1548  458   -1
1550  321   -1
1552  1086  -1
1554  963   -1
1554  784   -1
1555  348   -1
1556  345   -1
1562  768   -1
1565  493   -1
1566  787   -1
1567  1060  -1
1567  1478  -1
1574  1442  -1
1578  863   -1
1579  1352  -1
1583  1364  -1
1589  816   -1
1597  432   -1
1597  537   -1
1598  694   -1
1601  695   -1
1604  528   -1
1604  510   -1
1607  953   -1
1610  702   -1
1612  416   -1
1612  530   -1
1613  786   -1
1615  541   -1
1616  532   -1
1632  716   -1
1633  603   -1
1634  541   -1
1636  1271  -1
1640  1000  -1
1641  1019  -1
1643  1146  -1
1646  694   -1
1654  904   -1
1655  783   -1
1657  1660  -1
1660  634   -1
1665  1213  -1
1664  1232  -1
1666  1341  -1
1665  880   -1
1665  1335  -1
1668  769   -1
1670  1003  -1
1673  532   -1
1674  712   -1
1674  715   -1
1674  1192  -1
1676  1309  -1
1680  1344  -1
1684  1348  -1
1690  1420  -1
1690  1059  -1
1691  850   -1
1691  1270  -1
1692  1285  -1
1693  779   -1
1695  574   -1
1694  1181  -1
1696  1265  -1
1696  1303  -1
1704  1029  -1
1705  846   -1
1707  1302  -1
1707  1241  -1
1707  1292  -1
1709  496   -1
1709  920   -1
1709  1073  -1
1712  585   -1
1717  600   -1
1718  230   -1
1719  1154  -1
1719  1468  -1
1722  780   -1
1721  1020  -1
1723  417   -1
1723  1000  -1
1725  1034  -1
1729  515   -1
1731  792   -1
1732  789   -1
1737  1084  -1
1735  1390  -1
1740  582   -1
1743  826   -1
1744  526   -1
1746  692   -1
1747  1489  -1
1749  1461  -1
1766  872   -1
1768  1247  -1
1773  1609  -1
1778  784   -1
1779  759   -1
1783  1297  -1
1784  1754  -1
1787  682   -1
1788  1542  -1
1794  438   -1
1794  1248  -1
1796  998   -1
1796  522   -1
1798  796   -1
1805  533   -1
1806  1562  -1
1808  1201  -1
1807  1340  -1
1809  1214  -1
1814  617   -1
1818  1317  -1
1825  970   -1
1835  1431  -1
1842  1095  -1
1842  1572  -1
1843  1425  -1
1850  1226  -1
1850  1441  -1
1853  914   -1
1855  899   -1
1865  1071  -1
1872  603   -1
1876  1216  -1
1899  708   -1
1922  1607  -1
1968  1417  -1
1981  990   -1
1986  1002  -1
36    532   0
36    534   0
175   915   1
174   914   1
214   626   2
214   627   2
343   515   3
342   515   3
411   1549  4
410   1551  4
500   1447  5
499   1447  5
517   1523  6
516   1522  6
874   1487  7
875   1487  7
886   1018  8
887   1018  8
904   941   9
904   942   9
989   946   10
990   946   10
1181  1941  11
1182  1941  11
1721  649   12
1721  650   12
1773  469   13
1773  470   13
1775  651   14
1776  651   14
1900  888   15
1901  888   15
8     905   16
7     906   16
11    577   17
10    575   17
14    579   18
15    581   18
12    580   18
17    1005  19
19    1005  19
93    182   20
95    183   20
93    182   20
155   849   21
154   850   21
162   888   22
164   888   22
188   812   23
186   812   23
188   814   23
188   812   23
189   1045  24
191   1045  24
216   400   25
216   398   25
238   768   26
238   768   26
240   769   26
244   695   27
246   696   27
246   1230  28
245   1231  28
255   906   29
257   906   29
262   1034  30
261   1033  30
284   831   31
282   832   31
289   928   32
287   928   32
307   498   33
306   498   33
307   498   33
308   499   33
306   498   33
309   501   33
308   496   33
317   839   34
315   838   34
324   1501  35
324   1499  35
344   1740  36
344   1741  36
346   1740  36
344   1742  36
342   1743  36
344   1740  36
347   1741  36
364   1339  37
363   1339  37
368   1385  38
370   1386  38
367   1386  38
369   1406  39
370   1407  39
377   1565  40
379   1565  40
381   1646  41
381   1646  41
383   602   42
384   601   42
405   1281  43
404   1282  43
415   1213  44
415   1213  44
418   729   45
418   730   45
417   729   45
417   748   46
416   748   46
418   954   47
419   954   47
418   954   47
420   954   47
418   1036  48
418   1037  48
420   690   49
419   690   49
428   1031  50
429   1031  50
429   1119  51
430   1118  51
436   952   52
434   952   52
438   1213  53
440   1213  53
441   799   54
441   799   54
457   1236  55
456   1236  55
465   1104  56
463   1104  56
470   490   57
469   488   57
470   953   58
472   954   58
474   1105  59
472   1104  59
479   1464  60
478   1465  60
482   1243  61
482   1243  61
483   1000  62
485   1000  62
489   524   63
490   524   63
489   678   64
491   678   64
493   1025  65
493   1024  65
495   1450  66
495   1450  66
494   1450  66
496   1450  66
494   1450  66
495   1449  66
495   673   67
496   675   67
494   673   67
494   667   68
495   669   68
494   998   69
496   999   69
499   1223  70
500   1223  70
502   1223  70
499   1223  70
507   550   71
506   552   71
507   1032  72
507   1032  72
509   1514  73
509   1516  73
512   1249  74
512   1248  74
512   1117  75
513   1116  75
514   728   76
515   730   76
517   1040  77
517   1040  77
517   1235  78
516   1235  78
519   950   79
518   950   79
518   1343  80
518   1344  80
519   1745  81
518   1747  81
523   1617  82
524   1616  82
527   891   83
527   890   83
527   979   84
527   979   84
528   1254  85
527   1255  85
531   717   86
530   716   86
532   963   87
532   963   87
530   1079  88
531   1080  88
532   741   89
533   741   89
533   1513  90
531   1514  90
536   727   91
537   727   91
539   920   92
540   921   92
539   695   93
541   695   93
541   1541  94
541   1542  94
543   819   95
542   818   95
544   1392  96
543   1392  96
545   1340  97
546   1340  97
547   742   98
547   742   98
546   1485  99
546   1484  99
548   1398  100
548   1398  100
549   720   101
549   720   101
549   756   102
549   757   102
549   1109  103
549   1109  103
549   593   104
551   592   104
552   1297  105
552   1297  105
553   708   106
553   707   106
553   714   107
555   715   107
553   714   107
558   775   108
558   774   108
557   832   109
558   833   109
560   1445  110
560   1445  110
560   579   111
561   578   111
560   1427  112
561   1427  112
562   1405  113
562   1405  113
564   813   114
562   812   114
565   657   115
566   657   115
564   660   116
566   661   116
571   699   117
571   700   117
574   1195  118
573   1194  118
575   1289  119
576   1290  119
586   1215  120
586   1216  120
591   1214  121
592   1213  121
620   707   122
621   706   122
621   708   122
654   721   123
654   722   123
658   719   124
659   721   124
676   1039  125
675   1040  125
696   982   126
696   980   126
703   974   127
701   974   127
708   1057  128
710   1056  128
711   974   129
709   974   129
715   922   130
715   922   130
714   922   130
719   1043  131
718   1042  131
720   1049  132
718   1049  132
724   981   133
725   980   133
725   1050  134
725   1050  134
726   976   135
726   976   135
728   973   136
727   973   136
728   893   137
729   892   137
729   912   138
728   913   138
729   1040  139
729   1040  139
729   1040  139
729   1353  140
729   1353  140
730   1026  141
729   1025  141
731   965   142
730   965   142
734   952   143
736   953   143
735   1398  144
734   1399  144
739   888   145
739   888   145
738   889   145
743   996   146
743   997   146
747   732   147
747   732   147
747   928   148
747   928   148
749   939   149
749   939   149
752   967   150
751   965   150
752   967   150
752   925   151
753   926   151
753   981   152
751   981   152
753   941   153
753   941   153
755   905   154
755   904   154
754   906   154
754   1326  155
753   1325  155
755   988   156
756   987   156
757   1294  157
756   1293  157
763   1260  158
763   1260  158
763   1263  159
765   1263  159
764   1255  160
765   1255  160
764   1554  161
763   1555  161
769   1088  162
769   1087  162
768   1295  163
769   1296  163
770   754   164
771   754   164
773   1238  165
772   1239  165
773   1252  166
774   1251  166
776   1042  167
777   1041  167
784   1035  168
785   1036  168
787   1007  169
789   1008  169
793   791   170
793   792   170
792   790   170
794   1489  171
793   1490  171
799   811   172
801   811   172
801   1071  173
800   1070  173
801   1071  173
803   1069  174
804   1070  174
802   1027  175
802   1027  175
805   824   176
803   824   176
806   1007  177
806   1008  177
806   830   178
806   831   178
808   1173  179
807   1172  179
810   609   180
811   608   180
812   543   181
812   543   181
813   823   182
812   822   182
812   1563  183
813   1562  183
814   640   184
815   641   184
814   640   184
816   991   185
816   991   185
818   693   186
818   693   186
819   585   187
817   585   187
818   1538  188
819   1539  188
820   1532  189
819   1532  189
821   566   190
821   564   190
821   1070  191
820   1069  191
822   507   192
823   507   192
824   509   192
822   618   193
822   618   193
824   739   194
823   738   194
824   666   195
823   666   195
824   900   196
825   901   196
827   711   197
827   711   197
827   802   198
829   801   198
828   969   199
828   969   199
827   971   199
829   1596  200
830   1597  200
830   1430  201
829   1431  201
831   618   202
832   619   202
832   527   203
831   528   203
833   687   204
831   688   204
832   789   205
832   791   205
833   951   206
835   950   206
836   576   207
835   575   207
836   976   208
835   976   208
837   981   209
835   981   209
837   739   210
837   740   210
837   774   211
837   774   211
843   891   212
843   893   212
845   1077  213
845   1077  213
846   1593  214
844   1593  214
848   922   215
848   922   215
850   938   216
850   939   216
851   769   217
850   769   217
852   967   218
852   967   218
852   967   218
850   967   218
852   928   219
852   928   219
853   804   220
853   804   220
853   879   221
852   878   221
856   921   222
854   920   222
855   1433  223
855   1432  223
857   949   224
859   949   224
857   1091  225
858   1092  225
859   993   226
859   994   226
861   1095  227
860   1096  227
861   1581  228
861   1581  228
861   832   229
861   832   229
861   964   230
863   965   230
862   1597  231
862   1598  231
864   937   232
864   937   232
864   1075  233
865   1076  233
865   1433  234
865   1433  234
870   1647  235
871   1648  235
872   1000  236
872   1001  236
874   936   237
875   936   237
874   973   238
874   973   238
880   953   239
880   954   239
884   1626  240
884   1626  240
892   809   241
892   809   241
893   810   241
893   956   242
892   955   242
894   956   242
895   1000  243
893   1000  243
897   840   244
896   839   244
899   921   245
899   921   245
898   920   245
898   1013  246
898   1012  246
899   1082  247
901   1083  247
900   1601  248
899   1603  248
902   1477  249
904   1478  249
908   923   250
908   923   250
908   923   250
907   1084  251
906   1083  251
911   889   252
910   888   252
914   936   253
913   935   253
914   1081  254
915   1082  254
914   922   255
914   921   255
918   980   256
918   981   256
920   853   257
918   853   257
920   870   258
919   870   258
920   870   258
922   1046  259
922   1048  259
925   939   260
925   940   260
927   1011  261
926   1013  261
929   980   262
929   981   262
929   980   262
932   687   263
933   686   263
936   925   264
937   924   264
936   1024  265
935   1025  265
937   1027  266
937   1028  266
937   1087  267
938   1087  267
940   689   268
940   690   268
939   809   269
939   809   269
940   1039  270
939   1038  270
947   820   271
946   820   271
947   1514  272
946   1515  272
951   1021  273
952   1021  273
953   1607  274
951   1608  274
955   896   275
955   896   275
956   1142  276
956   1141  276
958   1127  277
956   1127  277
961   1499  278
959   1500  278
961   889   279
960   888   279
965   705   280
963   705   280
965   705   280
963   705   280
964   704   280
966   704   280
963   705   280
965   706   280
962   705   280
966   704   280
963   703   280
965   706   280
963   707   280
964   703   280
962   800   281
962   800   281
961   867   282
961   867   282
961   1522  283
963   1522  283
963   1039  284
962   1041  284
964   1042  284
966   1042  284
965   838   285
965   838   285
965   1047  286
965   1047  286
966   864   287
966   863   287
969   1040  288
968   1040  288
969   1040  288
969   926   289
969   926   289
968   1116  290
969   1116  290
970   1059  291
970   1059  291
970   1107  292
971   1105  292
973   900   293
972   898   293
974   909   294
974   909   294
974   1072  295
975   1073  295
974   1072  295
975   973   296
975   973   296
976   972   296
976   1025  297
976   1026  297
976   1025  297
981   871   298
980   871   298
981   872   298
979   875   299
978   874   299
979   921   300
978   921   300
978   1083  301
978   1084  301
979   854   302
979   854   302
980   1062  303
981   1061  303
981   796   304
980   795   304
981   840   305
981   840   305
982   1149  306
981   1150  306
982   1150  306
983   938   307
983   938   307
987   956   308
987   956   308
989   846   309
989   845   309
991   852   310
990   851   310
991   853   310
991   942   311
992   942   311
994   723   312
993   722   312
992   725   313
993   727   313
993   1009  314
994   1010  314
995   982   315
995   983   315
996   1006  316
997   1006  316
997   955   317
997   955   317
998   957   317
997   1178  318
997   1178  318
1000  973   319
1000  973   319
1000  908   320
1001  909   320
1002  990   321
1003  990   321
1006  810   322
1005  809   322
1006  809   322
1010  1494  323
1011  1493  323
1009  1494  323
1012  772   324
1012  772   324
1011  785   325
1011  785   325
1016  745   326
1014  746   326
1016  745   326
1012  746   326
1015  1214  327
1015  1214  327
1014  1245  328
1015  1244  328
1016  1321  329
1016  1321  329
1018  883   330
1019  882   330
1018  1186  331
1018  1186  331
1018  1191  332
1018  1191  332
1021  769   333
1020  770   333
1020  768   333
1020  1326  334
1019  1327  334
1021  740   335
1021  740   335
1022  1411  336
1023  1411  336
1021  1439  337
1022  1438  337
1024  803   338
1024  803   338
1026  779   339
1025  779   339
1025  1323  340
1025  1321  340
1026  1547  341
1025  1546  341
1031  213   342
1033  212   342
1038  1365  343
1037  1366  343
1041  1284  344
1040  1283  344
1045  1627  345
1046  1626  345
1048  703   346
1049  703   346
1049  758   347
1049  759   347
1052  365   348
1052  367   348
1053  1214  349
1053  1214  349
1054  761   350
1053  762   350
1056  686   351
1056  686   351
1058  703   352
1058  703   352
1058  749   353
1057  750   353
1058  1776  354
1057  1774  354
1064  1210  355
1064  1212  355
1065  412   356
1065  413   356
1069  750   357
1070  749   357
1076  1222  358
1075  1221  358
1079  686   359
1079  686   359
1080  748   360
1080  748   360
1082  824   361
1081  824   361
1101  792   362
1100  791   362
1105  784   363
1104  785   363
1107  762   364
1107  762   364
1108  691   365
1108  690   365
1108  691   365
1113  1213  366
1112  1213  366
1114  1225  367
1114  1225  367
1116  1145  368
1116  1144  368
1117  435   369
1117  435   369
1118  437   369
1123  1205  370
1121  1206  370
1122  1218  371
1121  1218  371
1125  1097  372
1125  1097  372
1152  1161  373
1152  1161  373
1153  717   374
1152  716   374
1174  719   375
1174  719   375
1174  719   375
1172  721   376
1172  721   376
1174  1739  377
1175  1739  377
1181  719   378
1181  719   378
1182  721   378
1184  1810  379
1183  1809  379
1184  705   380
1185  705   380
1187  715   381
1188  715   381
1188  958   382
1188  958   382
1188  1706  383
1189  1706  383
1189  709   384
1189  709   384
1196  705   385
1198  706   385
1196  705   385
1205  729   386
1204  730   386
1204  1734  387
1204  1736  387
1210  711   388
1211  711   388
1212  706   389
1212  706   389
1214  328   390
1214  328   390
1217  715   391
1217  715   391
1225  725   392
1225  724   392
1230  734   393
1231  733   393
1233  1065  394
1232  1066  394
1233  718   395
1233  718   395
1250  961   396
1251  962   396
1252  673   397
1252  673   397
1263  698   398
1265  699   398
1271  716   399
1270  715   399
1267  718   400
1266  717   400
1269  676   401
1270  675   401
1282  736   402
1283  734   402
1302  739   403
1300  739   403
1302  736   404
1304  737   404
1309  739   405
1309  741   405
1308  739   405
1309  1759  406
1309  1760  406
1314  725   407
1316  725   407
1317  732   408
1317  731   408
1322  723   409
1323  722   409
1336  731   410
1335  731   410
1345  419   411
1344  418   411
1347  736   412
1347  736   412
1364  1168  413
1363  1167  413
1366  949   414
1366  949   414
1378  764   415
1379  763   415
1380  408   416
1378  408   416
1389  1218  417
1389  1218  417
1397  946   418
1398  946   418
1398  1263  419
1399  1265  419
1400  428   420
1401  426   420
1419  1383  421
1417  1382  421
1421  433   422
1421  435   422
1423  414   423
1422  416   423
1427  776   424
1425  776   424
1428  1358  425
1428  1359  425
1436  449   426
1435  447   426
1436  445   426
1453  1094  427
1452  1094  427
1473  940   428
1474  941   428
1492  631   429
1492  631   429
1491  1229  430
1493  1229  430
1513  398   431
1512  400   431
1518  684   432
1518  684   432
1517  779   433
1517  777   433
1558  351   434
1558  353   434
1567  1121  435
1567  1121  435
1570  416   436
1569  417   436
1581  604   437
1581  605   437
1582  604   437
1579  606   437
1581  605   437
1637  593   438
1637  593   438
1641  288   439
1643  285   439
1641  286   439
1648  718   440
1648  717   440
1659  501   441
1659  500   441
1660  666   442
1660  667   442
1665  597   443
1665  598   443
1675  683   444
1675  684   444
1676  811   445
1677  810   445
1682  1303  446
1682  1302  446
1694  790   447
1695  789   447
1703  994   448
1701  994   448
1702  1290  449
1702  1288  449
1704  1253  450
1704  1252  450
1706  961   451
1706  961   451
1723  1186  452
1725  1186  452
1725  839   453
1726  840   453
1759  1194  454
1759  1195  454
1759  1194  454
1757  1195  454
1759  1194  454
1804  536   455
1804  538   455
1815  1407  456
1813  1406  456