# Filename: CLN3-561nm_416_ctrl_60x_005.tif
# Puncta radius (pixels): (1.3888888888888888, 1.3888888888888888)
# Puncta radius (nm): (150, 150)
# Cluster radius (nm): 300
# Min puncta per cluster: 2
# Voxel size (nm): (108, 108)
Y     X     NUM_PUNCTA    CLUSTER_ID
63    71    2             0
206   1154  2             1
239   597   2             2
328   1513  2             3
686   375   2             4
990   1296  2             5
1910  1234  2             6
67    66    5             7
294   887   2             8
296   1368  2             9
298   896   5             10
303   1288  2             11
320   1473  2             12
320   1438  2             13
331   1219  3             14
332   1275  2             15
336   1264  2             16
344   1244  2             17
371   908   2             18
382   936   2             19
391   1194  2             20
407   249   2             21
429   511   2             22
445   909   2             23
466   1352  2             24
467   1309  2             25
470   258   3             26
473   915   2             27
474   885   2             28
480   502   2             29
484   925   2             30
499   816   2             31
506   810   2             32
526   503   2             33
533   850   2             34
533   473   2             35
540   859   2             36
553   469   2             37
554   874   2             38
556   850   2             39
560   819   2             40
574   464   2             41
576   917   2             42
601   956   2             43
613   728   2             44
615   907   2             45
624   421   2             46
634   426   2             47
638   435   2             48
642   435   2             49
686   390   2             50
694   253   4             51
697   844   2             52
703   314   2             53
704   1143  2             54
709   943   2             55
710   952   2             56
715   255   11            57
718   853   2             58
716   922   2             59
724   943   2             60
729   456   2             61
728   968   2             62
732   718   2             63
734   903   2             64
736   945   2             65
737   737   2             66
740   1011  3             67
741   840   2             68
741   952   2             69
745   691   2             70
754   973   2             71
757   257   2             72
757   742   3             73
758   889   2             74
759   497   2             75
762   402   2             76
763   500   2             77
764   598   2             78
769   391   2             79
776   493   2             80
776   1003  2             81
783   270   2             82
785   878   2             83
796   700   2             84
802   380   3             85
809   663   2             86
817   587   2             87
825   1058  2             88
825   650   2             89
826   810   2             90
830   720   2             91
829   1056  2             92
830   892   2             93
837   721   2             94
837   1338  2             95
839   976   2             96
840   840   2             97
843   676   2             98
843   724   2             99
845   1307  2             100
851   680   3             101
853   1044  2             102
853   1337  2             103
858   913   2             104
857   1118  2             105
859   677   2             106
860   1167  2             107
858   1313  2             108
860   425   2             109
864   1196  2             110
867   1167  2             111
869   1326  2             112
874   909   2             113
879   914   2             114
880   642   2             115
886   1221  2             116
886   953   2             117
890   1330  3             118
891   1242  3             119
893   1089  2             120
896   662   2             121
899   387   2             122
901   1092  2             123
900   1155  2             124
909   1170  2             125
912   941   2             126
911   1175  2             127
914   964   2             128
918   955   2             129
920   760   2             130
921   634   2             131
923   376   2             132
924   622   2             133
925   946   2             134
925   1089  2             135
925   637   2             136
927   963   2             137
936   401   4             138
934   920   2             139
938   762   2             140
946   415   2             141
948   961   2             142
948   969   2             143
950   1068  2             144
949   585   2             145
954   916   2             146
955   1353  2             147
958   461   2             148
961   599   2             149
962   917   2             150
963   417   2             151
964   1148  2             152
966   1120  2             153
967   1294  2             154
968   1203  2             155
971   766   6             156
971   982   2             157
973   519   2             158
978   288   2             159
982   890   2             160
984   1110  2             161
986   994   2             162
986   1388  2             163
990   574   2             164
989   1206  2             165
991   975   2             166
991   1009  2             167
991   1326  2             168
991   1494  2             169
993   962   2             170
994   1306  2             171
997   528   3             172
996   908   2             173
996   1138  2             174
995   1244  2             175
995   1501  2             176
1000  792   2             177
1002  1037  2             178
1004  782   2             179
1003  1014  2             180
1004  1178  2             181
1006  864   2             182
1009  1396  2             183
1009  926   2             184
1013  1048  2             185
1014  1017  2             186
1016  1294  2             187
1018  1228  2             188
1018  429   2             189
1023  1043  2             190
1024  948   2             191
1026  942   2             192
1025  1192  2             193
1026  399   2             194
1026  1174  2             195
1028  801   2             196
1029  1161  2             197
1034  801   2             198
1033  905   3             199
1039  396   2             200
1040  915   2             201
1041  1182  2             202
1044  1143  2             203
1052  1135  2             204
1056  938   2             205
1063  925   2             206
1065  394   2             207
1066  915   2             208
1079  1172  2             209
1082  838   2             210
1089  555   2             211
1093  978   2             212
1098  1218  2             213
1098  944   2             214
1101  1231  2             215
1106  1241  2             216
1108  940   2             217
1109  841   2             218
1123  1244  2             219
1131  1048  2             220
1132  1173  2             221
1133  1216  2             222
1137  1300  2             223
1139  1038  2             224
1142  148   2             225
1143  871   2             226
1144  1019  2             227
1145  1137  2             228
1146  1102  2             229
1149  810   2             230
1150  1093  2             231
1152  1226  2             232
1161  932   2             233
1167  610   2             234
1172  369   2             235
1173  1182  2             236
1178  1245  2             237
1182  219   3             238
1186  346   2             239
1194  883   2             240
1195  356   3             241
1198  1266  2             242
1203  870   2             243
1215  1189  2             244
1220  94    2             245
1228  1876  2             246
1237  1511  2             247
1238  340   2             248
1240  893   2             249
1257  1165  2             250
1259  1143  2             251
1264  894   2             252
1282  387   2             253
1294  1087  2             254
1298  913   2             255
1300  909   2             256
1302  1117  2             257
1307  945   2             258
1316  923   2             259
1323  1017  2             260
1341  1165  2             261
1346  1773  2             262
1349  384   2             263
1357  1138  2             264
1361  1699  2             265
1372  1195  2             266
1376  452   2             267
1383  939   2             268
1384  1159  2             269
1395  1204  2             270
1399  955   2             271
1402  950   2             272
1421  995   2             273
1421  843   2             274
1424  1033  2             275
1433  915   2             276
1442  916   2             277
1448  1444  2             278
1455  913   2             279
1456  971   2             280
1462  1030  2             281
1465  926   2             282
1488  1014  2             283
1493  1818  2             284
1496  966   2             285
1563  1613  2             286
1611  1923  3             287
1743  1338  2             288
1762  1348  3             289
1761  1352  2             290
1769  1098  2             291
1775  1120  9             292
1776  1777  2             293
1778  1107  2             294
1785  1147  4             295
1788  1350  2             296
1793  1157  2             297
1793  1347  2             298
1802  1368  2             299
1810  1751  4             300
1822  1143  2             301
1832  1346  2             302
1841  1599  2             303
1859  1352  2             304
1859  1200  2             305
1869  1390  8             306
1865  1393  2             307
1903  1419  2             308
1904  1380  2             309
1909  1407  7             310
1911  1238  2             311
1914  1936  2             312
1925  1421  2             313
1926  1413  2             314
1928  1226  2             315
1936  1400  2             316
1941  1414  18            317
1936  1440  2             318
1980  1634  5             319
1983  1292  2             320