# Filename: CLN3-561nm_416_ctrl_60x_004.tif
# Puncta radius (pixels): (1.3888888888888888, 1.3888888888888888)
# Puncta radius (nm): (150, 150)
# Cluster radius (nm): 300
# Min puncta per cluster: 2
# Voxel size (nm): (108, 108, 200)
Y     X     CLUSTER_ID
0     395   -1
0     1398  -1
2     617   -1
3     1618  -1
5     912   -1
5     1515  -1
6     876   -1
7     1466  -1
9     739   -1
16    476   -1
19    1558  -1
20    490   -1
23    972   -1
24    1229  -1
24    1385  -1
25    1193  -1
29    878   -1
29    1306  -1
34    918   -1
36    421   -1
37    681   -1
37    1400  -1
39    1023  -1
42    941   -1
45    1574  -1
46    947   -1
49    514   -1
49    833   -1
51    1391  -1
53    1441  -1
54    867   -1
54    984   -1
57    581   -1
57    1734  -1
60    956   -1
61    940   -1
61    951   -1
63    1682  -1
65    513   -1
65    528   -1
66    833   -1
67    638   -1
68    1713  -1
69    1194  -1
69    1673  -1
71    707   -1
72    578   -1
73    625   -1
76    1188  -1
76    1493  -1
77    1091  -1
78    497   -1
78    1258  -1
83    569   -1
84    991   -1
86    629   -1
89    584   -1
92    552   -1
93    376   -1
94    710   -1
95    1607  -1
96    501   -1
96    1012  -1
97    590   -1
97    596   -1
97    1150  -1
98    738   -1
99    1412  -1
100   1496  -1
101   506   -1
101   602   -1
101   691   -1
101   1473  -1
102   1152  -1
102   1527  -1
103   589   -1
103   1044  -1
104   530   -1
104   1067  -1
105   621   -1
105   626   -1
105   1201  -1
106   578   -1
106   1347  -1
107   739   -1
108   1477  -1
108   1542  -1
109   1197  -1
110   598   -1
112   229   -1
112   1422  -1
113   358   -1
113   540   -1
113   798   -1
114   555   -1
115   676   -1
116   780   -1
116   1706  -1
117   231   -1
117   721   -1
119   418   -1
121   651   -1
121   1702  -1
122   1516  -1
123   656   -1
123   778   -1
123   1209  -1
124   1439  -1
125   1219  -1
126   1189  -1
126   1316  -1
126   1358  -1
128   1152  -1
130   942   -1
130   1219  -1
131   573   -1
131   919   -1
131   1050  -1
131   1547  -1
132   589   -1
133   730   -1
133   1253  -1
134   525   -1
134   1177  -1
135   635   -1
135   644   -1
135   1440  -1
136   614   -1
137   1574  -1
141   1575  -1
142   659   -1
145   532   -1
145   1698  -1
151   1113  -1
151   1520  -1
152   528   -1
152   652   -1
152   1725  -1
154   569   -1
154   1437  -1
155   1142  -1
156   720   -1
156   1181  -1
156   1400  -1
157   1081  -1
158   448   -1
159   1103  -1
160   1490  -1
160   1594  -1
162   1608  -1
163   1210  -1
165   666   -1
167   454   -1
168   509   -1
168   1154  -1
170   797   -1
170   1143  -1
172   521   -1
172   1574  -1
177   1746  -1
179   410   -1
180   359   -1
180   476   -1
180   1501  -1
184   1625  -1
185   533   -1
185   552   -1
186   1186  -1
186   1873  -1
187   436   -1
187   1614  -1
189   502   -1
189   1328  -1
189   1737  -1
192   365   -1
192   371   -1
192   1516  -1
198   652   -1
198   1353  -1
198   1812  -1
200   150   -1
202   351   -1
202   1538  -1
202   1868  -1
203   729   -1
203   1296  -1
203   1358  -1
204   1273  -1
205   1805  -1
206   1270  -1
206   1313  -1
207   649   -1
208   581   -1
209   788   -1
211   578   -1
214   550   -1
214   1495  -1
214   1677  -1
217   1305  -1
219   664   -1
220   484   -1
223   1647  -1
224   705   -1
226   578   -1
226   593   -1
228   1474  -1
229   569   -1
230   494   -1
232   631   -1
233   187   -1
236   567   -1
237   355   -1
237   605   -1
243   751   -1
243   1642  -1
246   671   -1
246   1259  -1
249   624   -1
250   666   -1
252   524   -1
253   648   -1
253   1630  -1
256   667   -1
257   698   -1
258   626   -1
259   608   -1
267   218   -1
267   614   -1
272   1659  -1
280   708   -1
283   843   -1
283   1530  -1
288   349   -1
288   1243  -1
290   1232  -1
299   255   -1
303   1528  -1
307   1669  -1
309   230   -1
311   1672  -1
312   237   -1
320   1515  -1
323   720   -1
323   1046  -1
323   1556  -1
331   1684  -1
334   596   -1
335   696   -1
335   706   -1
344   649   -1
350   287   -1
352   274   -1
352   686   -1
353   605   -1
354   1538  -1
362   1677  -1
370   657   -1
372   687   -1
374   620   -1
385   417   -1
390   1695  -1
395   413   -1
395   686   -1
403   730   -1
404   618   -1
405   497   -1
405   775   -1
408   292   -1
408   396   -1
410   775   -1
411   669   -1
412   333   -1
417   445   -1
418   380   -1
422   501   -1
425   263   -1
430   397   -1
433   689   -1
434   495   -1
435   776   -1
436   401   -1
437   371   -1
439   392   -1
440   501   -1
444   258   -1
450   675   -1
451   364   -1
455   533   -1
457   259   -1
459   208   -1
464   532   -1
464   568   -1
465   224   -1
465   383   -1
467   639   -1
468   565   -1
469   378   -1
473   401   -1
476   570   -1
477   206   -1
477   306   -1
481   1575  -1
485   332   -1
492   147   -1
497   336   -1
500   432   -1
501   645   -1
507   278   -1
513   646   -1
514   91    -1
514   287   -1
514   636   -1
521   619   -1
521   636   -1
521   768   -1
524   1572  -1
525   99    -1
527   268   -1
528   529   -1
529   1560  -1
531   453   -1
536   371   -1
537   383   -1
539   569   -1
541   540   -1
542   263   -1
542   1556  -1
543   12    -1
544   81    -1
544   239   -1
546   1497  -1
549   635   -1
550   71    -1
550   247   -1
551   591   -1
551   603   -1
553   86    -1
555   316   -1
559   49    -1
559   556   -1
561   396   -1
562   331   -1
563   571   -1
564   62    -1
564   459   -1
565   664   -1
566   51    -1
566   1562  -1
567   305   -1
567   497   -1
569   1489  -1
570   320   -1
571   324   -1
575   199   -1
579   1071  -1
580   1076  -1
583   509   -1
589   1101  -1
591   1647  -1
593   494   -1
594   275   -1
596   784   -1
598   261   -1
598   1097  -1
601   513   -1
604   273   -1
606   180   -1
606   264   -1
606   1568  -1
609   249   -1
611   281   -1
612   286   -1
614   398   -1
617   269   -1
617   517   -1
617   1584  -1
618   1671  -1
619   583   -1
620   283   -1
620   484   -1
623   185   -1
623   295   -1
624   1053  -1
630   165   -1
630   288   -1
631   652   -1
632   692   -1
634   578   -1
635   276   -1
638   1085  -1
639   283   -1
639   560   -1
641   246   -1
641   745   -1
641   1404  -1
641   1418  -1
643   1548  -1
645   600   -1
647   1206  -1
648   1157  -1
648   1434  -1
650   1199  -1
650   1262  -1
651   253   -1
651   639   -1
651   1416  -1
652   591   -1
652   806   -1
652   896   -1
652   1220  -1
652   1449  -1
654   695   -1
654   773   -1
655   462   -1
656   180   -1
657   849   -1
658   1430  -1
659   295   -1
659   1198  -1
661   229   -1
662   287   -1
663   765   -1
664   603   -1
664   741   -1
665   323   -1
665   714   -1
669   789   -1
669   830   -1
670   599   -1
670   1081  -1
671   242   -1
671   1271  -1
671   1351  -1
672   210   -1
672   498   -1
673   1159  -1
673   1564  -1
675   425   -1
675   662   -1
675   682   -1
676   1259  -1
678   234   -1
678   313   -1
678   652   -1
678   1057  -1
679   1198  -1
679   1560  -1
680   205   -1
680   332   -1
680   1245  -1
681   1508  -1
682   219   -1
682   607   -1
684   615   -1
684   771   -1
684   1331  -1
684   1431  -1
686   1250  -1
686   1443  -1
687   354   -1
688   217   -1
688   1488  -1
689   172   -1
689   276   -1
689   1236  -1
690   329   -1
690   746   -1
693   53    -1
693   645   -1
693   1495  -1
694   1237  -1
694   1418  -1
694   1656  -1
695   220   -1
695   1611  -1
696   720   -1
697   690   -1
697   1190  -1
697   1391  -1
698   1320  -1
699   1363  -1
699   1602  -1
700   69    -1
700   137   -1
700   1034  -1
701   60    -1
701   1374  -1
701   1635  -1
702   1491  -1
705   91    -1
706   1595  -1
707   852   -1
707   958   -1
709   1570  -1
710   68    -1
710   1406  -1
711   103   -1
711   722   -1
711   900   -1
713   81    -1
714   138   -1
714   271   -1
714   280   -1
714   1475  -1
715   1371  -1
716   122   -1
717   20    -1
717   146   -1
717   534   -1
718   1438  -1
719   169   -1
719   191   -1
719   266   -1
720   280   -1
721   25    -1
721   153   -1
722   298   -1
723   110   -1
723   333   -1
724   105   -1
725   1455  -1
726   1345  -1
726   1800  -1
727   1474  -1
728   408   -1
728   1526  -1
729   122   -1
729   1159  -1
730   0     -1
731   903   -1
733   76    -1
733   940   -1
734   531   -1
735   1320  -1
735   1557  -1
737   37    -1
738   582   -1
738   590   -1
738   1167  -1
739   523   -1
739   1082  -1
739   1600  -1
740   1614  -1
741   1108  -1
741   1550  -1
741   1570  -1
742   1213  -1
743   1070  -1
745   742   -1
745   1023  -1
745   1074  -1
746   52    -1
749   40    -1
750   885   -1
750   1189  -1
750   1353  -1
751   1441  -1
751   1651  -1
752   8     -1
752   291   -1
752   1437  -1
753   511   -1
754   1582  -1
755   235   -1
755   521   -1
755   1791  -1
756   1093  -1
756   1577  -1
758   798   -1
758   1251  -1
758   1339  -1
759   270   -1
760   497   -1
762   1619  -1
764   20    -1
764   876   -1
764   1241  -1
764   1322  -1
764   1611  -1
766   1763  -1
767   475   -1
767   1797  -1
768   1078  -1
770   1051  -1
771   963   -1
771   1360  -1
773   1435  -1
773   1753  -1
774   259   -1
774   266   -1
774   493   -1
774   1355  -1
776   168   -1
777   242   -1
777   1820  -1
778   921   -1
778   1804  -1
779   1659  -1
781   1069  -1
781   1300  -1
781   1407  -1
781   1544  -1
781   1685  -1
781   1814  -1
782   479   -1
782   884   -1
782   892   -1
782   1339  -1
783   667   -1
784   1569  -1
784   1638  -1
785   1199  -1
788   1341  -1
788   1406  -1
788   1413  -1
789   1751  -1
789   1806  -1
790   759   -1
790   1699  -1
791   62    -1
791   450   -1
792   1052  -1
792   1450  -1
793   132   -1
793   142   -1
793   1556  -1
793   1589  -1
794   1747  -1
795   1120  -1
795   1131  -1
796   316   -1
796   660   -1
796   1115  -1
796   1422  -1
796   1477  -1
796   1775  -1
797   1615  -1
797   1730  -1
798   673   -1
798   838   -1
798   1512  -1
798   1673  -1
799   10    -1
799   470   -1
800   1781  -1
801   1428  -1
801   1571  -1
802   215   -1
803   1518  -1
803   1567  -1
804   1065  -1
804   1355  -1
804   1370  -1
806   203   -1
806   1595  -1
806   1674  -1
807   760   -1
807   1214  -1
807   1695  -1
808   891   -1
808   897   -1
808   1549  -1
809   328   -1
809   1491  -1
809   1531  -1
810   1558  -1
810   1582  -1
811   0     -1
811   1118  -1
812   1571  -1
813   770   -1
815   674   -1
815   1256  -1
816   16    -1
816   94    -1
816   868   -1
817   218   -1
817   380   -1
817   1748  -1
818   316   -1
819   656   -1
820   107   -1
820   1551  -1
820   1606  -1
821   1077  -1
821   1232  -1
821   1756  -1
821   1760  -1
821   1825  -1
822   95    -1
822   205   -1
823   229   -1
823   1600  -1
825   48    -1
825   1328  -1
825   1629  -1
827   69    -1
827   1351  -1
828   1055  -1
829   78    -1
829   399   -1
829   1076  -1
830   1648  -1
831   831   -1
831   1765  -1
834   1072  -1
834   1530  -1
834   1856  -1
835   54    -1
835   407   -1
835   1119  -1
835   1514  -1
837   796   -1
838   63    -1
838   231   -1
839   1370  -1
839   1482  -1
840   1430  -1
840   1715  -1
841   772   -1
841   1208  -1
842   1478  -1
842   1913  -1
843   215   -1
843   1366  -1
844   852   -1
844   1013  -1
844   1265  -1
845   1350  -1
845   1588  -1
846   402   -1
846   1782  -1
847   1527  -1
847   1872  -1
848   681   -1
848   1222  -1
848   1705  -1
850   665   -1
850   1522  -1
851   197   -1
851   1774  -1
851   1794  -1
853   1630  -1
854   1762  -1
855   1185  -1
856   187   -1
856   1355  -1
856   1596  -1
857   403   -1
858   889   -1
858   911   -1
858   1930  -1
859   167   -1
859   1750  -1
860   349   -1
860   1949  -1
862   332   -1
862   671   -1
862   1128  -1
862   1387  -1
862   1617  -1
862   1728  -1
863   1554  -1
863   1612  -1
864   1721  -1
865   313   -1
865   421   -1
866   1100  -1
867   1086  -1
867   1329  -1
870   339   -1
870   791   -1
870   1494  -1
871   1133  -1
871   1631  -1
873   173   -1
873   1797  -1
874   438   -1
875   1089  -1
877   1176  -1
880   132   -1
880   522   -1
880   1602  -1
881   50    -1
881   145   -1
881   920   -1
881   1661  -1
883   1315  -1
884   1447  -1
885   255   -1
885   1051  -1
885   1243  -1
886   162   -1
886   948   -1
887   1005  -1
889   1574  -1
890   134   -1
890   145   -1
891   172   -1
891   1075  -1
892   1348  -1
893   16    -1
893   916   -1
893   1043  -1
894   1770  -1
895   765   -1
896   62    -1
896   125   -1
896   1658  -1
898   84    -1
898   1482  -1
898   1496  -1
898   1679  -1
899   92    -1
899   1115  -1
900   1346  -1
900   1560  -1
901   72    -1
901   1129  -1
902   58    -1
902   1452  -1
902   1605  -1
906   138   -1
906   1064  -1
907   1572  -1
908   198   -1
908   1597  -1
910   37    -1
911   1347  -1
912   57    -1
912   324   -1
912   1669  -1
914   75    -1
914   1484  -1
916   81    -1
919   1157  -1
919   1365  -1
919   1576  -1
920   1027  -1
920   1136  -1
920   1508  -1
922   1511  -1
922   1800  -1
923   1684  -1
924   260   -1
924   1517  -1
925   1773  -1
926   935   -1
926   1418  -1
926   1488  -1
927   78    -1
928   1634  -1
929   791   -1
929   1163  -1
929   1703  -1
930   305   -1
930   747   -1
930   1559  -1
931   221   -1
931   671   -1
931   868   -1
933   1172  -1
933   1649  -1
934   939   -1
936   210   -1
936   294   -1
937   1147  -1
937   1399  -1
938   1611  -1
939   1588  -1
940   1193  -1
940   1496  -1
943   1111  -1
944   1726  -1
945   1149  -1
945   1525  -1
945   1711  -1
946   1172  -1
946   1288  -1
947   847   -1
947   883   -1
947   1208  -1
949   1472  -1
950   1101  -1
950   1315  -1
951   1629  -1
952   111   -1
952   754   -1
952   1582  -1
954   777   -1
956   1123  -1
956   1186  -1
956   1551  -1
958   1663  -1
959   784   -1
960   820   -1
961   1198  -1
961   1494  -1
962   732   -1
962   1364  -1
964   1251  -1
965   200   -1
965   1238  -1
965   1556  -1
967   1072  -1
967   1142  -1
967   1190  -1
967   1304  -1
967   1496  -1
968   686   -1
970   980   -1
970   1217  -1
970   1243  -1
970   1458  -1
970   1480  -1
970   1587  -1
970   1604  -1
971   642   -1
971   1138  -1
971   1707  -1
975   1108  -1
975   1205  -1
976   1314  -1
976   1457  -1
978   706   -1
979   123   -1
979   1494  -1
980   294   -1
982   1195  -1
982   1281  -1
982   1515  -1
984   1085  -1
984   1423  -1
985   1130  -1
986   791   -1
986   1551  -1
986   1623  -1
988   746   -1
988   873   -1
989   1268  -1
990   514   -1
990   1230  -1
990   1707  -1
991   721   -1
991   780   -1
991   1201  -1
992   284   -1
993   1515  -1
995   731   -1
995   821   -1
995   1140  -1
995   1236  -1
996   654   -1
997   775   -1
997   1306  -1
997   1319  -1
997   1494  -1
997   1600  -1
997   1617  -1
998   782   -1
999   637   -1
999   1483  -1
999   1513  -1
1003  1504  -1
1004  1195  -1
1007  1286  -1
1009  1660  -1
1009  1674  -1
1010  1593  -1
1015  937   -1
1017  1464  -1
1017  1470  -1
1018  1148  -1
1018  1448  -1
1018  1535  -1
1026  1236  -1
1028  787   -1
1028  1201  -1
1029  772   -1
1030  260   -1
1030  535   -1
1030  714   -1
1030  1171  -1
1030  1481  -1
1031  696   -1
1031  1186  -1
1031  1629  -1
1033  698   -1
1033  832   -1
1033  1515  -1
1034  812   -1
1035  574   -1
1036  1700  -1
1037  823   -1
1037  1688  -1
1040  694   -1
1041  607   -1
1041  749   -1
1041  1109  -1
1041  1114  -1
1042  637   -1
1042  650   -1
1043  933   -1
1043  1284  -1
1043  1655  -1
1044  1299  -1
1045  1532  -1
1045  1563  -1
1045  1599  -1
1046  637   -1
1046  1307  -1
1047  1250  -1
1047  1302  -1
1047  1543  -1
1047  1635  -1
1048  798   -1
1048  1119  -1
1050  1173  -1
1050  1578  -1
1052  256   -1
1052  1564  -1
1052  1568  -1
1053  1598  -1
1053  1706  -1
1055  1403  -1
1055  1442  -1
1055  1593  -1
1056  1390  -1
1058  248   -1
1058  1184  -1
1059  1560  -1
1059  1679  -1
1061  218   -1
1062  1444  -1
1064  452   -1
1064  1468  -1
1065  1185  -1
1066  1446  -1
1067  756   -1
1067  771   -1
1068  1531  -1
1072  450   -1
1072  1158  -1
1073  177   -1
1073  1624  -1
1074  1181  -1
1074  1436  -1
1075  1514  -1
1078  420   -1
1078  747   -1
1079  1612  -1
1080  392   -1
1080  1496  -1
1081  454   -1
1081  1282  -1
1082  1488  -1
1082  1677  -1
1083  1172  -1
1083  1642  -1
1084  1081  -1
1084  1423  -1
1085  1446  -1
1085  1671  -1
1086  180   -1
1086  193   -1
1087  135   -1
1089  798   -1
1089  1210  -1
1090  1153  -1
1091  1538  -1
1092  1462  -1
1092  1479  -1
1097  1580  -1
1098  1468  -1
1099  1677  -1
1100  125   -1
1100  757   -1
1100  1380  -1
1101  1682  -1
1102  1337  -1
1102  1431  -1
1102  1560  -1
1103  1405  -1
1104  1326  -1
1104  1576  -1
1108  127   -1
1108  1639  -1
1109  1544  -1
1111  1184  -1
1114  1155  -1
1115  1435  -1
1115  1641  -1
1116  1054  -1
1116  1210  -1
1118  1265  -1
1119  745   -1
1119  1053  -1
1120  256   -1
1121  1171  -1
1124  1594  -1
1125  1609  -1
1126  569   -1
1127  1458  -1
1129  1438  -1
1129  1549  -1
1131  1264  -1
1132  197   -1
1132  1417  -1
1133  176   -1
1133  1476  -1
1133  1574  -1
1135  776   -1
1136  186   -1
1136  316   -1
1136  838   -1
1136  1498  -1
1137  757   -1
1137  1554  -1
1137  1566  -1
1138  1417  -1
1139  1647  -1
1140  155   -1
1140  1171  -1
1143  1552  -1
1146  1244  -1
1147  1462  -1
1151  1195  -1
1153  1637  -1
1154  1513  -1
1155  1654  -1
1156  1412  -1
1157  544   -1
1157  1304  -1
1163  1264  -1
1164  1398  -1
1166  1221  -1
1166  1364  -1
1168  1659  -1
1169  568   -1
1170  1642  -1
1172  788   -1
1172  1714  -1
1173  1386  -1
1174  315   -1
1176  732   -1
1177  729   -1
1179  750   -1
1182  761   -1
1183  1166  -1
1187  1193  -1
1187  1450  -1
1189  1296  -1
1190  744   -1
1191  1111  -1
1191  1255  -1
1191  1308  -1
1192  1031  -1
1193  1385  -1
1194  671   -1
1194  1709  -1
1198  708   -1
1198  1297  -1
1198  1441  -1
1199  772   -1
1202  1286  -1
1203  789   -1
1204  1777  -1
1205  1459  -1
1205  1632  -1
1208  793   -1
1209  662   -1
1210  1296  -1
1211  645   -1
1213  1430  -1
1214  1473  -1
1216  1605  -1
1217  1208  -1
1221  535   -1
1221  1398  -1
1224  607   -1
1224  1611  -1
1226  1434  -1
1227  619   -1
1228  564   -1
1229  1042  -1
1230  1293  -1
1232  569   -1
1233  1044  -1
1234  1397  -1
1237  206   -1
1239  1463  -1
1239  1491  -1
1239  1629  -1
1240  542   -1
1240  554   -1
1244  578   -1
1244  1354  -1
1244  1388  -1
1245  1664  -1
1246  1078  -1
1247  1482  -1
1248  521   -1
1248  1577  -1
1251  598   -1
1251  1646  -1
1252  541   -1
1252  1111  -1
1253  827   -1
1253  1689  -1
1255  1392  -1
1256  1379  -1
1257  1385  -1
1258  1565  -1
1259  520   -1
1261  818   -1
1261  1654  -1
1262  559   -1
1262  1151  -1
1263  285   -1
1263  553   -1
1263  787   -1
1265  529   -1
1265  545   -1
1266  503   -1
1266  1406  -1
1268  782   -1
1272  837   -1
1273  1429  -1
1275  505   -1
1276  512   -1
1277  482   -1
1277  1370  -1
1280  501   -1
1281  451   -1
1281  908   -1
1286  1197  -1
1289  789   -1
1296  1353  -1
1297  1194  -1
1300  442   -1
1300  1328  -1
1305  1341  -1
1308  647   -1
1322  289   -1
1322  560   -1
1323  1374  -1
1324  1365  -1
1326  629   -1
1330  1360  -1
1334  429   -1
1335  1179  -1
1335  1389  -1
1341  612   -1
1342  291   -1
1343  1351  -1
1345  1273  -1
1346  1361  -1
1349  1380  -1
1354  1185  -1
1355  630   -1
1359  1333  -1
1360  1384  -1
1362  224   -1
1363  957   -1
1365  1323  -1
1370  309   -1
1372  301   -1
1373  290   -1
1374  966   -1
1374  1360  -1
1376  1180  -1
1376  1338  -1
1378  1326  -1
1380  1257  -1
1381  1381  -1
1387  484   -1
1389  1326  -1
1389  1336  -1
1395  1317  -1
1400  1165  -1
1403  450   -1
1403  694   -1
1408  1188  -1
1409  1342  -1
1410  346   -1
1411  1333  -1
1412  1182  -1
1413  1794  -1
1416  1316  -1
1417  1111  -1
1424  330   -1
1424  1105  -1
1425  1088  -1
1427  1321  -1
1427  1334  -1
1429  1213  -1
1430  692   -1
1432  1792  -1
1434  749   -1
1435  1336  -1
1436  1795  -1
1439  1009  -1
1440  674   -1
1440  745   -1
1441  1038  -1
1444  262   -1
1444  707   -1
1446  1793  -1
1447  1064  -1
1452  430   -1
1453  391   -1
1454  1033  -1
1456  1206  -1
1458  449   -1
1459  244   -1
1459  673   -1
1460  235   -1
1460  323   -1
1462  1116  -1
1463  423   -1
1463  1060  -1
1464  1033  -1
1464  1792  -1
1469  678   -1
1469  747   -1
1470  588   -1
1470  606   -1
1471  416   -1
1473  974   -1
1474  421   -1
1476  402   -1
1477  353   -1
1477  601   -1
1478  786   -1
1479  644   -1
1479  1118  -1
1480  1237  -1
1480  1818  -1
1482  197   -1
1482  1160  -1
1483  203   -1
1485  416   -1
1485  603   -1
1487  485   -1
1490  394   -1
1492  518   -1
1492  667   -1
1493  881   -1
1494  1220  -1
1496  296   -1
1496  359   -1
1497  533   -1
1497  541   -1
1501  281   -1
1502  774   -1
1503  576   -1
1503  947   -1
1505  1137  -1
1506  263   -1
1506  1142  -1
1507  666   -1
1508  431   -1
1508  614   -1
1508  1124  -1
1512  541   -1
1513  561   -1
1515  600   -1
1515  712   -1
1516  880   -1
1516  1234  -1
1517  228   -1
1517  401   -1
1517  1170  -1
1518  305   -1
1518  1351  -1
1520  572   -1
1520  618   -1
1520  641   -1
1521  348   -1
1521  382   -1
1521  453   -1
1523  281   -1
1523  891   -1
1525  1208  -1
1525  1247  -1
1529  446   -1
1530  376   -1
1532  896   -1
1533  441   -1
1534  1077  -1
1535  395   -1
1537  330   -1
1537  406   -1
1537  747   -1
1541  617   -1
1543  361   -1
1543  574   -1
1544  552   -1
1544  563   -1
1545  385   -1
1546  411   -1
1548  310   -1
1550  374   -1
1550  393   -1
1552  1159  -1
1555  858   -1
1556  390   -1
1556  461   -1
1556  473   -1
1557  380   -1
1558  209   -1
1559  201   -1
1560  1156  -1
1562  510   -1
1564  403   -1
1564  810   -1
1566  413   -1
1567  366   -1
1568  375   -1
1568  820   -1
1569  171   -1
1569  446   -1
1569  653   -1
1570  345   -1
1570  368   -1
1570  748   -1
1571  793   -1
1571  1004  -1
1573  496   -1
1573  520   -1
1573  757   -1
1574  435   -1
1574  450   -1
1576  812   -1
1577  447   -1
1577  472   -1
1578  339   -1
1578  408   -1
1578  432   -1
1578  666   -1
1580  317   -1
1580  350   -1
1580  786   -1
1582  355   -1
1582  371   -1
1582  453   -1
1583  277   -1
1583  360   -1
1583  1192  -1
1584  502   -1
1584  515   -1
1586  219   -1
1587  343   -1
1587  366   -1
1588  309   -1
1588  457   -1
1589  496   -1
1590  486   -1
1590  899   -1
1591  210   -1
1591  381   -1
1591  489   -1
1591  659   -1
1592  668   -1
1592  1037  -1
1594  705   -1
1595  420   -1
1595  861   -1
1596  481   -1
1597  89    -1
1597  390   -1
1597  645   -1
1597  776   -1
1598  245   -1
1600  926   -1
1601  118   -1
1601  361   -1
1601  787   -1
1604  388   -1
1604  730   -1
1605  253   -1
1605  905   -1
1606  632   -1
1608  1204  -1
1609  267   -1
1609  1247  -1
1611  390   -1
1612  250   -1
1613  337   -1
1613  374   -1
1613  676   -1
1616  340   -1
1616  459   -1
1617  580   -1
1617  1059  -1
1618  311   -1
1618  640   -1
1618  1017  -1
1619  278   -1
1619  329   -1
1620  265   -1
1621  370   -1
1622  343   -1
1623  605   -1
1623  750   -1
1624  32    -1
1624  406   -1
1624  1390  -1
1626  641   -1
1626  776   -1
1627  226   -1
1627  327   -1
1629  397   -1
1629  425   -1
1629  614   -1
1630  950   -1
1630  961   -1
1632  456   -1
1632  547   -1
1632  579   -1
1633  1067  -1
1634  467   -1
1635  641   -1
1636  682   -1
1636  948   -1
1637  387   -1
1637  1023  -1
1638  507   -1
1640  1399  -1
1641  1417  -1
1642  469   -1
1644  996   -1
1644  1050  -1
1645  670   -1
1646  13    -1
1646  646   -1
1646  975   -1
1647  337   -1
1647  1174  -1
1648  7     -1
1648  425   -1
1648  868   -1
1649  279   -1
1649  687   -1
1650  367   -1
1652  618   -1
1652  1415  -1
1653  348   -1
1653  384   -1
1653  391   -1
1654  1393  -1
1654  1408  -1
1655  377   -1
1656  526   -1
1656  839   -1
1657  436   -1
1658  296   -1
1658  544   -1
1659  1348  -1
1660  552   -1
1660  701   -1
1660  1082  -1
1663  838   -1
1663  1438  -1
1664  382   -1
1664  1345  -1
1665  232   -1
1665  412   -1
1665  558   -1
1666  433   -1
1666  1130  -1
1668  376   -1
1669  262   -1
1669  364   -1
1670  342   -1
1670  591   -1
1670  964   -1
1671  57    -1
1671  702   -1
1673  572   -1
1673  1285  -1
1674  274   -1
1674  346   -1
1674  1182  -1
1675  373   -1
1676  359   -1
1676  1397  -1
1677  662   -1
1677  770   -1
1677  1326  -1
1678  751   -1
1679  1161  -1
1680  1323  -1
1681  658   -1
1682  610   -1
1682  628   -1
1682  943   -1
1683  1080  -1
1684  352   -1
1684  578   -1
1686  938   -1
1688  766   -1
1689  59    -1
1689  343   -1
1689  1215  -1
1689  1331  -1
1690  337   -1
1690  651   -1
1693  629   -1
1694  446   -1
1694  691   -1
1696  616   -1
1697  157   -1
1697  1279  -1
1698  386   -1
1698  531   -1
1698  1260  -1
1698  1334  -1
1700  324   -1
1700  1175  -1
1701  1479  -1
1702  300   -1
1703  593   -1
1703  958   -1
1703  1225  -1
1704  400   -1
1704  738   -1
1704  1173  -1
1704  1249  -1
1705  676   -1
1706  317   -1
1707  268   -1
1707  535   -1
1707  1159  -1
1708  630   -1
1708  1215  -1
1710  1187  -1
1711  641   -1
1712  1164  -1
1713  243   -1
1713  501   -1
1713  716   -1
1715  599   -1
1715  1508  -1
1716  586   -1
1716  1048  -1
1717  616   -1
1717  1194  -1
1720  1153  -1
1720  1302  -1
1721  474   -1
1721  1419  -1
1721  1781  -1
1722  1137  -1
1723  1173  -1
1723  1524  -1
1724  511   -1
1724  604   -1
1724  725   -1
1724  1437  -1
1725  497   -1
1725  914   -1
1725  1315  -1
1726  905   -1
1726  1095  -1
1726  1428  -1
1727  739   -1
1728  241   -1
1728  496   -1
1728  533   -1
1728  573   -1
1728  683   -1
1728  706   -1
1728  1111  -1
1729  725   -1
1729  796   -1
1729  954   -1
1731  1462  -1
1732  581   -1
1733  407   -1
1734  632   -1
1735  383   -1
1735  706   -1
1735  1353  -1
1736  866   -1
1736  1075  -1
1736  1479  -1
1737  421   -1
1738  1202  -1
1738  1416  -1
1739  391   -1
1739  572   -1
1739  1274  -1
1740  565   -1
1740  585   -1
1741  667   -1
1741  1372  -1
1743  417   -1
1743  1364  -1
1745  1786  -1
1747  243   -1
1748  1351  -1
1749  300   -1
1749  796   -1
1751  450   -1
1751  1199  -1
1751  1288  -1
1753  105   -1
1753  391   -1
1753  1309  -1
1754  370   -1
1756  553   -1
1756  661   -1
1756  1297  -1
1756  1363  -1
1757  400   -1
1757  499   -1
1757  1282  -1
1758  380   -1
1759  374   -1
1759  804   -1
1760  625   -1
1761  996   -1
1765  564   -1
1766  1256  -1
1767  451   -1
1769  377   -1
1769  1234  -1
1771  600   -1
1771  1115  -1
1772  819   -1
1772  862   -1
1773  1289  -1
1774  1051  -1
1774  1299  -1
1775  1099  -1
1775  1266  -1
1777  1510  -1
1778  885   -1
1780  1171  -1
1781  1430  -1
1783  348   -1
1783  1186  -1
1784  585   -1
1785  1144  -1
1791  702   -1
1791  874   -1
1792  1127  -1
1794  243   -1
1794  342   -1
1795  287   -1
1796  886   -1
1796  1079  -1
1797  817   -1
1798  982   -1
1801  768   -1
1801  907   -1
1802  1259  -1
1802  1416  -1
1803  846   -1
1804  960   -1
1804  1207  -1
1805  875   -1
1805  1150  -1
1807  696   -1
1807  813   -1
1807  918   -1
1809  751   -1
1810  997   -1
1811  694   -1
1811  764   -1
1811  773   -1
1812  598   -1
1812  623   -1
1812  1303  -1
1813  900   -1
1813  1383  -1
1814  978   -1
1814  1198  -1
1815  1172  -1
1815  1727  -1
1816  795   -1
1817  658   -1
1817  703   -1
1817  717   -1
1817  1259  -1
1818  764   -1
1818  916   -1
1818  976   -1
1819  757   -1
1819  810   -1
1820  927   -1
1821  772   -1
1823  814   -1
1824  714   -1
1824  839   -1
1824  1213  -1
1826  1544  -1
1828  663   -1
1828  1134  -1
1829  1204  -1
1830  950   -1
1831  826   -1
1833  771   -1
1834  677   -1
1834  1346  -1
1835  745   -1
1836  641   -1
1836  728   -1
1836  979   -1
1837  715   -1
1837  1076  -1
1837  1245  -1
1838  1102  -1
1839  533   -1
1839  649   -1
1839  698   -1
1839  798   -1
1839  869   -1
1839  988   -1
1839  1015  -1
1840  587   -1
1841  711   -1
1842  544   -1
1842  736   -1
1842  767   -1
1842  1731  -1
1843  993   -1
1843  1031  -1
1844  520   -1
1844  1108  -1
1845  746   -1
1846  668   -1
1846  914   -1
1847  675   -1
1847  705   -1
1848  110   -1
1848  631   -1
1850  937   -1
1852  581   -1
1853  867   -1
1854  1055  -1
1854  1168  -1
1855  386   -1
1856  234   -1
1856  616   -1
1858  729   -1
1858  1110  -1
1859  918   -1
1859  979   -1
1860  1042  -1
1861  385   -1
1861  857   -1
1863  393   -1
1863  615   -1
1863  693   -1
1864  1021  -1
1866  246   -1
1866  515   -1
1868  924   -1
1868  1009  -1
1869  713   -1
1869  883   -1
1869  1097  -1
1871  782   -1
1872  633   -1
1873  1044  -1
1874  492   -1
1874  923   -1
1875  522   -1
1875  588   -1
1876  310   -1
1876  479   -1
1876  1082  -1
1876  1140  -1
1877  996   -1
1878  370   -1
1878  651   -1
1878  1063  -1
1878  1104  -1
1878  1115  -1
1879  152   -1
1879  292   -1
1879  499   -1
1879  1004  -1
1880  212   -1
1883  735   -1
1883  842   -1
1883  851   -1
1885  521   -1
1885  1159  -1
1886  385   -1
1886  976   -1
1886  1192  -1
1887  1278  -1
1888  606   -1
1888  727   -1
1889  623   -1
1889  749   -1
1890  492   -1
1890  855   -1
1890  1654  -1
1891  388   -1
1892  1286  -1
1893  630   -1
1895  812   -1
1896  1074  -1
1897  1249  -1
1898  421   -1
1899  756   -1
1901  1300  -1
1903  1210  -1
1904  905   -1
1904  942   -1
1906  680   -1
1906  774   -1
1907  626   -1
1907  1030  -1
1907  1153  -1
1910  643   -1
1910  1645  -1
1911  1252  -1
1912  507   -1
1912  1300  -1
1914  833   -1
1914  1305  -1
1916  461   -1
1916  651   -1
1916  1313  -1
1918  792   -1
1919  705   -1
1919  1506  -1
1920  764   -1
1922  1080  -1
1924  1244  -1
1924  1359  -1
1924  1386  -1
1925  1478  -1
1926  926   -1
1928  896   -1
1928  960   -1
1928  1348  -1
1930  703   -1
1930  1059  -1
1930  1384  -1
1931  1329  -1
1933  754   -1
1933  761   -1
1934  527   -1
1934  678   -1
1934  1018  -1
1934  1364  -1
1934  1369  -1
1935  745   -1
1935  818   -1
1935  1463  -1
1936  584   -1
1937  729   -1
1938  1122  -1
1938  1564  -1
1939  704   -1
1940  767   -1
1942  647   -1
1945  908   -1
1946  733   -1
1948  1066  -1
1949  146   -1
1949  433   -1
1949  784   -1
1949  830   -1
1949  1392  -1
1950  497   -1
1950  1014  -1
1950  1174  -1
1951  700   -1
1951  818   -1
1951  1505  -1
1952  666   -1
1952  860   -1
1953  682   -1
1953  1548  -1
1955  581   -1
1956  851   -1
1956  871   -1
1957  370   -1
1958  400   -1
1958  618   -1
1960  1273  -1
1963  180   -1
1964  796   -1
1966  774   -1
1966  1160  -1
1967  1070  -1
1969  781   -1
1969  882   -1
1970  910   -1
1970  1110  -1
1971  505   -1
1971  1097  -1
1973  975   -1
1973  1343  -1
1975  441   -1
1977  1240  -1
1978  744   -1
1978  968   -1
1978  1066  -1
1978  1095  -1
1979  780   -1
1981  1123  -1
1981  1146  -1
1983  809   -1
1983  942   -1
1983  1105  -1
1984  1169  -1
1985  466   -1
1985  632   -1
1987  763   -1
1988  821   -1
1988  1306  -1
1990  675   -1
1990  867   -1
1990  1055  -1
1991  781   -1
1992  631   -1
1993  1136  -1
1993  1378  -1
1994  819   -1
1994  1108  -1
1995  479   -1
1995  872   -1
1995  1087  -1
1995  1096  -1
1996  634   -1
1996  810   -1
1998  1057  -1
1999  733   -1
1999  911   -1
1999  1169  -1
2000  851   -1
2000  1211  -1
2001  1135  -1
2003  1019  -1
2005  984   -1
2006  1131  -1
2007  909   -1
2007  1010  -1
2008  877   -1
2008  1068  -1
2009  445   -1
2012  686   -1
2012  1085  -1
2013  531   -1
2015  1155  -1
2016  1020  -1
2017  1005  -1
2019  1000  -1
2019  1128  -1
2020  710   -1
2020  885   -1
2020  920   -1
2021  1169  -1
2021  1198  -1
2023  973   -1
2025  546   -1
2026  897   -1
2028  1169  -1
2029  1004  -1
2030  857   -1
2031  543   -1
2031  956   -1
2034  508   -1
2034  991   -1
2034  1248  -1
2036  897   -1
2037  954   -1
2037  1221  -1
2038  186   -1
2038  911   -1
2039  938   -1
2041  763   -1
2041  1265  -1
2042  1135  -1
2043  885   -1
2045  717   -1
2047  1081  -1
49    956   -1
76    431   -1
87    739   -1
94    1049  -1
99    632   -1
122   356   -1
121   846   -1
128   1149  -1
146   741   -1
147   1128  -1
151   721   -1
150   1164  -1
174   747   -1
188   1716  -1
190   736   -1
193   541   -1
197   743   -1
197   770   -1
217   735   -1
222   456   -1
230   756   -1
236   1296  -1
241   668   -1
244   699   -1
247   701   -1
247   573   -1
253   640   -1
266   646   -1
283   571   -1
285   362   -1
313   1007  -1
315   604   -1
330   617   -1
337   614   -1
358   359   -1
359   392   -1
360   630   -1
362   719   -1
367   635   -1
369   1680  -1
371   604   -1
373   300   -1
388   741   -1
389   765   -1
393   331   -1
397   438   -1
400   629   -1
398   627   -1
400   624   -1
403   753   -1
404   786   -1
429   458   -1
434   701   -1
435   784   -1
436   464   -1
440   535   -1
446   659   -1
462   706   -1
464   715   -1
464   1491  -1
468   805   -1
483   552   -1
486   174   -1
497   714   -1
499   631   -1
502   139   -1
504   517   -1
513   825   -1
518   516   -1
534   751   -1
532   753   -1
534   290   -1
536   292   -1
538   630   -1
545   769   -1
545   867   -1
553   258   -1
555   349   -1
560   782   -1
569   188   -1
572   1046  -1
573   1027  -1
576   1101  -1
578   1087  -1
580   1039  -1
584   1023  -1
586   1476  -1
588   191   -1
589   500   -1
589   884   -1
590   860   -1
591   1071  -1
593   599   -1
602   610   -1
603   796   -1
605   280   -1
605   577   -1
607   466   -1
611   891   -1
611   410   -1
615   909   -1
619   275   -1
620   1155  -1
623   427   -1
624   1471  -1
624   475   -1
628   504   -1
626   506   -1
630   450   -1
632   636   -1
634   257   -1
635   455   -1
636   747   -1
636   712   -1
638   722   -1
642   1052  -1
644   927   -1
643   954   -1
644   1721  -1
646   1443  -1
648   1212  -1
649   447   -1
650   1224  -1
652   1565  -1
652   1088  -1
653   631   -1
653   746   -1
654   1190  -1
655   571   -1
655   1214  -1
657   451   -1
661   554   -1
662   1188  -1
663   1343  -1
668   330   -1
667   656   -1
670   1454  -1
672   859   -1
672   1247  -1
675   506   -1
676   734   -1
678   736   -1
676   1296  -1
676   1375  -1
678   442   -1
677   1498  -1
678   192   -1
679   509   -1
679   184   -1
679   1251  -1
680   1208  -1
683   542   -1
683   1454  -1
683   434   -1
683   511   -1
686   739   -1
687   160   -1
688   1546  -1
689   559   -1
689   1044  -1
689   893   -1
690   1581  -1
690   1586  -1
690   340   -1
690   765   -1
692   1163  -1
693   1538  -1
694   134   -1
693   1212  -1
694   123   -1
694   1244  -1
695   1280  -1
696   188   -1
696   1043  -1
699   157   -1
703   533   -1
701   531   -1
703   301   -1
702   1420  -1
703   1256  -1
704   1161  -1
706   1403  -1
708   1325  -1
710   408   -1
709   630   -1
709   1331  -1
710   204   -1
712   1246  -1
712   1400  -1
713   1439  -1
714   554   -1
716   903   -1
717   1353  -1
719   1013  -1
720   1162  -1
722   1213  -1
723   1043  -1
725   405   -1
724   717   -1
727   1221  -1
726   489   -1
725   567   -1
729   1591  -1
730   477   -1
729   1286  -1
729   1423  -1
732   238   -1
734   100   -1
733   1490  -1
738   1259  -1
740   1439  -1
740   284   -1
743   597   -1
742   1417  -1
745   1120  -1
747   781   -1
747   939   -1
746   1443  -1
746   1650  -1
747   1067  -1
747   1182  -1
747   1377  -1
748   585   -1
749   1243  -1
751   1070  -1
754   1410  -1
756   388   -1
757   1196  -1
757   1345  -1
757   580   -1
758   1474  -1
760   526   -1
760   1450  -1
762   276   -1
763   1191  -1
764   1072  -1
764   1397  -1
765   1195  -1
766   1337  -1
765   1482  -1
768   1417  -1
768   1582  -1
768   273   -1
768   1318  -1
772   888   -1
776   1591  -1
777   898   -1
784   369   -1
785   1140  -1
785   1588  -1
787   1515  -1
788   1712  -1
789   1158  -1
791   1525  -1
792   1503  -1
793   365   -1
794   1063  -1
794   1355  -1
795   1341  -1
795   1583  -1
799   1061  -1
796   1416  -1
797   664   -1
798   770   -1
802   1306  -1
803   644   -1
802   1364  -1
804   437   -1
803   1254  -1
804   1665  -1
805   864   -1
805   1073  -1
805   182   -1
807   378   -1
808   1438  -1
811   47    -1
811   1522  -1
812   1329  -1
812   1731  -1
814   1586  -1
815   1406  -1
817   1694  -1
819   367   -1
819   880   -1
820   1713  -1
821   1706  -1
823   1427  -1
823   1791  -1
825   324   -1
826   404   -1
826   438   -1
827   964   -1
825   966   -1
827   1681  -1
830   1393  -1
830   242   -1
831   1599  -1
834   1291  -1
837   890   -1
838   1586  -1
840   376   -1
841   1104  -1
842   1026  -1
841   1127  -1
843   894   -1
844   1599  -1
845   318   -1
845   389   -1
846   958   -1
846   1430  -1
849   923   -1
850   1743  -1
851   1118  -1
851   1178  -1
854   1347  -1
858   1798  -1
858   368   -1
860   150   -1
861   1112  -1
862   1531  -1
862   197   -1
863   1336  -1
865   1066  -1
864   1170  -1
865   1353  -1
864   1499  -1
866   203   -1
868   1400  -1
870   402   -1
871   410   -1
870   836   -1
870   1061  -1
870   1290  -1
871   814   -1
872   1050  -1
874   420   -1
874   1644  -1
874   1647  -1
875   402   -1
876   871   -1
877   778   -1
878   174   -1
878   416   -1
879   419   -1
879   473   -1
882   517   -1
884   1129  -1
885   1515  -1
886   368   -1
886   836   -1
888   1606  -1
891   1482  -1
893   841   -1
894   1100  -1
899   179   -1
898   1666  -1
900   928   -1
901   336   -1
902   1308  -1
903   1022  -1
902   1581  -1
904   1313  -1
909   888   -1
912   288   -1
912   201   -1
912   1763  -1
916   554   -1
915   743   -1
916   1109  -1
916   1152  -1
916   1443  -1
918   1337  -1
919   1171  -1
922   892   -1
924   1285  -1
925   1576  -1
925   1150  -1
927   219   -1
928   1377  -1
930   251   -1
931   1239  -1
931   1375  -1
931   106   -1
932   810   -1
932   1123  -1
932   1351  -1
931   1629  -1
933   1096  -1
933   271   -1
936   1295  -1
938   1127  -1
939   1066  -1
942   218   -1
948   872   -1
948   1231  -1
949   1451  -1
949   1506  -1
952   882   -1
952   1149  -1
952   1278  -1
955   1218  -1
956   1110  -1
956   1505  -1
957   1097  -1
958   1115  -1
958   1174  -1
958   774   -1
959   1127  -1
961   157   -1
961   1258  -1
961   1483  -1
964   1202  -1
963   1765  -1
965   1453  -1
967   1384  -1
968   768   -1
968   1402  -1
971   1543  -1
973   854   -1
973   1467  -1
974   190   -1
974   1196  -1
974   1427  -1
975   776   -1
976   1193  -1
978   1603  -1
979   1467  -1
982   1205  -1
983   1240  -1
984   1352  -1
985   1449  -1
989   1578  -1
991   564   -1
990   1017  -1
991   1538  -1
990   1718  -1
991   1169  -1
994   297   -1
997   526   -1
998   858   -1
997   1440  -1
997   1570  -1
1002  1110  -1
1003  807   -1
1005  784   -1
1006  1468  -1
1007  1486  -1
1007  1549  -1
1009  1270  -1
1008  1466  -1
1011  1231  -1
1011  1531  -1
1013  701   -1
1012  777   -1
1012  1471  -1
1015  802   -1
1015  1694  -1
1015  1215  -1
1015  1423  -1
1018  292   -1
1018  1543  -1
1020  716   -1
1019  1132  -1
1020  1381  -1
1021  1502  -1
1022  293   -1
1022  1702  -1
1023  1241  -1
1024  1347  -1
1029  1690  -1
1031  558   -1
1032  600   -1
1034  924   -1
1034  1191  -1
1034  1213  -1
1035  583   -1
1037  1527  -1
1039  1511  -1
1041  1408  -1
1041  1462  -1
1043  621   -1
1049  1320  -1
1049  505   -1
1050  613   -1
1052  1125  -1
1054  1083  -1
1054  1527  -1
1056  493   -1
1058  1129  -1
1060  671   -1
1060  680   -1
1060  1177  -1
1061  1055  -1
1061  229   -1
1062  1171  -1
1062  1353  -1
1068  531   -1
1068  1412  -1
1073  1087  -1
1075  470   -1
1074  995   -1
1077  445   -1
1076  1095  -1
1077  1126  -1
1082  1376  -1
1085  1135  -1
1085  1302  -1
1086  1123  -1
1087  1129  -1
1089  1260  -1
1088  1379  -1
1091  1140  -1
1092  746   -1
1093  1563  -1
1096  1452  -1
1098  688   -1
1097  1443  -1
1100  749   -1
1099  1052  -1
1102  1230  -1
1102  1359  -1
1110  1046  -1
1113  763   -1
1114  1065  -1
1115  1394  -1
1117  1748  -1
1118  1488  -1
1120  1445  -1
1122  1417  -1
1129  1245  -1
1130  139   -1
1130  1373  -1
1131  1383  -1
1133  1625  -1
1134  1151  -1
1136  1264  -1
1138  602   -1
1140  1555  -1
1144  602   -1
1145  1063  -1
1152  1220  -1
1154  1646  -1
1156  1081  -1
1155  1601  -1
1163  1408  -1
1165  1289  -1
1169  1648  -1
1173  1072  -1
1173  1393  -1
1174  1256  -1
1175  1381  -1
1182  1653  -1
1185  1254  -1
1189  1501  -1
1188  1504  -1
1191  800   -1
1191  1629  -1
1192  781   -1
1192  1504  -1
1193  1205  -1
1197  663   -1
1198  671   -1
1201  1460  -1
1203  1481  -1
1205  1311  -1
1205  1711  -1
1207  808   -1
1209  1200  -1
1209  1709  -1
1216  1229  -1
1217  1494  -1
1219  1095  -1
1222  1457  -1
1229  1613  -1
1231  634   -1
1232  1385  -1
1239  1140  -1
1239  1358  -1
1244  1113  -1
1246  1068  -1
1249  615   -1
1248  1309  -1
1249  1355  -1
1251  1442  -1
1256  565   -1
1263  1383  -1
1268  533   -1
1272  920   -1
1271  924   -1
1272  1157  -1
1275  491   -1
1276  1463  -1
1277  1347  -1
1281  488   -1
1281  1379  -1
1282  1499  -1
1287  899   -1
1287  500   -1
1290  1318  -1
1291  436   -1
1291  1130  -1
1317  1128  -1
1316  1356  -1
1318  1377  -1
1318  1405  -1
1319  650   -1
1320  1361  -1
1321  1393  -1
1331  585   -1
1331  1393  -1
1334  1349  -1
1337  607   -1
1337  634   -1
1338  1235  -1
1338  1373  -1
1344  1224  -1
1346  540   -1
1350  1338  -1
1351  1385  -1
1356  1341  -1
1356  1745  -1
1359  1245  -1
1363  668   -1
1365  670   -1
1366  309   -1
1365  998   -1
1367  497   -1
1367  1349  -1
1369  1322  -1
1370  1364  -1
1377  978   -1
1380  1361  -1
1394  674   -1
1393  693   -1
1394  1743  -1
1404  826   -1
1404  1339  -1
1407  1774  -1
1408  444   -1
1410  1326  -1
1412  1202  -1
1414  841   -1
1417  1186  -1
1433  804   -1
1438  360   -1
1439  1032  -1
1441  716   -1
1441  1332  -1
1443  741   -1
1443  778   -1
1445  310   -1
1446  597   -1
1450  311   -1
1448  309   -1
1448  661   -1
1449  343   -1
1452  807   -1
1454  1332  -1
1457  803   -1
1458  767   -1
1459  776   -1
1462  434   -1
1461  598   -1
1462  731   -1
1462  314   -1
1464  346   -1
1464  566   -1
1464  780   -1
1475  483   -1
1478  548   -1
1479  538   -1
1480  823   -1
1483  434   -1
1483  598   -1
1493  521   -1
1505  401   -1
1508  563   -1
1510  555   -1
1510  757   -1
1510  1083  -1
1515  635   -1
1516  351   -1
1518  318   -1
1521  596   -1
1524  521   -1
1527  527   -1
1527  744   -1
1532  385   -1
1533  414   -1
1533  537   -1
1536  753   -1
1538  584   -1
1542  336   -1
1542  1132  -1
1551  443   -1
1555  445   -1
1557  447   -1
1557  421   -1
1563  658   -1
1566  614   -1
1568  1166  -1
1569  988   -1
1569  1108  -1
1571  478   -1
1571  481   -1
1572  568   -1
1577  649   -1
1578  421   -1
1582  763   -1
1583  341   -1
1582  399   -1
1582  438   -1
1582  819   -1
1591  621   -1
1598  657   -1
1601  1070  -1
1602  826   -1
1609  1098  -1
1611  418   -1
1610  1084  -1
1613  831   -1
1614  967   -1
1619  765   -1
1632  449   -1
1653  832   -1
1653  878   -1
1655  1327  -1
1658  848   -1
1662  464   -1
1670  886   -1
1671  1141  -1
1674  810   -1
1677  653   -1
1677  786   -1
1680  845   -1
1681  1388  -1
1685  754   -1
1686  891   -1
1691  366   -1
1697  625   -1
1697  1466  -1
1709  769   -1
1709  1141  -1
1711  784   -1
1713  587   -1
1715  932   -1
1729  618   -1
1734  507   -1
1735  808   -1
1736  513   -1
1741  1346  -1
1744  1391  -1
1753  1509  -1
1757  1141  -1
1769  673   -1
1771  1433  -1
1773  869   -1
1778  1087  -1
1791  832   -1
1810  954   -1
1818  890   -1
1826  1385  -1
1838  652   -1
1848  752   -1
1848  1061  -1
1851  892   -1
1855  1113  -1
1860  923   -1
1860  717   -1
1867  790   -1
1874  600   -1
1897  1110  -1
1911  627   -1
1953  723   -1
1990  872   -1
2030  788   -1
78    955   0
79    955   0
354   717   1
353   716   1
448   554   2
449   554   2
605   478   3
602   478   3
604   477   3
671   666   4
672   666   4
679   284   5
679   283   5
684   263   6
683   263   6
700   1565  7
700   1566  7
703   25    8
704   24    8
810   624   9
811   623   9
818   390   10
819   390   10
878   1053  11
879   1052  11
918   225   12
919   226   12
920   1143  13
921   1143  13
960   1358  14
961   1357  14
1206  644   15
1207  643   15
1347  1210  16
1347  1211  16
1362  1389  17
1363  1390  17
1533  371   18
1532  373   18
1568  519   19
1567  520   19
1671  656   20
1672  655   20
139   835   21
137   835   21
144   631   22
146   632   22
181   1164  23
180   1166  23
237   715   24
238   716   24
258   688   25
257   689   25
336   675   26
336   675   26
377   603   27
376   601   27
378   602   27
388   759   28
389   761   28
391   435   29
391   437   29
395   785   30
394   784   30
414   784   31
413   783   31
450   354   32
448   353   32
451   707   33
451   707   33
469   722   34
468   721   34
478   813   35
480   814   35
479   826   36
479   826   36
489   537   37
488   538   37
507   751   38
506   751   38
511   497   39
512   499   39
509   498   39
525   431   40
524   432   40
526   765   41
524   763   41
525   766   41
531   756   41
527   764   41
530   758   41
524   764   41
527   766   41
528   762   41
526   761   41
529   756   41
532   757   41
529   765   41
529   760   41
528   365   42
526   365   42
531   743   43
531   742   43
538   585   44
536   585   44
539   349   45
538   349   45
540   350   45
539   348   45
539   617   46
539   618   46
553   763   47
552   765   47
557   779   48
555   778   48
558   613   49
557   614   49
560   524   50
560   524   50
568   875   51
570   875   51
571   528   52
572   530   52
571   536   53
571   538   53
574   969   54
573   971   54
580   887   55
579   886   55
587   1097  56
586   1098  56
587   579   57
589   581   57
588   579   57
590   814   58
589   815   58
592   268   59
590   268   59
594   883   60
595   884   60
600   1137  61
599   1136  61
601   530   62
603   531   62
608   419   63
607   417   63
611   913   64
611   914   64
610   911   64
611   630   65
610   629   65
616   626   66
617   626   66
617   186   67
616   186   67
618   912   68
618   912   68
622   632   69
623   633   69
622   664   70
622   663   70
624   896   71
623   895   71
624   638   72
624   638   72
627   662   73
626   662   73
628   726   74
627   726   74
634   524   75
633   523   75
637   636   76
637   637   76
639   690   77
640   689   77
641   715   78
641   715   78
640   714   78
642   944   79
642   944   79
645   708   80
644   707   80
644   1483  81
646   1484  81
648   554   82
649   555   82
648   959   83
647   959   83
648   1500  84
647   1499  84
651   609   85
649   608   85
650   676   86
651   677   86
654   681   87
655   680   87
650   951   88
649   951   88
656   304   89
658   305   89
656   739   90
657   738   90
659   496   91
661   495   91
658   730   92
658   730   92
661   438   93
660   439   93
661   1273  94
662   1272  94
664   1225  95
664   1224  95
674   1324  96
673   1324  96
678   1353  97
678   1353  97
677   1352  97
679   1351  97
678   854   98
679   853   98
679   907   99
680   908   99
682   1374  100
681   1372  100
684   687   101
683   687   101
685   715   102
684   715   102
686   1189  103
687   1190  103
688   423   104
689   423   104
688   421   104
690   234   105
690   236   105
692   1193  106
692   1192  106
693   1323  107
692   1324  107
697   615   108
696   614   108
696   705   109
698   706   109
696   804   110
697   803   110
700   277   111
700   277   111
704   1547  112
703   1549  112
704   269   113
705   271   113
704   945   114
703   946   114
706   1528  115
706   1530  115
707   1099  116
707   1101  116
708   1368  117
708   1369  117
708   1284  118
707   1283  118
709   919   119
708   920   119
710   1260  120
710   1260  120
711   521   121
712   523   121
713   1236  122
714   1235  122
713   1310  123
714   1309  123
717   776   124
717   776   124
718   355   125
717   354   125
720   1475  126
720   1475  126
721   1409  127
721   1407  127
721   896   128
723   896   128
722   1249  129
722   1248  129
724   773   130
724   773   130
725   946   131
723   945   131
725   1324  132
724   1323  132
726   1323  132
724   1373  133
724   1374  133
725   1219  134
726   1218  134
724   1269  135
725   1269  135
726   977   136
726   977   136
726   1257  137
725   1258  137
726   1124  138
727   1125  138
729   701   139
729   702   139
731   1187  140
730   1187  140
730   1231  141
730   1232  141
730   1301  142
731   1301  142
731   1279  143
731   1281  143
733   1272  144
731   1272  144
735   1117  145
735   1117  145
737   255   146
737   255   146
737   353   147
736   352   147
737   1281  148
737   1281  148
741   931   149
742   932   149
741   935   150
739   934   150
739   1041  151
740   1043  151
742   1017  152
742   1017  152
744   1029  153
744   1029  153
743   1296  154
744   1297  154
744   1476  155
744   1474  155
746   980   156
745   979   156
747   1226  157
745   1226  157
747   834   158
747   835   158
746   1093  159
747   1093  159
747   1166  160
749   1166  160
751   1167  160
747   1325  161
747   1325  161
747   1345  162
747   1346  162
748   278   163
748   278   163
747   482   164
748   482   164
749   552   165
748   551   165
749   1059  166
749   1059  166
751   343   167
749   344   167
750   341   167
750   1598  168
750   1599  168
751   385   169
751   385   169
752   1254  170
752   1254  170
754   496   171
753   497   171
755   1473  172
754   1474  172
758   960   173
757   961   173
758   351   174
759   352   174
760   993   175
759   994   175
758   1352  176
760   1352  176
760   255   177
760   257   177
760   1235  178
759   1235  178
762   1495  179
762   1495  179
763   1199  180
763   1199  180
766   1213  181
764   1213  181
766   996   182
766   996   182
771   1085  183
771   1085  183
771   1084  183
772   1084  183
770   1085  183
772   1084  183
770   1085  183
773   1086  183
770   1086  183
772   1084  183
769   1087  183
770   1084  183
774   1491  184
773   1492  184
776   190   185
777   190   185
776   747   186
776   746   186
776   759   187
777   759   187
778   281   188
777   281   188
777   1444  189
778   1443  189
780   912   190
779   911   190
781   769   191
781   770   191
785   1381  192
785   1381  192
787   878   193
786   879   193
787   1133  194
788   1134  194
788   1401  195
787   1401  195
788   225   196
789   224   196
790   1327  197
790   1327  197
790   1363  198
790   1363  198
790   1396  199
791   1397  199
792   624   200
793   622   200
793   1199  201
793   1200  201
794   327   202
793   326   202
794   968   203
795   970   203
797   970   203
796   1757  204
795   1758  204
796   1758  204
796   1756  204
795   1758  204
796   270   205
796   269   205
797   1058  206
797   1059  206
797   1744  207
798   1745  207
799   1213  208
799   1214  208
800   394   209
801   396   209
802   1648  210
803   1646  210
803   948   211
803   947   211
804   487   212
805   488   212
805   834   213
806   835   213
806   963   214
807   963   214
806   1221  215
806   1220  215
807   1334  216
807   1333  216
808   1334  216
807   1333  216
807   1332  216
808   1166  217
808   1166  217
809   1098  218
808   1098  218
809   1369  219
809   1371  219
810   608   220
811   607   220
810   1322  221
810   1323  221
811   1309  222
811   1310  222
814   883   223
814   882   223
814   337   224
814   337   224
813   968   225
814   968   225
813   1754  226
813   1752  226
818   1096  227
818   1096  227
818   1094  227
819   774   228
818   773   228
820   1216  229
820   1216  229
823   923   230
822   923   230
828   1638  231
827   1638  231
829   1242  232
827   1243  232
828   1264  233
829   1265  233
829   1296  234
829   1296  234
830   1310  235
829   1311  235
832   976   236
831   978   236
831   1131  237
830   1132  237
833   851   238
832   851   238
833   927   239
832   927   239
832   1324  240
833   1323  240
834   1314  241
833   1315  241
839   1160  242
838   1161  242
840   1160  242
841   1386  243
840   1385  243
844   994   244
842   993   244
848   813   245
849   814   245
850   1195  246
850   1195  246
852   1343  247
850   1342  247
851   1319  248
851   1319  248
852   239   249
854   239   249
855   861   250
853   860   250
854   1149  251
853   1150  251
855   1263  252
854   1264  252
855   1436  253
856   1437  253
858   1178  254
857   1178  254
860   1483  255
860   1482  255
860   1483  255
860   1482  255
858   1482  255
858   1484  255
859   1007  256
858   1006  256
859   1301  257
859   1301  257
860   1311  258
860   1311  258
859   1311  258
860   1312  258
859   1311  258
860   1312  258
860   1211  259
860   1210  259
863   265   260
863   267   260
864   306   261
864   304   261
864   894   262
865   893   262
864   1461  263
864   1463  263
866   433   264
864   433   264
866   145   265
867   146   265
868   1188  266
869   1189  266
870   1167  267
870   1166  267
871   1043  268
869   1042  268
874   1187  269
873   1188  269
875   479   270
875   479   270
876   1254  271
877   1255  271
879   875   272
878   873   272
878   1433  273
877   1433  273
881   84    274
879   84    274
881   1306  275
882   1307  275
883   767   276
882   767   276
883   1377  277
884   1377  277
885   520   278
886   519   278
887   1316  279
887   1316  279
887   1317  279
888   1316  279
888   448   280
888   450   280
893   490   281
893   491   281
893   966   282
893   967   282
894   1109  283
892   1109  283
896   1110  283
892   1110  283
895   405   284
896   406   284
895   180   285
895   178   285
899   486   286
899   484   286
901   879   287
901   879   287
902   1148  288
902   1148  288
903   1385  289
904   1383  289
905   899   290
905   899   290
904   898   290
908   1397  291
907   1398  291
912   285   292
911   284   292
912   1539  293
911   1540  293
914   552   294
915   551   294
914   552   294
916   231   295
917   233   295
915   230   295
914   1269  296
915   1269  296
919   1183  297
920   1183  297
920   1390  298
920   1389  298
922   796   299
921   796   299
924   227   300
924   225   300
924   971   301
924   972   301
924   1425  302
923   1424  302
925   1469  303
925   1467  303
926   1154  304
926   1154  304
926   306   305
927   308   305
926   1299  306
926   1298  306
929   1057  307
930   1059  307
933   87    308
932   85    308
933   571   309
933   571   309
933   1299  310
933   1299  310
933   1300  310
934   1300  310
934   1427  311
933   1428  311
936   1037  312
934   1037  312
936   577   313
937   576   313
937   577   313
936   1338  314
935   1337  314
937   894   315
937   894   315
939   1254  316
939   1254  316
939   1255  316
941   206   317
940   207   317
941   1386  318
942   1386  318
942   1243  319
941   1242  319
944   591   320
944   590   320
945   570   321
944   570   321
944   1115  322
945   1115  322
945   1295  323
945   1294  323
946   1095  324
947   1095  324
946   1509  325
946   1509  325
948   784   326
949   784   326
949   1012  327
947   1012  327
950   1021  328
950   1021  328
951   1193  329
949   1193  329
952   1509  330
950   1510  330
953   1092  331
953   1092  331
952   1238  332
953   1237  332
955   1278  333
955   1278  333
955   1146  334
953   1146  334
955   1456  335
954   1456  335
957   846   336
956   844   336
961   1120  337
960   1120  337
964   1176  338
963   1177  338
963   1343  339
964   1343  339
967   1134  340
967   1134  340
964   1134  341
964   1134  341
964   1222  342
965   1222  342
967   878   343
966   877   343
968   744   344
968   746   344
969   1276  345
968   1278  345
971   1269  346
971   1269  346
974   1005  347
973   1006  347
974   1263  348
974   1263  348
976   1369  349
974   1370  349
978   1413  350
977   1414  350
979   826   351
980   827   351
986   1408  352
985   1408  352
988   1041  353
987   1040  353
989   940   354
989   940   354
989   1350  355
989   1350  355
988   1546  356
990   1545  356
989   1722  357
990   1723  357
996   793   358
996   793   358
997   989   359
997   990   359
997   1742  360
995   1741  360
997   1538  361
997   1540  361
1000  1173  362
1000  1173  362
1001  1319  363
1001  1318  363
1001  1438  364
1000  1439  364
1000  1445  365
1001  1446  365
1003  1091  366
1002  1091  366
1003  1295  367
1003  1294  367
1005  1104  368
1005  1104  368
1005  1233  369
1005  1233  369
1005  768   370
1005  769   370
1009  864   371
1009  864   371
1010  988   372
1009  987   372
1009  988   372
1010  1460  373
1009  1460  373
1017  1012  374
1015  1011  374
1018  1019  375
1018  1020  375
1018  1125  376
1020  1125  376
1018  1125  376
1018  1418  377
1017  1417  377
1017  1652  378
1017  1652  378
1020  1121  379
1020  1119  379
1020  1121  379
1022  1121  379
1021  674   380
1021  675   380
1021  1514  381
1021  1516  381
1023  695   382
1023  696   382
1026  543   383
1026  544   383
1028  938   384
1026  938   384
1027  1103  385
1027  1101  385
1026  1368  386
1026  1368  386
1027  682   387
1028  683   387
1029  1113  388
1028  1113  388
1029  842   389
1029  842   389
1031  1389  390
1031  1389  390
1033  1509  391
1033  1509  391
1034  1124  392
1033  1125  392
1035  1052  393
1034  1053  393
1036  1130  394
1036  1130  394
1039  928   395
1038  929   395
1041  1304  396
1041  1305  396
1042  1159  397
1042  1159  397
1042  1239  398
1042  1239  398
1044  917   399
1045  917   399
1044  1170  400
1046  1169  400
1045  1175  401
1044  1176  401
1049  1167  402
1049  1167  402
1049  1050  403
1050  1051  403
1052  1333  404
1050  1333  404
1051  1103  405
1052  1103  405
1054  1236  406
1053  1236  406
1056  638   407
1056  640   407
1058  1139  408
1059  1140  408
1059  723   409
1060  722   409
1060  1101  410
1060  1099  410
1063  459   411
1066  459   411
1064  458   411
1064  791   412
1064  791   412
1070  675   413
1069  674   413
1072  986   414
1073  986   414
1073  1243  415
1074  1243  415
1075  784   416
1074  783   416
1075  762   417
1075  762   417
1077  1694  418
1076  1694  418
1078  1424  419
1077  1424  419
1082  1146  420
1082  1146  420
1081  1145  420
1082  681   421
1081  682   421
1084  706   422
1084  705   422
1086  1279  423
1087  1278  423
1086  921   424
1087  922   424
1087  1001  425
1086  1001  425
1090  877   426
1091  877   426
1091  441   427
1092  440   427
1094  1043  428
1094  1042  428
1095  1057  429
1095  1057  429
1094  1257  430
1093  1258  430
1094  1516  431
1095  1515  431
1095  1093  432
1094  1093  432
1097  1187  433
1096  1188  433
1096  1208  434
1097  1209  434
1100  824   435
1099  826   435
1100  1301  436
1100  1302  436
1102  873   437
1102  873   437
1102  873   437
1103  1467  438
1104  1466  438
1103  1363  439
1103  1362  439
1104  1440  440
1105  1440  440
1104  1157  441
1104  1157  441
1114  287   442
1114  287   442
1115  1523  443
1115  1525  443
1118  1225  444
1117  1224  444
1117  1332  445
1116  1331  445
1118  880   446
1117  882   446
1119  1186  447
1119  1185  447
1122  1504  448
1122  1504  448
1126  628   449
1127  627   449
1128  1124  450
1128  1124  450
1128  1410  451
1127  1411  451
1132  297   452
1132  298   452
1132  296   452
1131  1305  453
1130  1306  453
1132  1011  454
1131  1012  454
1137  1073  455
1137  1072  455
1135  1073  455
1139  1473  456
1139  1473  456
1140  1492  457
1139  1491  457
1142  1348  458
1143  1348  458
1144  1013  459
1144  1013  459
1144  1014  459
1142  1013  459
1147  1477  460
1147  1475  460
1148  810   461
1147  811   461
1149  1392  462
1149  1392  462
1156  685   463
1155  684   463
1159  1106  464
1159  1106  464
1159  1476  465
1161  1475  465
1161  1336  466
1161  1336  466
1165  1613  467
1163  1613  467
1168  1330  468
1168  1331  468
1168  1330  468
1165  1330  469
1165  1329  469
1169  772   470
1168  772   470
1172  1130  471
1171  1131  471
1172  1213  472
1173  1214  472
1172  1213  472
1175  1158  473
1175  1157  473
1179  1091  474
1178  1090  474
1183  1399  475
1182  1398  475
1186  1073  476
1186  1074  476
1185  1091  477
1185  1091  477
1189  1241  478
1189  1242  478
1189  1461  479
1190  1462  479
1192  1372  480
1192  1373  480
1194  1396  481
1195  1395  481
1197  591   482
1197  592   482
1197  1472  483
1197  1472  483
1201  672   484
1201  674   484
1201  1412  485
1200  1413  485
1205  1645  486
1204  1647  486
1206  1477  487
1206  1476  487
1208  1104  488
1206  1104  488
1209  1122  489
1210  1122  489
1212  1109  490
1211  1108  490
1212  1075  491
1212  1076  491
1215  1392  492
1214  1390  492
1221  1133  493
1221  1132  493
1223  1158  494
1224  1159  494
1227  1373  495
1227  1374  495
1227  1392  496
1228  1390  496
1229  805   497
1230  807   497
1235  1389  498
1235  1389  498
1239  1483  499
1239  1483  499
1239  1483  499
1239  1484  499
1238  1483  499
1239  1483  499
1238  1484  499
1238  1485  499
1238  801   500
1239  802   500
1243  536   501
1243  534   501
1241  536   501
1242  1185  502
1242  1186  502
1250  1190  503
1249  1189  503
1252  1357  504
1252  1357  504
1253  1491  505
1252  1490  505
1257  509   506
1257  509   506
1256  1501  507
1256  1501  507
1258  1368  508
1257  1369  508
1259  1477  509
1258  1476  509
1261  1116  510
1261  1117  510
1266  1490  511
1266  1490  511
1274  1510  512
1273  1510  512
1280  1420  513
1281  1420  513
1282  984   514
1282  985   514
1282  1140  515
1282  1141  515
1287  1310  516
1286  1309  516
1294  1154  517
1294  1155  517
1297  1375  518
1297  1376  518
1303  1261  519
1302  1259  519
1311  1081  520
1310  1080  520
1312  1514  521
1312  1514  521
1311  1515  521
1312  1124  522
1313  1123  522
1314  668   523
1313  667   523
1319  1785  524
1319  1785  524
1346  585   525
1345  584   525
1369  1378  526
1369  1378  526
1368  1377  526
1368  1418  527
1368  1419  527
1371  905   528
1372  904   528
1372  1374  529
1372  1372  529
1373  1345  530
1373  1347  530
1374  1116  531
1373  1116  531
1374  1118  531
1376  891   532
1377  891   532
1377  982   533
1377  982   533
1381  1319  534
1379  1318  534
1380  683   535
1381  684   535
1384  1357  536
1384  1357  536
1394  1324  537
1394  1324  537
1400  1217  538
1399  1217  538
1403  1355  539
1405  1354  539
1410  1314  540
1410  1313  540
1409  1315  540
1413  1319  541
1412  1321  541
1411  1320  541
1418  820   542
1418  820   542
1420  812   543
1419  812   543
1431  1342  544
1431  1340  544
1433  679   545
1432  680   545
1436  821   546
1437  821   546
1438  336   547
1438  334   547
1442  346   548
1443  344   548
1445  743   549
1446  743   549
1454  797   550
1453  796   550
1457  742   551
1458  743   551
1469  170   552
1469  169   552
1489  818   553
1489  818   553
1488  1145  554
1489  1145  554
1491  594   555
1491  593   555
1510  1180  556
1511  1179  556
1511  487   557
1512  486   557
1512  1289  558
1510  1289  558
1520  1014  559
1519  1014  559
1521  1189  560
1520  1190  560
1527  839   561
1526  840   561
1538  736   562
1539  737   562
1550  1169  563
1552  1169  563
1555  595   564
1554  597   564
1560  1055  565
1561  1054  565
1578  629   566
1577  629   566
1579  628   566
1580  424   567
1580  424   567
1579  829   568
1579  827   568
1580  1196  569
1579  1196  569
1589  962   570
1590  963   570
1594  635   571
1593  636   571
1596  1259  572
1597  1258  572
1598  675   573
1598  674   573
1598  906   574
1599  905   574
1605  887   575
1603  888   575
1605  818   576
1604  820   576
1613  733   577
1611  733   577
1616  713   578
1617  713   578
1618  976   579
1617  975   579
1637  938   580
1638  937   580
1641  393   581
1643  392   581
1640  395   581
1640  907   582
1639  908   582
1643  1394  583
1644  1395  583
1655  967   584
1653  968   584
1655  968   584
1668  750   585
1670  750   585
1681  327   586
1680  329   586
1686  1190  587
1686  1190  587
1686  748   588
1688  747   588
1691  583   589
1689  584   589
1729  611   590
1728  612   590
1732  1132  591
1734  1133  591
1751  660   592
1751  659   592
1771  739   593
1770  740   593
1939  1143  594
1940  1144  594
2043  1097  595
2045  1096  595