# Filename: CLN3-561nm_416_ctrl_60x_015.tif
# Puncta radius (pixels): (1.3888888888888888, 1.3888888888888888)
# Puncta radius (nm): (150, 150)
# Cluster radius (nm): 300
# Min puncta per cluster: 2
# Voxel size (nm): (108, 108)
Y     X     NUM_PUNCTA    CLUSTER_ID
37    942   2             0
37    956   2             1
275   786   2             2
344   634   2             3
393   533   2             4
478   1402  2             5
496   1424  2             6
581   295   2             7
895   192   2             8
1423  219   2             9
24    817   2             10
27    1213  2             11
30    960   7             12
48    950   4             13
233   773   3             14
276   1037  2             15
290   784   2             16
293   1249  2             17
342   161   2             18
350   893   2             19
352   888   2             20
353   730   2             21
355   1019  2             22
365   946   2             23
373   804   2             24
374   961   2             25
377   1338  2             26
378   1002  2             27
383   655   2             28
385   488   2             29
385   879   2             30
388   1254  2             31
390   465   3             32
400   1797  2             33
406   762   3             34
406   652   2             35
406   1258  2             36
409   1032  2             37
410   929   2             38
419   855   2             39
418   1463  2             40
420   1018  2             41
424   1038  2             42
428   999   2             43
429   435   2             44
431   818   2             45
435   1384  2             46
439   876   2             47
446   1041  2             48
450   839   2             49
449   1018  2             50
471   844   3             51
478   518   2             52
482   817   2             53
482   831   2             54
483   845   2             55
491   1026  2             56
497   1421  2             57
512   848   2             58
515   1029  2             59
516   667   2             60
522   400   2             61
525   626   2             62
530   804   2             63
536   799   3             64
541   853   2             65
543   1457  2             66
544   777   2             67
545   814   2             68
551   843   2             69
557   999   2             70
560   524   3             71
563   789   2             72
564   833   2             73
566   784   2             74
567   806   2             75
569   600   2             76
571   424   2             77
571   1918  2             78
575   815   2             79
577   296   2             80
576   1333  2             81
576   1364  2             82
577   1353  2             83
578   629   2             84
579   849   2             85
581   1327  2             86
583   669   2             87
585   1601  2             88
587   812   2             89
589   1191  2             90
594   1061  2             91
596   1016  2             92
598   806   5             93
601   290   2             94
602   821   2             95
604   844   2             96
605   1017  2             97
607   621   3             98
608   405   2             99
610   716   2             100
610   725   4             101
611   780   2             102
614   585   2             103
615   651   3             104
615   769   2             105
618   629   5             106
619   509   2             107
620   302   2             108
624   303   2             109
621   765   2             110
628   664   2             111
639   485   2             112
640   761   2             113
642   838   3             114
643   656   2             115
646   1085  2             116
650   494   2             117
654   599   2             118
655   400   2             119
655   1009  2             120
660   805   2             121
662   479   2             122
665   729   2             123
667   830   2             124
669   788   3             125
669   819   3             126
669   934   6             127
670   749   2             128
675   1030  2             129
677   740   2             130
677   1038  2             131
680   839   2             132
685   856   2             133
685   728   2             134
686   771   2             135
688   988   2             136
688   777   2             137
694   663   2             138
694   788   2             139
694   840   2             140
698   725   2             141
698   754   2             142
699   862   2             143
704   812   3             144
706   775   2             145
708   770   3             146
710   736   2             147
711   642   2             148
714   225   2             149
718   886   2             150
718   485   2             151
719   769   2             152
719   783   2             153
720   841   2             154
721   826   2             155
724   484   2             156
725   1101  3             157
725   222   2             158
726   890   2             159
725   1142  2             160
728   468   2             161
730   1030  2             162
734   697   2             163
736   844   2             164
740   330   2             165
740   854   2             166
741   219   2             167
744   706   3             168
750   1180  2             169
750   667   3             170
751   895   3             171
755   404   2             172
756   717   2             173
757   581   2             174
760   1173  2             175
766   698   2             176
766   904   2             177
768   927   2             178
769   1242  3             179
770   432   2             180
772   846   2             181
773   970   2             182
773   1181  2             183
774   466   2             184
775   883   2             185
775   1132  2             186
779   1153  2             187
781   449   2             188
788   934   3             189
790   594   2             190
790   1131  2             191
793   731   2             192
797   891   2             193
800   1274  3             194
803   1362  2             195
809   944   2             196
811   967   2             197
812   1218  2             198
815   1193  2             199
819   721   2             200
820   1355  2             201
821   458   2             202
827   1406  2             203
831   45    2             204
831   1196  2             205
832   1413  2             206
833   1419  2             207
834   895   3             208
835   718   2             209
839   1264  2             210
840   1279  2             211
841   912   3             212
841   1072  2             213
843   1437  2             214
844   1182  2             215
844   1414  2             216
845   1210  2             217
847   932   3             218
849   977   3             219
855   740   2             220
857   959   2             221
865   1430  2             222
865   1438  3             223
867   926   2             224
868   225   2             225
871   414   2             226
883   655   2             227
883   939   2             228
883   750   2             229
892   931   2             230
892   1169  3             231
893   1456  2             232
894   1496  2             233
898   1273  2             234
903   280   2             235
904   745   2             236
904   519   2             237
911   361   2             238
911   962   3             239
913   1544  2             240
914   811   2             241
914   953   2             242
915   972   2             243
916   1310  2             244
916   1452  2             245
922   992   2             246
923   550   2             247
926   1181  2             248
926   1537  2             249
928   1548  2             250
929   674   3             251
931   641   2             252
933   773   2             253
938   746   2             254
942   1007  2             255
948   642   2             256
948   1345  2             257
950   675   2             258
951   445   2             259
955   1589  2             260
957   1367  2             261
958   1061  2             262
959   1528  2             263
960   712   3             264
960   762   2             265
968   1047  2             266
970   1640  2             267
971   723   2             268
976   1521  5             269
977   769   2             270
978   1060  2             271
979   1069  2             272
983   466   2             273
986   784   2             274
986   882   2             275
988   290   2             276
987   775   2             277
999   325   2             278
998   814   2             279
998   1501  2             280
1005  1059  2             281
1005  1412  2             282
1011  830   2             283
1010  920   2             284
1013  815   2             285
1013  851   2             286
1014  1373  2             287
1015  1603  2             288
1016  1064  2             289
1021  782   2             290
1022  831   4             291
1023  961   2             292
1023  976   2             293
1025  907   2             294
1028  365   2             295
1028  974   2             296
1029  1087  2             297
1035  903   2             298
1035  896   2             299
1038  1059  3             300
1042  949   2             301
1045  1237  2             302
1047  985   4             303
1049  1092  2             304
1049  1225  2             305
1052  996   3             306
1059  1000  2             307
1059  1378  2             308
1060  978   2             309
1067  1082  2             310
1070  1029  3             311
1070  995   2             312
1071  1205  2             313
1075  978   2             314
1076  1020  3             315
1078  1035  2             316
1078  1057  3             317
1082  1001  2             318
1084  980   2             319
1085  1035  2             320
1096  971   2             321
1098  1062  3             322
1097  941   2             323
1102  998   2             324
1104  905   2             325
1107  1051  3             326
1112  1096  3             327
1113  975   2             328
1113  1101  2             329
1116  1021  2             330
1119  1319  2             331
1122  1102  2             332
1123  1052  2             333
1127  987   2             334
1129  1102  2             335
1131  325   2             336
1131  1036  2             337
1134  1020  2             338
1144  1056  2             339
1144  1118  3             340
1160  1068  2             341
1161  1043  3             342
1162  1380  2             343
1167  1283  2             344
1177  1034  3             345
1178  1126  3             346
1178  1101  2             347
1180  1277  2             348
1183  337   2             349
1182  1048  2             350
1188  338   2             351
1199  1067  2             352
1203  1221  2             353
1209  1054  4             354
1211  1238  2             355
1217  1037  2             356
1217  1055  2             357
1219  1159  2             358
1221  1217  2             359
1222  329   2             360
1225  1200  2             361
1235  1198  2             362
1236  1203  2             363
1240  1164  2             364
1252  1115  2             365
1259  1133  2             366
1260  1046  2             367
1267  1134  2             368
1271  1852  2             369
1273  1070  2             370
1274  1096  2             371
1278  1171  3             372
1283  1041  2             373
1286  297   2             374
1293  1123  2             375
1301  1057  3             376
1319  1068  2             377
1326  1175  2             378
1345  1186  2             379
1353  1097  2             380
1356  1096  2             381
1359  1225  4             382
1360  1207  2             383
1362  249   2             384
1370  1229  4             385
1371  1617  2             386
1373  1096  2             387
1384  1554  2             388
1389  1318  2             389
1397  1249  2             390
1415  1246  2             391
1450  1143  2             392
1455  1251  2             393
1456  1274  2             394
1469  1464  2             395
1477  1559  2             396
1478  455   3             397
1498  1870  2             398
1514  1654  2             399
1526  1305  2             400
1525  1315  2             401
1534  1322  2             402
1552  1609  2             403
1643  1730  4             404
1690  370   4             405
1742  1183  2             406
1919  1218  2             407