# Filename: CLN3-561nm_416_ctrl_60x_015.tif
# Puncta radius (pixels): (1.3888888888888888, 1.3888888888888888)
# Puncta radius (nm): (150, 150)
# Cluster radius (nm): 300
# Min puncta per cluster: 2
# Voxel size (nm): (108, 108, 200)
Y     X     CLUSTER_ID
8     1046  -1
10    907   -1
12    996   -1
15    971   -1
15    1598  -1
16    1504  -1
16    1799  -1
28    1514  -1
35    1496  -1
35    1627  -1
36    1222  -1
38    1691  -1
39    735   -1
41    1469  -1
41    1500  -1
45    1490  -1
52    358   -1
54    711   -1
59    1679  -1
61    1012  -1
62    729   -1
63    720   -1
65    962   -1
68    1517  -1
69    309   -1
69    403   -1
69    1690  -1
70    737   -1
70    1651  -1
72    1028  -1
72    1472  -1
73    1823  -1
76    357   -1
76    1662  -1
77    1474  -1
78    428   -1
80    1528  -1
81    1736  -1
82    431   -1
84    1519  -1
85    397   -1
86    966   -1
87    401   -1
87    1033  -1
87    1691  -1
89    1022  -1
89    1459  -1
92    725   -1
92    1839  -1
93    460   -1
93    505   -1
94    341   -1
95    561   -1
97    1483  -1
99    485   -1
99    1469  -1
99    1825  -1
100   432   -1
100   445   -1
101   1729  -1
102   1468  -1
103   970   -1
105   1907  -1
107   1670  -1
108   1812  -1
109   375   -1
109   384   -1
110   477   -1
111   486   -1
111   1051  -1
113   713   -1
113   1475  -1
114   1040  -1
115   1560  -1
117   580   -1
120   1029  -1
121   1514  -1
124   443   -1
124   458   -1
124   1485  -1
125   217   -1
125   1515  -1
125   1709  -1
129   449   -1
129   515   -1
129   742   -1
132   679   -1
132   767   -1
135   471   -1
135   1541  -1
138   1553  -1
140   656   -1
141   546   -1
141   556   -1
141   564   -1
142   1489  -1
143   538   -1
143   1479  -1
145   756   -1
146   499   -1
149   762   -1
149   1738  -1
151   351   -1
151   416   -1
151   560   -1
153   669   -1
154   1508  -1
154   1772  -1
155   556   -1
155   701   -1
159   661   -1
160   562   -1
161   190   -1
161   1682  -1
164   756   -1
165   957   -1
165   1512  -1
166   1560  -1
167   657   -1
167   691   -1
167   1763  -1
168   1035  -1
169   542   -1
170   1518  -1
172   549   -1
172   1028  -1
173   1780  -1
177   1493  -1
178   1582  -1
178   1600  -1
180   537   -1
180   1578  -1
181   679   -1
181   1593  -1
182   165   -1
182   699   -1
182   1471  -1
183   576   -1
185   1990  -1
186   665   -1
186   693   -1
186   1527  -1
186   1763  -1
188   381   -1
188   650   -1
188   1854  -1
189   1865  -1
192   605   -1
193   438   -1
193   531   -1
193   563   -1
193   595   -1
193   788   -1
193   1698  -1
193   1744  -1
195   1912  -1
198   602   -1
201   1738  -1
212   1621  -1
214   549   -1
215   615   -1
215   1729  -1
216   1640  -1
217   2027  -1
218   387   -1
218   620   -1
218   2009  -1
219   608   -1
223   390   -1
223   790   -1
224   161   -1
224   1603  -1
226   437   -1
226   1020  -1
229   789   -1
231   614   -1
231   779   -1
231   1620  -1
232   960   -1
233   693   -1
235   596   -1
236   509   -1
237   501   -1
239   619   -1
239   701   -1
242   826   -1
244   441   -1
244   466   -1
245   600   -1
245   1599  -1
245   1641  -1
246   640   -1
247   577   -1
247   584   -1
247   631   -1
247   2003  -1
250   295   -1
250   614   -1
250   622   -1
254   1814  -1
256   312   -1
257   1589  -1
258   1027  -1
259   1574  -1
259   1786  -1
260   1816  -1
263   278   -1
263   569   -1
263   599   -1
264   247   -1
266   1788  -1
267   1771  -1
268   589   -1
269   102   -1
269   130   -1
269   323   -1
270   235   -1
271   642   -1
272   108   -1
273   302   -1
273   1025  -1
274   360   -1
274   385   -1
275   221   -1
276   653   -1
277   175   -1
278   254   -1
278   625   -1
278   667   -1
278   1008  -1
280   365   -1
280   611   -1
280   632   -1
281   530   -1
282   120   -1
282   973   -1
283   510   -1
283   599   -1
284   114   -1
285   387   -1
286   607   -1
287   686   -1
287   1256  -1
288   586   -1
288   736   -1
289   812   -1
290   1862  -1
291   598   -1
291   1695  -1
292   253   -1
292   1915  -1
293   582   -1
294   1230  -1
294   1237  -1
295   1695  -1
296   223   -1
296   557   -1
296   636   -1
296   1262  -1
298   510   -1
300   672   -1
301   635   -1
301   1038  -1
302   1904  -1
303   365   -1
303   1031  -1
304   585   -1
307   372   -1
307   500   -1
308   163   -1
310   485   -1
310   618   -1
310   1833  -1
311   549   -1
312   160   -1
312   800   -1
312   1641  -1
312   1686  -1
314   649   -1
316   1633  -1
316   1720  -1
317   93    -1
317   148   -1
317   476   -1
318   764   -1
318   867   -1
321   687   -1
321   1826  -1
321   1909  -1
322   144   -1
322   623   -1
322   1945  -1
323   160   -1
323   593   -1
323   1635  -1
323   1834  -1
324   509   -1
324   598   -1
325   577   -1
326   268   -1
326   818   -1
327   1289  -1
330   186   -1
331   830   -1
332   945   -1
335   913   -1
336   891   -1
336   1948  -1
337   332   -1
338   1212  -1
339   157   -1
339   1857  -1
341   1004  -1
342   67    -1
342   697   -1
342   888   -1
342   1837  -1
343   1728  -1
344   620   -1
344   1740  -1
345   1021  -1
345   1955  -1
346   916   -1
347   1257  -1
348   1204  -1
349   151   -1
349   404   -1
349   1019  -1
350   232   -1
350   631   -1
350   703   -1
350   721   -1
350   1742  -1
350   1833  -1
351   74    -1
353   514   -1
354   504   -1
355   300   -1
355   971   -1
356   66    -1
356   333   -1
356   1688  -1
356   1763  -1
357   610   -1
359   619   -1
359   1761  -1
361   499   -1
361   1856  -1
364   1738  -1
366   115   -1
366   462   -1
367   574   -1
367   951   -1
367   1738  -1
368   206   -1
368   492   -1
369   538   -1
369   942   -1
374   46    -1
375   554   -1
375   1671  -1
375   1860  -1
377   943   -1
379   641   -1
380   52    -1
381   212   -1
381   496   -1
382   727   -1
383   572   -1
384   188   -1
384   632   -1
384   818   -1
386   534   -1
388   550   -1
389   386   -1
390   186   -1
390   507   -1
391   1018  -1
392   88    -1
392   487   -1
393   892   -1
394   58    -1
394   569   -1
394   1782  -1
395   360   -1
395   474   -1
395   1791  -1
396   7     -1
396   367   -1
397   469   -1
398   401   -1
398   449   -1
399   120   -1
400   86    -1
400   774   -1
400   1779  -1
402   262   -1
403   785   -1
404   73    -1
404   489   -1
405   84    -1
406   796   -1
408   39    -1
409   377   -1
410   818   -1
411   469   -1
411   776   -1
412   425   -1
412   431   -1
412   845   -1
414   464   -1
414   615   -1
415   474   -1
416   469   -1
416   539   -1
416   1026  -1
418   776   -1
419   633   -1
420   522   -1
420   951   -1
420   1848  -1
420   1877  -1
421   1355  -1
422   502   -1
425   649   -1
428   1862  -1
431   382   -1
432   283   -1
432   353   -1
432   535   -1
433   583   -1
434   607   -1
435   245   -1
435   254   -1
435   1450  -1
436   525   -1
437   1014  -1
438   187   -1
438   401   -1
439   160   -1
439   837   -1
440   1892  -1
441   34    -1
441   547   -1
441   619   -1
442   24    -1
445   373   -1
445   522   -1
445   824   -1
447   62    -1
448   80    -1
448   617   -1
450   10    -1
450   230   -1
450   571   -1
451   374   -1
452   326   -1
453   0     -1
453   39    -1
453   278   -1
454   549   -1
455   56    -1
455   355   -1
458   284   -1
458   623   -1
458   1378  -1
458   1885  -1
460   360   -1
460   508   -1
463   547   -1
463   1441  -1
466   352   -1
466   596   -1
467   60    -1
467   645   -1
468   163   -1
469   213   -1
469   327   -1
469   494   -1
469   1925  -1
473   168   -1
473   242   -1
473   262   -1
477   7     -1
477   293   -1
477   455   -1
478   1021  -1
479   32    -1
479   514   -1
480   503   -1
480   638   -1
482   236   -1
482   1024  -1
483   165   -1
483   255   -1
483   485   -1
483   1041  -1
484   450   -1
484   1909  -1
485   199   -1
485   473   -1
486   188   -1
487   383   -1
487   439   -1
488   954   -1
488   1444  -1
489   394   -1
490   238   -1
490   1005  -1
492   452   -1
495   168   -1
496   225   -1
496   327   -1
496   379   -1
499   445   -1
499   1899  -1
501   1395  -1
502   376   -1
505   362   -1
505   650   -1
508   547   -1
509   286   -1
510   621   -1
512   306   -1
513   402   -1
513   1945  -1
515   642   -1
516   478   -1
516   1398  -1
517   95    -1
517   509   -1
518   942   -1
520   1448  -1
521   574   -1
523   364   -1
524   180   -1
525   62    -1
525   432   -1
526   71    -1
526   667   -1
526   786   -1
528   305   -1
528   360   -1
530   369   -1
531   312   -1
533   523   -1
534   346   -1
534   356   -1
534   1041  -1
534   1878  -1
535   1199  -1
536   72    -1
536   198   -1
536   572   -1
536   1211  -1
537   555   -1
538   249   -1
539   478   -1
539   562   -1
540   435   -1
541   89    -1
543   322   -1
544   315   -1
544   342   -1
544   1868  -1
545   213   -1
545   1040  -1
547   311   -1
547   379   -1
548   289   -1
548   1062  -1
550   346   -1
550   427   -1
554   265   -1
556   243   -1
558   153   -1
558   682   -1
560   161   -1
560   266   -1
561   209   -1
561   346   -1
562   366   -1
565   1005  -1
567   260   -1
567   2009  -1
568   281   -1
568   501   -1
569   246   -1
569   1733  -1
572   1344  -1
573   703   -1
574   217   -1
575   1739  -1
576   156   -1
577   575   -1
578   440   -1
578   1321  -1
579   602   -1
583   541   -1
585   33    -1
586   1510  -1
587   1523  -1
587   1705  -1
588   489   -1
589   1174  -1
591   1670  -1
591   1696  -1
592   237   -1
592   1299  -1
593   543   -1
595   292   -1
596   871   -1
596   1908  -1
597   199   -1
597   279   -1
597   1588  -1
597   1604  -1
598   55    -1
599   119   -1
599   329   -1
599   1743  -1
600   1609  -1
601   162   -1
602   1666  -1
604   463   -1
604   1080  -1
605   155   -1
606   1783  -1
608   478   -1
609   1017  -1
609   1794  -1
610   492   -1
614   416   -1
614   760   -1
615   149   -1
615   221   -1
616   851   -1
616   1053  -1
618   976   -1
619   518   -1
619   528   -1
622   599   -1
622   914   -1
623   342   -1
623   802   -1
623   813   -1
625   321   -1
627   276   -1
627   828   -1
629   999   -1
630   1847  -1
630   1911  -1
631   1117  -1
632   1869  -1
636   936   -1
636   1272  -1
637   158   -1
637   1907  -1
638   506   -1
638   549   -1
638   1828  -1
643   6     -1
644   239   -1
644   1894  -1
645   524   -1
647   501   -1
650   1928  -1
651   809   -1
653   35    -1
653   829   -1
656   45    -1
656   653   -1
659   1037  -1
663   650   -1
663   1922  -1
668   1140  -1
669   1008  -1
670   1153  -1
672   1900  -1
674   1171  -1
675   842   -1
680   748   -1
681   123   -1
681   324   -1
682   573   -1
682   802   -1
686   1085  -1
687   747   -1
688   1175  -1
689   701   -1
690   1052  -1
693   921   -1
695   646   -1
699   184   -1
700   236   -1
703   657   -1
703   1804  -1
704   241   -1
706   385   -1
708   1314  -1
709   540   -1
710   517   -1
710   1005  -1
713   1207  -1
714   328   -1
722   160   -1
724   952   -1
725   1007  -1
726   554   -1
729   490   -1
732   125   -1
740   89    -1
743   411   -1
744   1870  -1
747   852   -1
751   106   -1
752   453   -1
752   957   -1
754   181   -1
756   1205  -1
761   994   -1
762   592   -1
770   915   -1
779   351   -1
780   605   -1
783   736   -1
786   446   -1
788   1319  -1
791   1310  -1
794   1192  -1
794   1814  -1
795   511   -1
795   1272  -1
802   700   -1
802   1192  -1
807   98    -1
807   1343  -1
807   1357  -1
808   534   -1
809   94    -1
809   705   -1
809   723   -1
810   1170  -1
815   988   -1
816   744   -1
817   1452  -1
819   605   -1
824   1142  -1
825   904   -1
825   1481  -1
828   895   -1
835   632   -1
840   742   -1
845   502   -1
845   549   -1
845   735   -1
846   82    -1
846   927   -1
850   1253  -1
852   508   -1
852   965   -1
854   731   -1
858   968   -1
863   117   -1
866   1268  -1
867   1769  -1
874   1327  -1
876   924   -1
879   145   -1
880   799   -1
881   1088  -1
882   412   -1
885   915   -1
888   283   -1
888   713   -1
889   480   -1
891   645   -1
891   1759  -1
892   1151  -1
895   408   -1
895   1064  -1
897   314   -1
897   1743  -1
901   621   -1
905   1348  -1
906   148   -1
909   112   -1
910   474   -1
911   950   -1
911   1024  -1
913   1005  -1
916   1534  -1
918   298   -1
918   1003  -1
926   428   -1
927   1022  -1
931   234   -1
932   1572  -1
938   219   -1
942   1139  -1
943   1340  -1
947   776   -1
948   1048  -1
948   1659  -1
955   396   -1
957   290   -1
967   1620  -1
972   1565  -1
983   1649  -1
985   1565  -1
991   797   -1
992   1393  -1
995   1356  -1
997   774   -1
998   836   -1
1000  1174  -1
1002  1524  -1
1007  1618  -1
1012  1061  -1
1012  1076  -1
1012  1524  -1
1016  824   -1
1016  1530  -1
1020  819   -1
1020  1345  -1
1026  1508  -1
1029  877   -1
1039  1659  -1
1042  356   -1
1042  1530  -1
1063  1011  -1
1069  927   -1
1070  1647  -1
1071  947   -1
1076  1236  -1
1092  693   -1
1092  990   -1
1097  1519  -1
1100  1298  -1
1102  687   -1
1102  1540  -1
1109  1508  -1
1111  949   -1
1118  1078  -1
1123  1679  -1
1125  682   -1
1125  1592  -1
1126  1069  -1
1129  1667  -1
1132  1636  -1
1137  1678  -1
1146  2028  -1
1149  1102  -1
1150  1124  -1
1151  963   -1
1152  1014  -1
1155  1113  -1
1156  1091  -1
1169  1085  -1
1171  1003  -1
1174  1048  -1
1174  1656  -1
1177  1002  -1
1184  998   -1
1185  1646  -1
1185  2043  -1
1188  656   -1
1188  1053  -1
1190  1027  -1
1190  1621  -1
1193  1849  -1
1195  1629  -1
1198  670   -1
1210  1065  -1
1211  1616  -1
1215  0     -1
1216  1608  -1
1217  1130  -1
1231  1600  -1
1233  1901  -1
1243  1534  -1
1244  1618  -1
1244  1919  -1
1245  1608  -1
1246  316   -1
1249  1184  -1
1251  1691  -1
1254  1703  -1
1260  1840  -1
1262  1153  -1
1279  1035  -1
1286  1063  -1
1301  1168  -1
1306  1247  -1
1309  1725  -1
1313  1145  -1
1327  1550  -1
1333  1586  -1
1336  1276  -1
1345  1550  -1
1345  1555  -1
1353  237   -1
1356  1209  -1
1359  1560  -1
1360  1573  -1
1375  244   -1
1383  1356  -1
1384  1352  -1
1388  1573  -1
1392  1711  -1
1400  2001  -1
1403  228   -1
1405  1573  -1
1406  1360  -1
1413  1964  -1
1413  2011  -1
1417  1372  -1
1418  1565  -1
1418  2014  -1
1420  1570  -1
1424  1382  -1
1432  1732  -1
1436  115   -1
1436  1871  -1
1437  1568  -1
1441  1850  -1
1442  1555  -1
1448  1809  -1
1453  1871  -1
1454  1562  -1
1456  1706  -1
1459  1884  -1
1461  1732  -1
1464  1813  -1
1465  1859  -1
1472  1727  -1
1480  1446  -1
1480  1749  -1
1480  1861  -1
1480  1948  -1
1482  2043  -1
1483  1732  -1
1483  1770  -1
1484  1571  -1
1484  1722  -1
1485  1997  -1
1486  1679  -1
1487  1951  -1
1489  136   -1
1489  267   -1
1489  1946  -1
1490  220   -1
1491  1507  -1
1494  1162  -1
1496  1474  -1
1497  1431  -1
1500  456   -1
1501  1562  -1
1501  1888  -1
1503  1700  -1
1506  197   -1
1506  1616  -1
1506  1630  -1
1509  1548  -1
1509  1718  -1
1510  1625  -1
1516  154   -1
1517  162   -1
1519  1778  -1
1520  1809  -1
1524  1623  -1
1526  1861  -1
1527  1548  -1
1532  1854  -1
1534  230   -1
1534  1824  -1
1536  214   -1
1537  1585  -1
1538  375   -1
1538  1546  -1
1542  231   -1
1545  208   -1
1546  1804  -1
1547  1797  -1
1552  173   -1
1557  1583  -1
1558  1575  -1
1560  284   -1
1571  164   -1
1574  311   -1
1576  1829  -1
1579  313   -1
1584  372   -1
1584  1685  -1
1587  337   -1
1587  1556  -1
1587  1863  -1
1590  162   -1
1591  231   -1
1592  1528  -1
1593  389   -1
1597  212   -1
1606  70    -1
1606  81    -1
1607  199   -1
1611  1567  -1
1612  235   -1
1613  1861  -1
1614  192   -1
1615  1712  -1
1616  1524  -1
1620  275   -1
1622  246   -1
1623  92    -1
1624  238   -1
1628  1566  -1
1629  1733  -1
1631  342   -1
1631  1774  -1
1632  335   -1
1632  1789  -1
1634  1722  -1
1635  378   -1
1635  1635  -1
1636  369   -1
1638  1924  -1
1642  200   -1
1642  1748  -1
1645  367   -1
1645  1740  -1
1646  355   -1
1649  1722  -1
1653  340   -1
1653  1728  -1
1655  149   -1
1661  1601  -1
1662  1596  -1
1665  1671  -1
1666  1663  -1
1667  1604  -1
1671  57    -1
1676  1628  -1
1676  1683  -1
1677  144   -1
1677  277   -1
1678  1825  -1
1681  241   -1
1681  1675  -1
1683  331   -1
1683  1531  -1
1685  232   -1
1685  1753  -1
1688  109   -1
1689  1677  -1
1690  1590  -1
1693  1732  -1
1694  220   -1
1694  1725  -1
1695  1751  -1
1696  403   -1
1696  1742  -1
1699  15    -1
1699  1567  -1
1704  1696  -1
1708  1740  -1
1709  54    -1
1713  1612  -1
1715  1748  -1
1717  389   -1
1719  235   -1
1722  1565  -1
1729  1621  -1
1730  1586  -1
1731  320   -1
1732  264   -1
1736  403   -1
1741  251   -1
1741  1587  -1
1742  262   -1
1743  432   -1
1745  255   -1
1745  1593  -1
1745  1614  -1
1748  250   -1
1755  287   -1
1755  1595  -1
1757  426   -1
1757  1205  -1
1757  1215  -1
1758  1644  -1
1759  318   -1
1768  789   -1
1768  1228  -1
1771  1652  -1
1772  461   -1
1773  1604  -1
1780  1271  -1
1782  1613  -1
1784  243   -1
1785  1277  -1
1785  1854  -1
1786  1778  -1
1787  427   -1
1787  448   -1
1787  1887  -1
1787  1896  -1
1788  1818  -1
1791  1605  -1
1792  26    -1
1793  1778  -1
1793  1812  -1
1794  230   -1
1794  1283  -1
1796  196   -1
1799  181   -1
1800  483   -1
1800  1819  -1
1803  244   -1
1805  301   -1
1806  1772  -1
1808  483   -1
1809  1278  -1
1809  1628  -1
1810  377   -1
1812  493   -1
1815  397   -1
1816  492   -1
1819  1815  -1
1821  1278  -1
1824  485   -1
1826  819   -1
1833  390   -1
1833  1654  -1
1835  817   -1
1835  1267  -1
1839  382   -1
1840  1861  -1
1845  396   -1
1846  716   -1
1850  421   -1
1852  801   -1
1855  1213  -1
1856  734   -1
1858  1275  -1
1860  182   -1
1861  1700  -1
1862  476   -1
1862  492   -1
1867  505   -1
1874  361   -1
1875  445   -1
1876  494   -1
1876  1272  -1
1878  322   -1
1878  1257  -1
1879  506   -1
1879  1247  -1
1881  1724  -1
1884  1206  -1
1886  118   -1
1888  1243  -1
1888  1866  -1
1891  469   -1
1891  1999  -1
1895  365   -1
1895  432   -1
1896  1179  -1
1899  1242  -1
1900  213   -1
1900  1246  -1
1905  751   -1
1906  336   -1
1910  752   -1
1912  1221  -1
1914  395   -1
1924  792   -1
1925  1164  -1
1928  1175  -1
1929  501   -1
1932  746   -1
1932  1241  -1
1933  494   -1
1933  1235  -1
1935  1172  -1
1938  808   -1
1940  755   -1
1943  1889  -1
1944  748   -1
1944  1214  -1
1945  772   -1
1946  1201  -1
1947  499   -1
1948  784   -1
1951  1253  -1
1953  530   -1
1956  1226  -1
1960  1233  -1
1963  255   -1
1966  814   -1
1966  838   -1
1972  494   -1
1978  837   -1
1981  1177  -1
1988  1162  -1
1990  1024  -1
1991  540   -1
1993  847   -1
1993  996   -1
1995  841   -1
2002  1177  -1
2003  511   -1
2006  995   -1
2009  757   -1
2009  1190  -1
2012  635   -1
2013  129   -1
2014  1198  -1
2018  545   -1
2018  1169  -1
2021  979   -1
2026  1001  -1
2030  1199  -1
2035  545   -1
2036  1165  -1
2036  1201  -1
2037  1118  -1
2038  1128  -1
2042  411   -1
2043  524   -1
2044  897   -1
2047  1224  -1
6     1050  -1
11    979   -1
23    968   -1
36    962   -1
26    957   -1
38    960   -1
52    1529  -1
78    416   -1
90    1727  -1
114   739   -1
136   1057  -1
135   1573  -1
150   1488  -1
159   1504  -1
165   586   -1
168   1596  -1
173   1502  -1
177   532   -1
180   639   -1
190   1607  -1
193   1807  -1
200   1031  -1
199   1038  -1
206   612   -1
212   789   -1
214   554   -1
215   605   -1
215   773   -1
215   770   -1
220   781   -1
236   1557  -1
239   575   -1
251   1651  -1
249   1653  -1
253   650   -1
255   1018  -1
280   1255  -1
282   782   -1
284   676   -1
287   799   -1
284   800   -1
296   368   -1
294   366   -1
294   597   -1
294   1007  -1
300   1288  -1
305   643   -1
307   1026  -1
313   827   -1
314   1678  -1
319   506   -1
322   845   -1
325   1037  -1
328   640   -1
332   1209  -1
332   1294  -1
333   644   -1
334   873   -1
336   619   -1
338   884   -1
340   629   -1
340   921   -1
342   645   -1
345   650   -1
346   788   -1
352   807   -1
356   815   -1
356   1694  -1
357   721   -1
358   1026  -1
361   1347  -1
366   477   -1
366   912   -1
368   1226  -1
370   1033  -1
372   873   -1
375   1018  -1
383   1018  -1
384   482   -1
401   650   -1
402   602   -1
404   1281  -1
404   1796  -1
407   532   -1
409   480   -1
416   937   -1
424   793   -1
423   1031  -1
439   433   -1
440   329   -1
440   515   -1
442   323   -1
442   654   -1
444   906   -1
449   436   -1
448   629   -1
453   525   -1
455   834   -1
457   907   -1
459   570   -1
460   191   -1
461   1455  -1
463   514   -1
465   312   -1
474   643   -1
474   646   -1
476   899   -1
475   1366  -1
481   1383  -1
485   391   -1
486   1046  -1
488   194   -1
488   850   -1
492   1018  -1
496   1044  -1
496   504   -1
499   372   -1
500   867   -1
503   830   -1
504   979   -1
505   641   -1
506   469   -1
506   503   -1
507   1395  -1
511   647   -1
517   361   -1
519   436   -1
519   447   -1
522   866   -1
527   176   -1
527   173   -1
526   336   -1
530   1912  -1
532   968   -1
538   624   -1
539   869   -1
541   862   -1
542   665   -1
547   334   -1
550   727   -1
552   839   -1
551   848   -1
552   325   -1
556   971   -1
555   1230  -1
556   725   -1
557   1507  -1
557   653   -1
557   1713  -1
560   653   -1
560   693   -1
559   848   -1
561   528   -1
560   661   -1
561   665   -1
562   638   -1
564   1070  -1
566   397   -1
566   775   -1
566   707   -1
566   1355  -1
567   1719  -1
566   1924  -1
569   788   -1
573   278   -1
573   298   -1
573   656   -1
574   712   -1
575   746   -1
575   850   -1
576   587   -1
577   385   -1
579   1004  -1
578   1176  -1
586   782   -1
587   532   -1
589   1337  -1
591   57    -1
590   1029  -1
592   803   -1
592   558   -1
593   829   -1
596   1537  -1
597   818   -1
596   1581  -1
598   641   -1
598   824   -1
599   919   -1
605   316   -1
606   729   -1
608   840   -1
607   974   -1
609   305   -1
611   1882  -1
613   602   -1
613   679   -1
613   945   -1
617   25    -1
619   638   -1
621   1277  -1
621   1005  -1
624   735   -1
625   809   -1
626   84    -1
626   1899  -1
628   326   -1
629   583   -1
632   567   -1
634   759   -1
634   1057  -1
635   470   -1
637   478   -1
639   794   -1
640   1885  -1
642   1882  -1
642   366   -1
649   1821  -1
653   394   -1
652   727   -1
654   1899  -1
655   907   -1
660   33    -1
660   634   -1
661   305   -1
661   401   -1
662   801   -1
662   878   -1
663   498   -1
665   1076  -1
665   333   -1
668   994   -1
669   303   -1
670   402   -1
672   814   -1
673   1000  -1
675   1015  -1
677   532   -1
678   1053  -1
683   834   -1
685   678   -1
688   735   -1
691   79    -1
693   780   -1
698   461   -1
702   997   -1
703   580   -1
708   744   -1
708   1010  -1
711   904   -1
715   725   -1
715   984   -1
719   1768  -1
719   243   -1
721   971   -1
724   339   -1
724   1313  -1
724   934   -1
731   429   -1
733   564   -1
735   480   -1
735   394   -1
744   903   -1
745   579   -1
746   494   -1
747   1022  -1
758   603   -1
761   214   -1
765   84    -1
765   184   -1
768   887   -1
769   838   -1
781   1255  -1
780   1310  -1
781   876   -1
787   154   -1
787   1005  -1
787   1305  -1
792   951   -1
792   367   -1
793   393   -1
792   1178  -1
793   1348  -1
796   869   -1
796   964   -1
803   975   -1
805   890   -1
809   992   -1
812   970   -1
817   937   -1
819   1358  -1
820   974   -1
822   1352  -1
823   446   -1
826   1392  -1
832   1314  -1
840   180   -1
843   960   -1
862   1457  -1
867   1057  -1
872   1472  -1
875   713   -1
882   89    -1
882   921   -1
889   1288  -1
888   1514  -1
891   812   -1
901   1044  -1
902   651   -1
906   258   -1
909   496   -1
912   1278  -1
912   1027  -1
920   1376  -1
921   1018  -1
922   636   -1
922   1381  -1
924   494   -1
927   383   -1
928   463   -1
927   1419  -1
934   1516  -1
935   999   -1
936   1326  -1
941   1624  -1
944   491   -1
947   1080  -1
948   1033  -1
960   847   -1
969   271   -1
973   871   -1
977   1063  -1
985   790   -1
984   887   -1
984   1341  -1
988   687   -1
987   1424  -1
990   923   -1
989   1568  -1
1001  806   -1
1000  1187  -1
1007  804   -1
1012  1461  -1
1019  894   -1
1022  1166  -1
1026  911   -1
1026  1363  -1
1029  871   -1
1040  585   -1
1045  1212  -1
1055  1642  -1
1056  1627  -1
1058  984   -1
1058  1499  -1
1065  1661  -1
1071  962   -1
1073  929   -1
1073  1361  -1
1075  940   -1
1082  1042  -1
1090  996   -1
1092  961   -1
1099  1390  -1
1103  1512  -1
1106  986   -1
1106  1083  -1
1112  1533  -1
1112  1690  -1
1115  349   -1
1117  1083  -1
1121  1093  -1
1121  1542  -1
1125  1087  -1
1136  1076  -1
1138  1069  -1
1146  1794  -1
1150  1083  -1
1151  1096  -1
1158  1025  -1
1160  978   -1
1159  1802  -1
1165  1398  -1
1167  1044  -1
1178  997   -1
1183  1700  -1
1184  662   -1
1184  1851  -1
1188  1834  -1
1194  1021  -1
1197  649   -1
1199  1870  -1
1203  1026  -1
1207  1086  -1
1215  636   -1
1216  1159  -1
1225  1177  -1
1224  649   -1
1224  1645  -1
1249  307   -1
1251  332   -1
1258  1548  -1
1263  1123  -1
1264  1109  -1
1272  1594  -1
1279  1548  -1
1283  1058  -1
1289  1124  -1
1293  1081  -1
1296  1051  -1
1298  1569  -1
1300  1141  -1
1304  1154  -1
1322  1161  -1
1348  1249  -1
1351  1269  -1
1352  1224  -1
1360  1211  -1
1378  1294  -1
1380  1617  -1
1380  1625  -1
1411  1626  -1
1413  1134  -1
1422  1403  -1
1425  1358  -1
1427  1658  -1
1431  1257  -1
1431  1254  -1
1437  1383  -1
1440  1261  -1
1449  1558  -1
1449  1722  -1
1464  1695  -1
1468  1692  -1
1469  1751  -1
1472  1274  -1
1485  1699  -1
1491  1288  -1
1495  1864  -1
1498  1479  -1
1507  246   -1
1520  1605  -1
1522  1767  -1
1526  1631  -1
1542  451   -1
1552  1571  -1
1554  1567  -1
1554  437   -1
1562  438   -1
1568  427   -1
1580  1808  -1
1584  1576  -1
1597  1566  -1
1601  1804  -1
1606  367   -1
1606  1802  -1
1618  1629  -1
1624  1531  -1
1633  1533  -1
1641  1704  -1
1649  321   -1
1656  1706  -1
1658  1733  -1
1659  1652  -1
1661  1924  -1
1661  1546  -1
1674  1551  -1
1676  328   -1
1683  1600  -1
1688  344   -1
1689  1769  -1
1692  1596  -1
1704  1702  -1
1727  1559  -1
1740  1614  -1
1742  1167  -1
1743  783   -1
1749  1169  -1
1753  1118  -1
1765  1585  -1
1765  1185  -1
1768  1208  -1
1772  1691  -1
1775  1220  -1
1780  1633  -1
1780  1626  -1
1783  1234  -1
1792  1262  -1
1801  1261  -1
1808  1294  -1
1860  1728  -1
1911  1269  -1
1933  1181  -1
1939  1037  -1
1942  788   -1
1949  1239  -1
1952  1240  -1
1952  843   -1
1975  1236  -1
1978  999   -1
1998  641   -1
38    942   0
37    943   0
38    956   1
37    957   1
274   786   2
276   786   2
345   635   3
344   634   3
393   533   4
394   534   4
478   1402  5
478   1403  5
496   1425  6
496   1424  6
581   296   7
581   295   7
896   193   8
895   192   8
1423  219   9
1423  220   9
25    818   10
24    816   10
26    1213  11
28    1214  11
32    962   12
30    962   12
28    960   12
33    961   12
30    959   12
28    962   12
34    959   12
50    950   13
48    950   13
50    952   13
47    950   13
233   773   14
232   771   14
234   775   14
277   1038  15
275   1037  15
290   785   16
290   783   16
293   1249  17
293   1250  17
343   162   18
341   161   18
350   893   19
350   893   19
353   888   20
352   888   20
353   731   21
354   729   21
356   1020  22
355   1019  22
365   945   23
365   947   23
374   804   24
372   804   24
373   961   25
375   962   25
376   1338  26
378   1338  26
377   1002  27
379   1002  27
384   656   28
383   654   28
385   487   29
385   489   29
386   880   30
385   879   30
388   1253  31
388   1255  31
390   465   32
389   464   32
391   467   32
400   1798  33
401   1796  33
406   762   34
408   763   34
405   761   34
407   652   35
406   652   35
407   1258  36
406   1258  36
409   1032  37
409   1032  37
411   930   38
410   929   38
419   856   39
419   855   39
418   1464  40
418   1463  40
421   1018  41
419   1018  41
424   1038  42
425   1039  42
428   999   43
428   999   43
429   436   44
430   434   44
432   818   45
430   818   45
435   1385  46
436   1384  46
439   876   47
439   876   47
446   1042  48
447   1041  48
450   839   49
450   839   49
450   1019  50
449   1018  50
471   844   51
473   844   51
470   844   51
479   519   52
477   518   52
482   817   53
483   818   53
483   831   54
482   831   54
483   846   55
484   845   55
492   1026  56
491   1027  56
497   1421  57
497   1421  57
512   849   58
512   847   58
515   1029  59
515   1029  59
516   666   60
517   668   60
522   400   61
522   401   61
524   626   62
526   627   62
530   804   63
531   805   63
536   799   64
538   800   64
536   800   64
541   853   65
542   853   65
543   1457  66
543   1457  66
544   777   67
544   777   67
545   815   68
545   813   68
551   843   69
551   843   69
557   999   70
557   1000  70
559   524   71
560   523   71
561   525   71
563   789   72
563   789   72
564   833   73
564   833   73
566   784   74
566   784   74
568   807   75
567   806   75
569   600   76
570   600   76
572   424   77
571   424   77
572   1918  78
571   1919  78
576   815   79
574   815   79
577   295   80
578   297   80
577   1333  81
576   1333  81
576   1364  82
577   1365  82
577   1353  83
577   1354  83
578   628   84
579   630   84
579   850   85
580   849   85
581   1327  86
581   1327  86
583   669   87
583   670   87
585   1602  88
586   1600  88
587   813   89
588   812   89
590   1191  90
589   1192  90
594   1061  91
595   1061  91
596   1016  92
596   1016  92
599   807   93
598   806   93
599   807   93
598   806   93
598   807   93
602   291   94
601   289   94
602   821   95
603   821   95
604   844   96
604   844   96
606   1018  97
604   1017  97
608   621   98
608   622   98
607   620   98
608   405   99
609   406   99
610   716   100
611   717   100
610   725   101
611   725   101
610   725   101
611   727   101
611   780   102
611   780   102
614   585   103
615   586   103
616   651   104
614   652   104
617   651   104
615   770   105
615   769   105
618   627   106
617   628   106
619   629   106
618   631   106
619   633   106
619   509   107
620   509   107
620   303   108
620   302   108
624   303   109
625   304   109
622   765   110
621   766   110
628   664   111
629   665   111
639   486   112
639   485   112
640   761   113
640   761   113
642   838   114
641   838   114
643   839   114
644   657   115
643   656   115
646   1086  116
647   1085  116
651   495   117
650   494   117
654   600   118
654   599   118
655   400   119
656   401   119
656   1009  120
655   1010  120
661   806   121
660   805   121
663   480   122
662   479   122
666   729   123
664   729   123
668   830   124
667   830   124
669   788   125
669   788   125
669   788   125
670   819   126
669   819   126
670   820   126
670   934   127
670   934   127
669   934   127
671   935   127
669   933   127
669   935   127
670   749   128
670   750   128
675   1030  129
675   1030  129
678   740   130
677   740   130
677   1038  131
677   1038  131
680   839   132
680   840   132
685   856   133
685   856   133
686   729   134
685   728   134
687   771   135
686   771   135
689   989   136
688   988   136
688   777   137
689   778   137
695   664   138
694   663   138
695   788   139
693   788   139
694   841   140
694   840   140
698   725   141
698   725   141
699   754   142
698   754   142
699   862   143
700   862   143
704   812   144
705   813   144
704   812   144
706   775   145
706   775   145
709   771   146
708   770   146
709   770   146
710   736   147
710   736   147
711   642   148
711   642   148
714   225   149
714   225   149
718   886   150
718   887   150
719   486   151
718   484   151
719   769   152
720   769   152
720   783   153
719   783   153
720   841   154
720   842   154
721   826   155
721   826   155
725   484   156
724   484   156
725   1102  157
726   1101  157
725   1102  157
725   223   158
725   221   158
726   891   159
726   890   159
725   1143  160
725   1142  160
728   469   161
728   468   161
731   1031  162
730   1030  162
734   697   163
735   697   163
736   844   164
736   844   164
741   331   165
740   330   165
740   854   166
740   854   166
741   218   167
741   220   167
744   707   168
745   707   168
745   706   168
750   1180  169
750   1180  169
751   668   170
751   668   170
750   666   170
751   896   171
751   896   171
751   895   171
755   403   172
755   405   172
756   717   173
756   717   173
757   581   174
757   581   174
760   1173  175
760   1174  175
766   698   176
766   699   176
766   904   177
767   905   177
768   928   178
769   927   178
769   1243  179
770   1242  179
769   1243  179
770   431   180
770   433   180
772   846   181
772   847   181
774   970   182
773   971   182
773   1181  183
773   1181  183
775   466   184
774   467   184
776   884   185
775   883   185
776   1132  186
774   1133  186
780   1154  187
779   1153  187
781   449   188
781   449   188
789   935   189
789   935   189
788   934   189
791   594   190
790   594   190
791   1132  191
790   1131  191
793   731   192
793   731   192
797   891   193
797   891   193
801   1275  194
800   1274  194
801   1275  194
803   1362  195
804   1362  195
809   944   196
809   944   196
810   967   197
812   967   197
813   1219  198
812   1218  198
815   1193  199
816   1194  199
819   721   200
819   721   200
820   1355  201
820   1355  201
821   458   202
822   459   202
827   1407  203
827   1406  203
832   45    204
831   46    204
832   1196  205
831   1196  205
832   1412  206
833   1414  206
833   1420  207
833   1419  207
834   895   208
834   895   208
835   896   208
835   718   209
836   718   209
839   1264  210
839   1264  210
841   1279  211
840   1279  211
842   912   212
843   913   212
840   913   212
841   1072  213
841   1072  213
843   1438  214
843   1437  214
844   1181  215
844   1183  215
844   1414  216
844   1414  216
845   1209  217
845   1211  217
847   932   218
848   934   218
847   932   218
849   977   219
849   977   219
849   977   219
855   740   220
855   740   220
857   959   221
858   960   221
865   1430  222
865   1431  222
865   1439  223
866   1437  223
865   1439  223
867   926   224
867   926   224
868   224   225
869   226   225
872   414   226
870   415   226
882   656   227
884   655   227
883   940   228
883   939   228
884   750   229
883   751   229
892   931   230
892   931   230
892   1170  231
892   1169  231
892   1170  231
893   1456  232
893   1457  232
895   1495  233
894   1497  233
897   1273  234
899   1273  234
903   279   235
904   281   235
904   745   236
904   745   236
904   519   237
904   519   237
911   361   238
911   361   238
912   962   239
912   963   239
911   962   239
913   1544  240
914   1545  240
913   811   241
915   811   241
915   953   242
914   954   242
916   972   243
915   972   243
916   1310  244
916   1310  244
916   1452  245
916   1453  245
922   992   246
922   992   246
923   550   247
924   551   247
926   1181  248
926   1181  248
926   1538  249
926   1537  249
928   1548  250
928   1548  250
929   674   251
929   674   251
929   674   251
932   641   252
931   641   252
933   773   253
933   773   253
938   746   254
938   747   254
942   1007  255
942   1007  255
948   641   256
948   643   256
948   1345  257
948   1345  257
950   675   258
950   675   258
951   445   259
951   446   259
955   1589  260
955   1590  260
957   1368  261
957   1367  261
958   1060  262
958   1062  262
959   1528  263
959   1528  263
960   712   264
961   712   264
960   714   264
960   762   265
960   762   265
967   1047  266
969   1048  266
970   1640  267
970   1640  267
971   723   268
971   723   268
976   1522  269
976   1521  269
976   1522  269
976   1521  269
976   1522  269
978   769   270
977   769   270
978   1060  271
978   1060  271
979   1069  272
979   1070  272
983   466   273
984   467   273
986   784   274
986   785   274
986   881   275
986   883   275
988   290   276
988   290   276
988   775   277
987   776   277
999   325   278
1000  326   278
998   814   279
999   814   279
999   1501  280
998   1501  280
1005  1060  281
1006  1059  281
1005  1412  282
1005  1412  282
1011  830   283
1012  831   283
1010  920   284
1011  920   284
1013  815   285
1014  815   285
1014  851   286
1013  852   286
1014  1374  287
1015  1373  287
1015  1603  288
1015  1603  288
1016  1064  289
1017  1065  289
1021  783   290
1022  782   290
1024  831   291
1022  831   291
1024  831   291
1021  831   291
1023  961   292
1024  962   292
1024  976   293
1023  976   293
1025  907   294
1025  908   294
1028  366   295
1028  365   295
1029  974   296
1028  975   296
1029  1088  297
1029  1086  297
1035  904   298
1035  903   298
1036  897   299
1035  896   299
1039  1059  300
1038  1060  300
1038  1058  300
1043  950   301
1042  949   301
1045  1238  302
1046  1237  302
1047  987   303
1047  984   303
1047  987   303
1048  985   303
1049  1092  304
1049  1092  304
1050  1226  305
1049  1225  305
1052  996   306
1052  997   306
1053  996   306
1060  1001  307
1059  1000  307
1060  1378  308
1059  1379  308
1060  978   309
1060  978   309
1067  1082  310
1067  1082  310
1070  1030  311
1069  1031  311
1071  1028  311
1070  996   312
1070  995   312
1072  1205  313
1071  1205  313
1075  978   314
1076  978   314
1076  1020  315
1076  1021  315
1076  1020  315
1078  1035  316
1078  1035  316
1078  1057  317
1079  1057  317
1078  1058  317
1082  1001  318
1083  1002  318
1084  980   319
1084  980   319
1085  1035  320
1085  1035  320
1096  972   321
1096  971   321
1098  1062  322
1097  1061  322
1099  1063  322
1097  941   323
1098  941   323
1102  998   324
1102  998   324
1104  906   325
1105  905   325
1107  1051  326
1108  1051  326
1107  1051  326
1113  1097  327
1112  1096  327
1113  1097  327
1113  975   328
1113  975   328
1113  1101  329
1113  1102  329
1116  1021  330
1116  1021  330
1119  1319  331
1120  1320  331
1123  1103  332
1122  1101  332
1124  1052  333
1123  1052  333
1128  987   334
1127  987   334
1129  1103  335
1130  1102  335
1131  325   336
1132  325   336
1131  1037  337
1131  1036  337
1135  1020  338
1133  1020  338
1144  1056  339
1144  1057  339
1144  1118  340
1144  1118  340
1145  1118  340
1161  1068  341
1160  1069  341
1162  1043  342
1162  1044  342
1161  1043  342
1162  1380  343
1162  1381  343
1168  1283  344
1166  1283  344
1177  1035  345
1177  1034  345
1177  1035  345
1177  1126  346
1178  1127  346
1179  1125  346
1179  1102  347
1178  1101  347
1180  1277  348
1181  1277  348
1183  337   349
1183  338   349
1183  1048  350
1182  1048  350
1188  338   351
1188  338   351
1199  1067  352
1199  1068  352
1203  1221  353
1203  1222  353
1208  1055  354
1210  1055  354
1211  1054  354
1208  1054  354
1211  1237  355
1211  1239  355
1217  1037  356
1218  1037  356
1217  1055  357
1218  1055  357
1219  1159  358
1219  1159  358
1220  1218  359
1222  1217  359
1222  328   360
1222  330   360
1225  1200  361
1226  1201  361
1235  1198  362
1236  1198  362
1236  1203  363
1236  1203  363
1240  1164  364
1240  1164  364
1253  1115  365
1252  1115  365
1260  1134  366
1259  1133  366
1260  1046  367
1261  1047  367
1267  1134  368
1267  1134  368
1271  1852  369
1271  1852  369
1274  1070  370
1273  1071  370
1275  1096  371
1274  1097  371
1278  1172  372
1279  1171  372
1278  1172  372
1284  1041  373
1283  1041  373
1286  297   374
1286  297   374
1294  1123  375
1293  1124  375
1301  1057  376
1301  1058  376
1301  1057  376
1320  1068  377
1319  1068  377
1327  1175  378
1326  1176  378
1345  1187  379
1345  1186  379
1353  1097  380
1353  1097  380
1356  1096  381
1356  1096  381
1359  1225  382
1359  1225  382
1359  1225  382
1359  1225  382
1360  1207  383
1360  1207  383
1362  248   384
1363  250   384
1370  1231  385
1370  1229  385
1369  1231  385
1371  1228  385
1372  1617  386
1371  1618  386
1374  1096  387
1373  1096  387
1383  1554  388
1385  1554  388
1389  1318  389
1389  1318  389
1397  1250  390
1398  1249  390
1416  1247  391
1414  1246  391
1450  1143  392
1450  1143  392
1455  1251  393
1455  1251  393
1456  1274  394
1457  1275  394
1470  1464  395
1468  1464  395
1476  1559  396
1478  1559  396
1478  456   397
1479  455   397
1478  456   397
1498  1870  398
1498  1871  398
1515  1654  399
1514  1654  399
1526  1305  400
1526  1305  400
1525  1316  401
1526  1315  401
1533  1322  402
1535  1323  402
1553  1610  403
1552  1609  403
1644  1730  404
1644  1730  404
1642  1729  404
1645  1731  404
1691  368   405
1690  371   405
1689  373   405
1692  370   405
1743  1183  406
1741  1183  406
1920  1218  407
1918  1218  407