# Filename: CLN3-561nm_416_ctrl_60x_014.tif
# Puncta radius (pixels): 1.3888888888888888
# Puncta radius (nm): (150, 150)
# Cluster radius (nm): 300
# Min puncta per cluster: 2
# Voxel size (nm): (108, 108, 200)
Y     X
22    809
29    1486
45    705
72    605
72    642
79    282
83    1446
90    280
103   287
103   1039
118   1066
128   1402
131   234
136   306
146   411
149   373
156   503
157   280
159   243
160   514
161   380
164   346
165   389
165   517
166   319
166   358
169   219
169   521
170   227
174   257
177   223
180   252
182   359
182   396
187   193
190   421
191   143
191   342
198   782
201   305
202   230
205   500
213   405
217   408
219   390
221   222
222   200
225   307
245   707
258   506
265   576
268   458
282   601
285   166
291   191
291   604
296   507
298   167
301   463
305   387
308   310
310   55
313   394
314   483
323   168
328   65
331   490
342   151
346   152
351   150
355   463
366   121
370   466
375   123
378   103
380   173
383   134
389   72
394   72
394   213
396   113
411   117
412   25
415   238
418   174
425   160
426   227
427   219
427   262
433   144
443   277
448   111
452   200
452   282
453   650
456   190
456   644
460   269
464   286
466   649
474   58
476   278
480   659
481   670
484   663
485   76
486   294
487   279
488   291
490   650
494   675
495   291
503   31
506   174
509   249
517   296
520   965
520   1026
522   203
522   677
523   973
523   1238
525   683
528   316
529   198
529   926
530   660
531   953
532   668
535   663
538   322
542   305
542   691
546   1224
547   298
547   327
548   890
550   926
556   1010
556   1226
556   1239
557   12
557   930
560   989
561   33
562   673
562   998
563   939
565   917
565   1066
566   289
566   1195
567   1015
568   991
568   1226
569   202
569   292
569   889
569   935
569   949
569   956
570   1084
571   1220
572   696
573   1231
574   691
574   991
575   1174
576   319
576   962
576   974
577   338
577   977
578   930
578   948
580   993
580   1200
581   898
581   917
582   678
582   906
583   1189
586   1057
586   1168
587   955
587   979
587   1190
590   1184
592   884
593   877
593   952
594   853
594   880
594   988
595   966
597   685
597   852
598   1169
598   1206
599   352
599   903
600   1116
603   340
603   1078
603   1156
604   895
604   1144
606   1141
607   938
607   1197
608   844
608   984
608   1075
608   1157
608   1171
608   1189
609   1210
610   857
610   866
610   969
611   335
611   892
611   921
611   994
611   1080
612   308
612   1131
613   817
613   914
613   966
613   983
613   1045
614   682
614   957
614   1018
614   1128
616   861
616   874
616   999
616   1176
617   1028
617   1126
617   1152
620   1069
622   718
622   1003
623   1074
624   1007
625   344
625   1060
625   1147
626   825
626   847
626   920
628   793
628   1085
629   835
629   891
629   1098
630   706
630   772
630   1009
630   1042
630   1080
631   823
631   1200
632   1071
633   860
633   933
634   799
634   829
635   733
635   810
637   1190
639   1027
640   1107
641   945
641   1193
643   875
643   1006
643   1163
645   732
646   358
647   456
647   935
647   1022
648   1112
648   1150
650   751
650   907
650   1066
651   466
651   782
651   1036
652   1089
652   1187
653   798
653   1137
654   641
655   832
656   842
656   953
656   1189
657   1064
657   1095
658   1203
658   1245
659   752
660   396
660   655
660   812
660   1027
660   1068
661   444
661   1121
662   466
662   1139
663   1010
663   1170
663   1211
667   1143
668   684
668   1239
669   626
669   1127
670   823
671   58
671   699
671   762
672   677
672   1013
673   574
673   1246
674   1023
675   38
675   1002
676   1092
677   694
677   767
677   1018
677   1233
678   956
679   1213
680   1003
680   1282
681   1035
681   1049
682   589
683   365
683   943
684   559
684   751
684   769
687   629
687   969
688   616
689   1089
689   1156
690   879
690   1000
690   1282
691   787
692   46
692   947
693   939
693   996
693   1147
696   1041
698   762
698   913
699   28
699   608
700   756
700   808
700   849
700   1119
701   1336
702   1030
702   1349
703   1269
704   748
704   760
704   1140
705   915
706   851
708   860
708   982
708   1062
709   369
709   572
709   1165
709   1339
710   354
710   935
710   1305
711   614
711   721
711   791
711   865
711   1176
711   1326
713   568
713   961
715   840
715   1340
716   814
716   1281
716   1348
718   666
718   964
719   823
719   1113
720   329
720   843
720   916
720   948
720   1004
720   1306
721   795
722   601
722   934
723   591
723   956
723   1144
724   943
725   757
725   1346
726   876
726   1130
727   762
728   1025
728   1219
728   1315
729   654
729   931
729   1011
729   1256
729   1364
730   799
730   865
730   911
730   1200
730   1209
731   810
731   875
731   889
731   1017
731   1269
732   759
732   1166
732   1333
733   848
734   641
734   858
734   935
734   1184
735   355
735   369
735   815
735   1341
736   993
737   751
737   1162
737   1169
737   1189
738   1085
738   1135
739   841
739   900
739   1252
739   1277
740   857
740   912
740   1111
741   752
741   853
742   747
742   934
744   742
745   332
745   1166
745   1337
746   570
746   673
747   899
747   954
748   661
748   721
748   1348
749   587
749   1143
749   1353
750   362
753   845
754   743
755   1079
755   1434
756   966
758   788
758   916
758   955
758   1489
759   564
759   700
759   810
759   862
760   353
760   934
760   1226
761   556
761   1397
762   687
762   1265
764   779
764   910
765   579
765   650
766   678
766   872
767   1527
768   0
768   683
768   1341
769   657
769   1272
770   891
771   909
771   1241
772   363
772   568
772   943
772   988
773   7
773   937
774   896
774   1184
775   549
775   771
775   869
776   650
777   631
777   803
778   736
778   1290
779   378
779   1039
779   1285
779   1316
779   1325
781   357
781   692
782   552
782   1354
783   363
783   836
784   383
784   1331
785   42
785   582
785   727
785   828
785   1356
787   323
787   360
787   646
787   954
787   979
788   874
788   1336
789   1301
789   1361
790   649
790   729
790   836
791   1324
791   1899
792   534
793   361
793   960
793   1034
793   1308
793   1359
794   0
794   357
794   917
794   1297
794   1353
795   578
795   806
795   1337
796   440
796   587
796   1320
797   615
797   939
797   1313
798   522
799   679
800   512
800   1237
800   1288
800   1363
800   1374
801   574
801   726
801   1279
802   809
803   402
803   665
803   1334
804   540
804   720
805   1408
806   574
806   933
807   363
807   872
808   778
808   1131
808   1649
809   750
810   834
810   1370
811   962
811   1261
812   517
812   701
812   813
812   1385
813   784
813   915
813   1430
814   343
814   864
814   1308
814   1356
814   1407
815   1361
815   1385
815   1440
816   1317
816   1375
817   586
817   901
817   1403
818   1134
818   1365
819   1393
819   1397
820   1081
821   1416
822   847
822   887
822   1373
823   877
824   728
824   1430
825   1392
825   1399
825   1457
826   610
826   1420
826   1435
827   636
827   1020
827   1445
828   1137
828   1866
829   1131
829   1294
829   1377
830   321
830   1389
831   504
831   1453
832   524
834   1141
834   1507
835   37
835   542
836   591
836   1117
838   314
839   1020
842   806
842   943
842   1866
843   1362
843   1398
844   514
844   970
844   1045
845   847
847   1147
847   1834
848   808
848   856
849   698
850   945
851   432
851   649
851   977
853   204
853   428
854   504
854   737
854   870
855   615
855   696
855   786
855   832
859   431
859   775
861   326
862   782
863   390
863   433
865   910
865   1028
866   526
866   982
866   1154
867   195
867   1190
868   445
869   74
869   725
870   510
870   703
870   1842
871   781
872   322
872   639
872   750
872   841
873   476
873   790
873   885
873   1408
874   416
874   1424
874   1828
875   875
876   726
876   1401
877   781
878   894
879   331
880   138
880   1180
883   471
883   805
884   30
884   413
884   485
884   518
884   662
885   1121
886   548
886   681
887   672
887   752
888   402
888   597
888   619
888   877
889   936
890   495
891   504
891   951
892   333
892   764
892   1386
893   69
893   308
893   923
893   1123
894   515
894   638
894   657
895   1831
896   452
898   396
898   817
899   38
899   592
899   790
899   982
900   768
900   1358
901   502
901   619
901   886
901   1014
902   413
902   507
902   552
902   976
904   44
905   828
905   857
906   422
907   93
907   475
907   592
907   688
907   819
908   502
908   943
908   1029
908   1322
910   584
910   928
911   465
911   769
911   884
911   964
913   316
913   440
913   776
913   799
913   931
913   944
914   681
914   1789
915   860
915   1002
916   769
916   841
916   1285
916   1794
917   476
917   561
917   921
917   928
918   706
918   795
918   1253
919   88
919   1047
920   115
920   416
920   485
920   868
920   1279
921   556
921   982
921   1232
921   1821
922   547
922   875
923   432
923   928
925   306
925   446
926   231
926   310
926   315
927   794
928   687
928   867
929   321
929   623
929   765
930   96
930   587
930   976
931   220
931   747
931   782
932   474
932   997
932   1106
934   792
935   777
935   1132
935   1388
936   312
936   647
936   1065
936   1265
937   390
937   626
937   728
937   877
937   1114
937   1681
938   861
938   954
938   1198
939   785
939   869
939   1284
939   1815
940   463
940   694
941   562
942   615
942   763
943   320
943   1212
945   492
945   633
945   1045
945   1403
946   451
946   700
946   706
946   1005
946   1626
946   1688
947   1388
948   431
948   508
948   570
948   971
949   123
949   1095
949   1616
950   1074
951   458
951   564
952   402
952   876
952   1144
953   408
953   1665
954   552
954   606
954   644
954   976
955   1682
956   494
956   706
957   467
957   939
957   1522
958   98
958   697
958   745
958   1153
958   1178
959   767
960   351
960   1730
961   406
961   638
961   876
962   695
962   840
962   959
963   886
963   1172
963   1236
964   733
964   1255
965   981
966   470
966   721
967   1049
967   1720
968   475
968   665
968   698
968   778
968   785
969   1105
969   1175
969   1399
970   505
970   791
970   820
970   841
971   611
972   457
973   267
973   320
973   449
973   889
973   973
974   790
974   804
974   917
974   1586
975   384
975   391
975   495
975   594
975   676
976   564
976   894
976   1287
977   445
977   488
977   570
977   616
977   841
977   1475
978   473
978   730
979   298
979   325
979   900
980   517
980   679
980   906
981   1221
981   1548
982   176
982   327
982   897
983   311
983   624
984   152
984   422
984   1404
984   1509
984   1581
985   1210
986   1217
986   1394
987   628
987   843
987   1009
987   1475
988   496
988   881
988   1002
988   1487
989   476
989   564
989   571
989   677
989   702
990   649
990   672
990   725
991   712
991   794
991   1236
992   321
992   732
993   873
993   883
993   1010
993   1287
994   449
994   749
994   822
994   1173
994   1281
994   1456
995   1069
996   469
997   511
997   701
997   1359
998   80
998   526
998   857
1001  481
1001  1107
1001  1289
1001  1481
1001  2047
1002  630
1002  1003
1002  1014
1002  1592
1003  450
1003  465
1003  496
1003  575
1003  682
1003  999
1003  1133
1004  546
1004  587
1004  694
1005  1008
1006  1021
1006  1041
1006  1116
1006  1587
1007  199
1007  211
1007  862
1007  1017
1007  1314
1008  1049
1009  566
1009  616
1009  636
1009  770
1009  1086
1010  559
1010  631
1011  852
1011  1117
1012  592
1012  892
1013  830
1013  881
1013  1078
1014  310
1014  1593
1015  655
1015  1377
1015  1398
1016  534
1016  722
1016  753
1016  854
1017  336
1017  680
1017  699
1017  1108
1018  505
1018  646
1018  650
1018  826
1019  981
1021  181
1021  666
1021  753
1021  1066
1022  541
1022  657
1022  1053
1022  1127
1022  1314
1023  337
1023  431
1023  873
1024  322
1024  413
1024  587
1024  832
1025  1043
1026  342
1026  482
1026  858
1027  626
1027  1022
1027  1049
1027  1149
1027  1328
1028  661
1028  1060
1028  1132
1029  473
1029  723
1029  1066
1031  790
1031  817
1031  1007
1031  1321
1031  1985
1032  388
1032  476
1032  642
1033  353
1033  743
1033  1016
1034  1519
1035  598
1035  835
1035  1130
1036  617
1036  661
1036  894
1036  1579
1037  879
1037  1054
1038  359
1038  609
1038  708
1038  1221
1038  1524
1039  454
1039  929
1039  993
1039  1100
1040  789
1040  834
1040  1063
1041  507
1041  672
1042  653
1043  466
1043  474
1043  662
1043  698
1043  758
1043  1038
1044  353
1044  1339
1044  1532
1045  1120
1045  1351
1045  1841
1046  124
1046  365
1046  460
1046  1114
1046  1249
1047  652
1047  1086
1047  1110
1048  758
1049  740
1049  903
1049  929
1049  1057
1050  571
1050  728
1050  1260
1050  1267
1050  1285
1051  468
1051  653
1051  1035
1052  1173
1052  1954
1053  657
1053  986
1054  634
1054  668
1055  104
1055  304
1055  601
1055  1358
1055  1363
1056  647
1056  840
1056  1214
1057  583
1057  728
1057  1448
1057  1517
1058  459
1058  683
1058  809
1058  1126
1059  382
1059  467
1059  793
1059  1026
1060  389
1060  529
1060  731
1060  987
1060  1552
1061  297
1061  1641
1062  1109
1063  796
1063  871
1063  1324
1064  201
1064  1363
1065  398
1065  615
1065  725
1066  285
1066  810
1067  693
1067  1092
1068  305
1068  634
1068  909
1068  1054
1068  1327
1069  44
1069  545
1069  714
1069  1228
1069  1907
1070  299
1071  384
1071  477
1071  774
1071  998
1072  540
1072  1140
1073  977
1074  605
1074  738
1074  1046
1074  1289
1074  1624
1075  1336
1077  394
1077  1300
1077  1470
1078  383
1078  905
1078  1331
1079  1079
1080  1197
1081  697
1081  897
1081  939
1081  998
1082  298
1082  625
1082  660
1082  1662
1083  1404
1083  1977
1084  470
1084  648
1084  918
1084  1140
1085  814
1085  846
1085  893
1085  1396
1087  26
1088  292
1088  473
1088  1040
1088  1193
1089  886
1089  1408
1090  617
1090  625
1090  630
1090  1253
1091  395
1091  479
1091  1037
1091  1221
1093  455
1094  830
1094  902
1094  1078
1095  214
1095  528
1095  1293
1096  956
1096  1831
1097  598
1097  800
1097  1184
1097  1301
1098  1271
1098  1410
1099  776
1099  980
1100  851
1101  614
1101  1168
1102  345
1102  1142
1102  1423
1102  1496
1102  2032
1103  1231
1105  8
1105  603
1105  724
1105  796
1106  462
1106  1042
1106  1046
1107  395
1107  620
1107  648
1107  1401
1108  791
1108  1989
1109  803
1109  818
1109  1366
1109  2023
1110  1549
1110  1818
1111  1035
1111  1374
1112  468
1112  599
1112  813
1112  947
1112  1014
1112  1523
1113  648
1113  1530
1114  1381
1115  1071
1116  784
1116  864
1116  980
1116  1172
1116  1960
1117  394
1117  754
1117  1061
1117  1482
1118  433
1118  637
1118  1127
1118  1831
1119  645
1119  906
1119  1082
1119  1180
1119  1340
1120  946
1120  1157
1120  1951
1121  1168
1121  1436
1122  530
1122  1480
1123  607
1123  1607
1123  1941
1125  444
1125  450
1125  1533
1126  332
1126  537
1126  1145
1127  1403
1127  1470
1127  1525
1128  953
1128  1659
1128  1893
1129  1538
1130  1522
1131  873
1131  1909
1132  15
1132  409
1132  967
1132  1129
1132  1153
1133  809
1134  640
1134  659
1134  1475
1134  1630
1135  1512
1135  1578
1136  768
1137  1190
1137  1403
1138  449
1138  1556
1138  1953
1139  590
1139  645
1139  685
1139  1475
1140  0
1140  639
1140  1860
1141  543
1141  780
1141  1285
1142  420
1142  533
1142  1010
1143  656
1143  1167
1144  1155
1144  1809
1145  1518
1146  765
1146  1087
1147  444
1147  1101
1148  726
1148  781
1148  1528
1148  1544
1149  427
1149  632
1150  365
1150  1502
1150  1523
1150  1547
1151  303
1151  997
1152  673
1153  404
1153  929
1153  1215
1154  679
1154  688
1155  639
1155  1787
1156  309
1156  335
1156  1573
1156  1846
1157  304
1157  425
1157  1592
1158  289
1158  1486
1159  469
1159  1526
1160  556
1160  988
1160  998
1160  1612
1162  358
1162  635
1162  1823
1163  294
1163  321
1163  341
1164  646
1165  291
1165  584
1166  415
1166  857
1167  558
1167  932
1168  577
1170  1084
1170  1881
1171  1037
1171  1486
1172  281
1172  316
1172  639
1174  715
1174  1160
1175  631
1175  700
1175  1752
1176  342
1176  587
1176  1259
1176  1868
1177  692
1177  917
1177  1595
1178  245
1178  255
1178  553
1178  619
1178  880
1178  1530
1179  1480
1179  1487
1179  1623
1180  614
1180  721
1180  1460
1181  276
1181  1168
1182  1885
1183  1146
1184  235
1184  240
1184  869
1184  1802
1185  695
1185  732
1185  1465
1185  1816
1186  1431
1187  1253
1187  1489
1187  1712
1188  248
1188  501
1189  664
1189  702
1189  1213
1189  1395
1190  670
1190  1368
1190  1505
1190  1672
1191  630
1191  1050
1191  1179
1191  1446
1191  1847
1192  1466
1193  1252
1193  1724
1194  970
1194  1711
1195  696
1196  610
1196  1417
1197  1023
1197  1170
1197  1616
1198  1312
1200  1474
1201  935
1201  1112
1201  1157
1201  1446
1202  233
1202  590
1202  1091
1202  1681
1203  241
1203  755
1203  1268
1203  1332
1204  779
1204  1240
1204  1263
1204  1297
1204  1836
1205  248
1205  600
1205  1759
1206  928
1207  725
1207  1521
1208  982
1208  1844
1209  484
1210  743
1210  769
1210  1129
1210  1274
1210  1754
1210  1788
1211  514
1211  1223
1211  1239
1212  721
1212  1102
1212  1258
1212  1775
1213  681
1213  1379
1213  1426
1213  1739
1214  1316
1214  1860
1216  529
1217  1258
1218  933
1218  1742
1219  593
1219  692
1220  522
1220  745
1221  239
1221  960
1221  1333
1222  223
1222  1017
1223  646
1223  1737
1224  1205
1224  1764
1225  624
1225  958
1226  776
1226  795
1226  1326
1227  1332
1227  1370
1229  239
1229  517
1229  1149
1229  1377
1230  1605
1231  1617
1232  1397
1233  651
1234  1209
1234  1332
1235  712
1235  1517
1236  224
1236  1427
1236  1443
1237  172
1237  771
1237  1098
1237  1650
1238  1010
1238  1504
1239  402
1240  1115
1240  1373
1241  660
1241  977
1242  167
1242  746
1242  972
1242  1414
1243  1518
1243  1672
1244  721
1244  1703
1245  552
1245  667
1246  1743
1247  603
1247  741
1247  754
1248  654
1248  1357
1248  1654
1249  1129
1249  1687
1250  1788
1251  232
1251  665
1251  800
1252  1476
1253  1688
1254  1067
1254  1168
1254  1677
1254  1781
1255  589
1255  1057
1255  1278
1256  1964
1257  1047
1257  1218
1258  249
1258  785
1258  1384
1259  1251
1259  1536
1260  222
1260  1068
1262  646
1262  1437
1262  1441
1263  786
1263  1222
1263  1405
1263  1664
1264  234
1264  1097
1265  148
1265  1282
1265  1653
1265  1715
1266  1276
1267  1265
1267  1402
1268  982
1268  1316
1268  1466
1269  125
1270  137
1270  1341
1270  1449
1270  1695
1272  1701
1273  690
1273  855
1273  1336
1273  1672
1273  1949
1274  113
1274  1444
1275  723
1275  759
1276  712
1276  814
1276  1075
1276  1304
1276  1571
1277  242
1277  681
1277  1468
1277  1744
1279  87
1279  715
1279  1454
1280  59
1280  703
1280  784
1281  897
1281  1333
1281  1496
1282  246
1282  713
1282  750
1282  1293
1283  866
1283  973
1283  1047
1283  1476
1283  1652
1284  153
1284  1324
1285  70
1285  1199
1286  123
1286  966
1286  1451
1287  742
1287  1665
1288  760
1288  1321
1289  715
1289  860
1290  1349
1291  1579
1292  1027
1292  1037
1293  725
1294  433
1294  856
1294  1458
1294  1499
1294  1586
1295  129
1295  1752
1296  902
1296  1189
1296  1298
1296  1560
1296  1776
1296  1894
1297  810
1297  1033
1297  1174
1297  1349
1297  1682
1298  1090
1299  906
1299  1643
1300  1461
1300  1498
1302  789
1302  1190
1303  717
1303  967
1303  1073
1303  1202
1305  762
1305  920
1306  1004
1307  1106
1308  109
1308  1553
1308  1890
1309  1627
1310  82
1310  1460
1310  1463
1311  1048
1311  1109
1311  1239
1312  1489
1313  780
1313  813
1313  1414
1313  1643
1315  1389
1316  1428
1319  22
1319  1904
1320  809
1320  842
1320  955
1321  999
1321  1876
1323  1547
1324  979
1324  1095
1324  1565
1324  1874
1325  1400
1325  1420
1327  937
1328  750
1329  1100
1330  862
1331  1666
1333  1171
1335  1391
1335  1429
1336  830
1337  1413
1337  1454
1338  1516
1339  1262
1340  831
1341  1272
1342  1279
1343  735
1343  1827
1343  1839
1348  1117
1351  1409
1352  895
1354  884
1354  1265
1354  1292
1354  1332
1355  1229
1355  1496
1356  1298
1357  41
1357  1115
1357  1429
1360  15
1360  1432
1360  1545
1361  888
1361  1075
1362  929
1362  1883
1364  3
1364  1248
1366  949
1366  1226
1366  1435
1368  1527
1368  1929
1370  1419
1371  316
1373  310
1373  952
1374  1406
1378  333
1378  1336
1378  1556
1378  1684
1379  501
1379  1705
1384  20
1384  359
1384  1099
1384  1221
1387  981
1389  24
1389  1426
1391  1694
1392  385
1393  1557
1396  375
1397  387
1398  1416
1398  1891
1402  376
1402  1488
1404  1514
1405  396
1407  25
1407  912
1407  1432
1411  1430
1413  916
1413  1209
1416  1367
1422  1810
1426  415
1427  408
1433  454
1435  1065
1437  1481
1438  423
1441  1483
1442  1080
1446  458
1455  1163
1456  1168
1457  448
1457  463
1459  1356
1462  1170
1465  1469
1466  470
1468  897
1468  1370
1471  1177
1474  523
1477  512
1477  1145
1478  1140
1481  1043
1481  1967
1485  1487
1493  1055
1495  526
1499  566
1500  545
1503  1040
1508  1120
1516  521
1518  808
1520  633
1524  614
1526  582
1526  1007
1528  671
1530  781
1531  1012
1538  681
1544  688
1546  533
1550  704
1552  685
1555  659
1555  679
1567  733
1572  742
1573  996
1578  710
1578  734
1586  771
1589  765
1595  745
1596  786
1620  957
1622  815
1626  807
1629  801
1635  949
1650  954
1784  1360
1798  1366
1869  1376
1895  1370
1942  1803
1956  1390
1956  1681
1956  1731
1958  346
1962  1726
1963  1409
1963  1708
1973  1430
1973  1515
1973  1636
1977  1513
1977  1714
1980  1562
1982  1477
1986  1601
1986  1633
1990  1540
1992  1439
1993  1423
1993  1495
1997  1395
2004  1402
2006  1506
2011  1370
2013  1336
2013  1355
2017  1345
2020  1337
2021  1327
2026  1382
2031  1335
2033  1353
2034  1362
2044  1223